openmpi-slave2|2903179580146|2903247761188|68181042|1585925157|00010554
openmpi-slave2|2903179580146|2903247761188|68181042|1585925157|00001824
openmpi-slave2|2903179580146|2903247761188|68181042|1585925157|00005816
openmpi-slave2|2903179580146|2903247761188|68181042|1585925157|00007256
openmpi-slave2|2903179580146|2903247761188|68181042|1585925157|00008293
openmpi-slave2|2903179580146|2903247761188|68181042|1585925157|00008275
openmpi-slave2|2903179580146|2903247761188|68181042|1585925157|00002765
openmpi-slave2|2903179580146|2903247761188|68181042|1585925157|00004629
openmpi-slave2|2903179580146|2903247761188|68181042|1585925157|00004082
openmpi-slave2|2903179580146|2903247761188|68181042|1585925157|00003628
openmpi-slave2|2903179580146|2903247761188|68181042|1585925157|00003951
openmpi-slave2|2903179580146|2903247761188|68181042|1585925157|00004227
openmpi-slave2|2903179580146|2903247761188|68181042|1585925157|00003157
openmpi-slave2|2903179580146|2903247761188|68181042|1585925157|00005173
openmpi-slave2|2903179580146|2903247761188|68181042|1585925157|00003072
openmpi-slave2|2903179580146|2903247761188|68181042|1585925157|00005332
openmpi-slave2|2903179580146|2903247761188|68181042|1585925157|00007640
openmpi-slave2|2903179580146|2903247761188|68181042|1585925157|00004759
openmpi-slave2|2903179580146|2903247761188|68181042|1585925157|00003635
openmpi-slave2|2903179580146|2903247761188|68181042|1585925157|00002717
openmpi-slave2|2903179580146|2903247761188|68181042|1585925157|00002405
openmpi-slave2|2903179580146|2903247761188|68181042|1585925157|00005277
openmpi-slave2|2903179580146|2903247761188|68181042|1585925157|00007155
openmpi-slave2|2903179580146|2903247761188|68181042|1585925157|00003088
openmpi-slave2|2903179580146|2903247761188|68181042|1585925157|00005078
openmpi-slave2|2903179580146|2903247761188|68181042|1585925157|00005190
openmpi-slave2|2903179580146|2903247761188|68181042|1585925157|00002029
openmpi-slave2|2903179580146|2903247761188|68181042|1585925157|00002633
openmpi-slave2|2903179580146|2903247761188|68181042|1585925157|00006192
openmpi-slave2|2903179580146|2903247761188|68181042|1585925157|00002182
openmpi-slave2|2903179580146|2903247761188|68181042|1585925157|00003544
openmpi-slave2|2903179580146|2903247761188|68181042|1585925157|00004764
openmpi-slave2|2903179580146|2903247761188|68181042|1585925157|00003005
openmpi-slave2|2903179580146|2903247761188|68181042|1585925157|00002775
openmpi-slave2|2903179580146|2903247761188|68181042|1585925157|00003537
openmpi-slave2|2903179580146|2903247761188|68181042|1585925157|00003282
openmpi-slave2|2903179580146|2903247761188|68181042|1585925157|00011383
openmpi-slave2|2903179580146|2903247761188|68181042|1585925157|00004242
openmpi-slave2|2903179580146|2903247761188|68181042|1585925157|00004138
openmpi-slave2|2903179580146|2903247761188|68181042|1585925157|00003631
openmpi-slave2|2903179580146|2903247761188|68181042|1585925157|00003787
openmpi-slave2|2903179580146|2903247761188|68181042|1585925157|00004800
openmpi-slave2|2903179580146|2903247761188|68181042|1585925157|00004577
openmpi-slave2|2903179580146|2903247761188|68181042|1585925157|00004969
openmpi-slave2|2903179580146|2903247761188|68181042|1585925157|00009938
openmpi-slave2|2903179580146|2903247761188|68181042|1585925157|00007798
openmpi-slave2|2903179580146|2903247761188|68181042|1585925157|00005406
openmpi-slave2|2903179580146|2903247761188|68181042|1585925157|00002861
openmpi-slave2|2903179580146|2903247761188|68181042|1585925157|00002454
openmpi-slave2|2903179580146|2903247761188|68181042|1585925157|00002497
openmpi-slave2|2903179580146|2903247761188|68181042|1585925157|00002150
openmpi-slave2|2903179580146|2903247761188|68181042|1585925157|00003556
openmpi-slave2|2903179580146|2903247761188|68181042|1585925157|00003109
openmpi-slave2|2903179580146|2903247761188|68181042|1585925157|00002417
openmpi-slave2|2903179580146|2903247761188|68181042|1585925157|00004486
openmpi-slave2|2903179580146|2903247761188|68181042|1585925157|00004282
openmpi-slave2|2903179580146|2903247761188|68181042|1585925157|00005291
openmpi-slave2|2903179580146|2903247761188|68181042|1585925157|00004044
openmpi-slave2|2903179580146|2903247761188|68181042|1585925157|00003714
openmpi-slave2|2903179580146|2903247761188|68181042|1585925157|00003913
openmpi-slave2|2903179580146|2903247761188|68181042|1585925157|00003879
openmpi-slave2|2903179580146|2903247761188|68181042|1585925157|00003551
openmpi-slave2|2903179580146|2903247761188|68181042|1585925157|00002994
openmpi-slave2|2903179580146|2903247761188|68181042|1585925157|00005288
openmpi-slave2|2903179580146|2903247761188|68181042|1585925157|00004226
openmpi-slave2|2903179580146|2903247761188|68181042|1585925157|00003087
openmpi-slave2|2903179580146|2903247761188|68181042|1585925157|00004145
openmpi-slave2|2903179580146|2903247761188|68181042|1585925157|00004707
openmpi-slave2|2903179580146|2903247761188|68181042|1585925157|00005681
openmpi-slave2|2903179580146|2903247761188|68181042|1585925157|00002955
openmpi-slave2|2903179580146|2903247761188|68181042|1585925157|00003677
openmpi-slave2|2903179580146|2903247761188|68181042|1585925157|00003500
openmpi-slave2|2903179580146|2903247761188|68181042|1585925157|00007435
openmpi-slave2|2903179580146|2903247761188|68181042|1585925157|00004744
openmpi-slave2|2903179580146|2903247761188|68181042|1585925157|00005954
openmpi-slave2|2903179580146|2903247761188|68181042|1585925157|00004165
openmpi-slave2|2903179580146|2903247761188|68181042|1585925157|00012739
openmpi-slave2|2903179580146|2903247761188|68181042|1585925157|00004431
openmpi-slave2|2903179580146|2903247761188|68181042|1585925157|00003227
openmpi-slave2|2903179580146|2903247761188|68181042|1585925157|00007575
openmpi-slave2|2903179580146|2903247761188|68181042|1585925157|00006744
openmpi-slave2|2903179580146|2903247761188|68181042|1585925157|00008149
openmpi-slave2|2903179580146|2903247761188|68181042|1585925157|00004015
openmpi-slave2|2903179580146|2903247761188|68181042|1585925157|00004664
openmpi-slave2|2903179580146|2903247761188|68181042|1585925157|00003903
openmpi-slave2|2903179580146|2903247761188|68181042|1585925157|00006890
openmpi-slave2|2903179580146|2903247761188|68181042|1585925157|00001885
openmpi-slave2|2903179580146|2903247761188|68181042|1585925157|00006015
openmpi-slave2|2903179580146|2903247761188|68181042|1585925157|00007393
openmpi-slave2|2903179580146|2903247761188|68181042|1585925157|00009114
openmpi-slave2|2903179580146|2903247761188|68181042|1585925157|00006695
openmpi-slave2|2903179580146|2903247761188|68181042|1585925157|00004002
openmpi-slave2|2903179580146|2903247761188|68181042|1585925157|00004847
openmpi-slave2|2903179580146|2903247761188|68181042|1585925157|00007111
openmpi-slave2|2903179580146|2903247761188|68181042|1585925157|00003830
openmpi-slave2|2903179580146|2903247761188|68181042|1585925157|00011883
openmpi-slave2|2903179580146|2903247761188|68181042|1585925157|00009896
openmpi-slave2|2903179580146|2903247761188|68181042|1585925157|00002406
openmpi-slave2|2903179580146|2903247761188|68181042|1585925157|00004734
openmpi-slave2|2903179580146|2903247761188|68181042|1585925157|00011796
