1585582824-0000-000|1576762739152476|1576762826156748|87004272|1585582824|00319715
1585582824-0000-000|1576763838288561|1576763920682211|82393650|1585582825|00092306
1585582824-0000-000|1576764955831237|1576765061674468|105843231|1585582826|00153691
1585582824-0000-000|1576766081304584|1576766146313537|65008953|1585582827|00079792
1585582824-0000-000|1576767161117934|1576767233820976|72703042|1585582828|00092155
1585582824-0000-000|1576768253456623|1576768349676891|96220268|1585582830|00101645
1585582824-0000-000|1576769355502204|1576769454645208|99143004|1585582831|00105754
1585582824-0000-000|1576770464637313|1576770564848239|100210926|1585582832|00108874
1585582824-0000-000|1576771618488598|1576771687103319|68614721|1585582833|00131561
1585582824-0000-000|1576772711721719|1576772787629956|75908237|1585582834|00098802
1585582824-0000-000|1576773812837825|1576773896776640|83938815|1585582835|00101061
1585582824-0000-000|1576774902082907|1576775005399393|103316486|1585582836|00114963
1585582824-0000-000|1576776017038396|1576776096619437|79581041|1585582837|00084584
1585582824-0000-000|1576777103176656|1576777233586140|130409484|1585582838|00147018
1585582824-0000-000|1576778248961874|1576778326278589|77316715|1585582840|00087831
1585582824-0000-000|1576779340533066|1576779432816511|92283445|1585582841|00101002
1585582824-0000-000|1576780451003089|1576780563153829|112150740|1585582842|00130618
1585582824-0000-000|1576781568596153|1576781646774080|78177927|1585582843|00091833
1585582824-0000-000|1576782660311582|1576782717167622|56856040|1585582844|00061200
1585582824-0000-000|1576783722067137|1576783772606518|50539381|1585582845|00055186
1585582824-0000-000|1576784777713603|1576784839210606|61497003|1585582846|00071090
1585582824-0000-000|1576785848534997|1576785923165589|74630592|1585582847|00083904
1585582824-0000-000|1576786932530863|1576787015517169|82986306|1585582848|00087412
1585582824-0000-000|1576788031827613|1576788111868282|80040669|1585582849|00099197
1585582824-0000-000|1576789140926503|1576789221301867|80375364|1585582850|00107175
1585582824-0000-000|1576790231245393|1576790317829708|86584315|1585582852|00095938
1585582824-0000-000|1576791332402051|1576791416237330|83835279|1585582853|00098334
1585582824-0000-000|1576792432372779|1576792508330608|75957829|1585582854|00092223
1585582824-0000-000|1576793517915411|1576793605812097|87896686|1585582855|00096675
1585582824-0000-000|1576794611803233|1576794704609384|92806151|1585582856|00101894
1585582824-0000-000|1576795712895281|1576795808961685|96066404|1585582857|00102969
1585582824-0000-000|1576796824407757|1576796899340033|74932276|1585582858|00094282
1585582824-0000-000|1576797910984346|1576797997804049|86819703|1585582859|00094222
1585582824-0000-000|1576799009396375|1576799094469534|85073159|1585582860|00098628
1585582824-0000-000|1576800112209417|1576800210470928|98261511|1585582861|00114768
1585582824-0000-000|1576801219621134|1576801311661532|92040398|1585582863|00099017
1585582824-0000-000|1576802319382524|1576802439872954|120490430|1585582864|00127998
1585582824-0000-000|1576803447570476|1576803538857834|91287358|1585582865|00099975
1585582824-0000-000|1576804547551633|1576804630902735|83351102|1585582866|00093947
1585582824-0000-000|1576805643769005|1576805765404468|121635463|1585582867|00132149
1585582824-0000-000|1576806774788427|1576806868896061|94107634|1585582868|00101414
1585582824-0000-000|1576807882847102|1576807976224668|93377566|1585582869|00107286
1585582824-0000-000|1576808992857613|1576809073956075|81098462|1585582870|00097533
1585582824-0000-000|1576810082778950|1576810166074567|83295617|1585582871|00093272
1585582824-0000-000|1576811175303037|1576811274187865|98884828|1585582872|00106904
1585582824-0000-000|1576812282884130|1576812366816249|83932119|1585582874|00095472
1585582824-0000-000|1576813379751396|1576813467216532|87465136|1585582875|00101564
1585582824-0000-000|1576814480375711|1576814559984020|79608309|1585582876|00088479
1585582824-0000-000|1576815570572912|1576815653836947|83264035|1585582877|00093146
1585582824-0000-000|1576816658943284|1576816741565694|82622410|1585582878|00088734
1585582824-0000-000|1576817749500102|1576817832794769|83294667|1585582879|00092293
1585582824-0000-000|1576818848717400|1576818923978259|75260859|1585582880|00094224
1585582824-0000-000|1576819942816747|1576820025815184|82998437|1585582881|00096161
1585582824-0000-000|1576821038952751|1576821120935700|81982949|1585582882|00096140
1585582824-0000-000|1576822134836548|1576822218166000|83329452|1585582883|00095928
1585582824-0000-000|1576823235027075|1576823315516490|80489415|1585582885|00100611
1585582824-0000-000|1576824326743233|1576824420838172|94094939|1585582886|00103456
1585582824-0000-000|1576825435211612|1576825514286835|79075223|1585582887|00097279
1585582824-0000-000|1576826526080836|1576826628516575|102435739|1585582888|00111871
1585582824-0000-000|1576827636992703|1576827733321030|96328327|1585582889|00101433
1585582824-0000-000|1576828738708979|1576828847972447|109263468|1585582890|00122576
1585582824-0000-000|1576829862151719|1576829993337030|131185311|1585582891|00137249
1585582824-0000-000|1576830999083817|1576831093337812|94253995|1585582892|00099674
1585582824-0000-000|1576832098804464|1576832182474340|83669876|1585582893|00094210
1585582824-0000-000|1576833201357128|1576833292828036|91470908|1585582895|00105316
1585582824-0000-000|1576834304681568|1576834410951831|106270263|1585582896|00118467
1585582824-0000-000|1576835421478806|1576835529068250|107589444|1585582897|00120827
1585582824-0000-000|1576836548268815|1576836626612216|78343401|1585582898|00102720
1585582824-0000-000|1576837648252698|1576837734881969|86629271|1585582899|00104153
1585582824-0000-000|1576838754728729|1576838865809849|111081120|1585582900|00127570
1585582824-0000-000|1576839881419198|1576839966207678|84788480|1585582901|00103911
1585582824-0000-000|1576840977183073|1576841064317209|87134136|1585582902|00095855
1585582824-0000-000|1576842077518512|1576842168382504|90863992|1585582903|00100294
1585582824-0000-000|1576843172996618|1576843273749098|100752480|1585582904|00111274
1585582824-0000-000|1576844288727611|1576844381831068|93103457|1585582906|00102065
1585582824-0000-000|1576845393138656|1576845479060040|85921384|1585582907|00109642
1585582824-0000-000|1576846500890051|1576846631029310|130139259|1585582908|00143953
1585582824-0000-000|1576847641140770|1576847726951290|85810520|1585582909|00103794
1585582824-0000-000|1576848763622024|1576848872937861|109315837|1585582910|00139865
1585582824-0000-000|1576849885653364|1576849968175363|82521999|1585582911|00091793
1585582824-0000-000|1576850978301315|1576851069976369|91675054|1585582912|00103805
1585582824-0000-000|1576852081083632|1576852151458147|70374515|1585582913|00079944
1585582824-0000-000|1576853165826745|1576853249007796|83181051|1585582914|00103817
1585582824-0000-000|1576854304144182|1576854406897879|102753697|1585582916|00160240
1585582824-0000-000|1576855427458121|1576855551282151|123824030|1585582917|00139481
1585582824-0000-000|1576856565600863|1576856659164997|93564134|1585582918|00103867
1585582824-0000-000|1576857668901738|1576857743834212|74932474|1585582919|00087805
1585582824-0000-000|1576858763533931|1576858862340543|98806612|1585582920|00115819
1585582824-0000-000|1576859886789233|1576860015645733|128856500|1585582921|00159971
1585582824-0000-000|1576861035106345|1576861137244967|102138622|1585582922|00109390
1585582824-0000-000|1576862143704473|1576862237432505|93728032|1585582923|00102210
1585582824-0000-000|1576863280616850|1576863391343501|110726651|1585582925|00163832
1585582824-0000-000|1576864409186119|1576864499367098|90180979|1585582926|00107879
1585582824-0000-000|1576865517245832|1576865587423420|70177588|1585582927|00083672
1585582824-0000-000|1576866604616157|1576866679374557|74758400|1585582928|00088266
1585582824-0000-000|1576867723003178|1576867799788605|76785427|1585582929|00127625
1585582824-0000-000|1576868817088870|1576868902117320|85028450|1585582930|00103791
1585582824-0000-000|1576869920991090|1576870012144847|91153757|1585582931|00096205
1585582824-0000-000|1576871017440851|1576871091651789|74210938|1585582932|00087428
1585582824-0000-000|1576872105002280|1576872210310068|105307788|1585582933|00115677
