1585584299-0055-000|1578238340711976|1578238421689302|80977326|1585584300|00608674
1585584299-0055-000|1578241646947926|1578241801530115|154582189|1585584303|02372943
1585584299-0055-000|1578244914924433|1578245074536996|159612563|1585584306|02278303
1585584299-0055-000|1578248044424644|1578248182183528|137758884|1585584309|02107514
1585584299-0055-000|1578251051726652|1578251200887927|149161275|1585584312|02014736
1585584299-0055-000|1578254030740222|1578254176431175|145690953|1585584315|01973304
1585584299-0055-000|1578256931711702|1578257085459349|153747647|1585584318|01908206
1585584299-0055-000|1578259947755385|1578260097509394|149754009|1585584321|02010637
1585584299-0055-000|1578262840521453|1578262963348651|122827198|1585584324|01880929
1585584299-0055-000|1578265883702980|1578266026546015|142843035|1585584327|02055776
1585584299-0055-000|1578268871584045|1578269048908858|177324813|1585584330|02019932
1585584299-0055-000|1578271861583986|1578272053354100|191770114|1585584333|02001397
1585584299-0055-000|1578275040970511|1578275177826987|136856476|1585584336|02134333
1585584299-0055-000|1578277958729159|1578278125752811|167023652|1585584339|01940405
1585584299-0055-000|1578281005630871|1578281138830091|133199220|1585584342|02019077
1585584299-0055-000|1578283903416167|1578284072289806|168873639|1585584345|01920455
1585584299-0055-000|1578286843027540|1578286992555566|149528026|1585584348|01923227
1585584299-0055-000|1578289729271423|1578289866871643|137600220|1585584351|01875887
1585584299-0055-000|1578292666948504|1578292824071798|157123294|1585584354|01952244
1585584299-0055-000|1578295753724108|1578295935366340|181642232|1585584357|02131499
1585584299-0055-000|1578298735694406|1578298883424561|147730155|1585584360|01943841
1585584299-0055-000|1578302300394334|1578302450469668|150075334|1585584364|02557616
1585584299-0055-000|1578305679686330|1578305827453277|147766947|1585584367|02369749
1585584299-0055-000|1578308934746794|1578309093176549|158429755|1585584370|02267966
1585584299-0055-000|1578311954451140|1578312099056046|144604906|1585584373|02015913
1585584299-0055-000|1578314862570817|1578315003992139|141421322|1585584376|01908066
1585584299-0055-000|1578317709311258|1578317834921409|125610151|1585584379|01823806
1585584299-0055-000|1578320627559522|1578320771743955|144184433|1585584382|01935667
1585584299-0055-000|1578323495451395|1578323630453654|135002259|1585584385|01859688
1585584299-0055-000|1578326498112134|1578326644169900|146057766|1585584388|02005131
1585584299-0055-000|1578329371217985|1578329517218773|146000788|1585584391|01883333
1585584299-0055-000|1578332287136448|1578332442080570|154944122|1585584394|01914081
1585584299-0055-000|1578335315972231|1578335473050374|157078143|1585584397|02032982
1585584299-0055-000|1578338475024867|1578338636279970|161255103|1585584400|02160369
1585584299-0055-000|1578341450568596|1578341598054625|147486029|1585584403|01971284
1585584299-0055-000|1578344395912717|1578344552143096|156230379|1585584406|01944256
1585584299-0055-000|1578347369827205|1578347511315176|141487971|1585584409|01966171
1585584299-0055-000|1578350260557059|1578350416227759|155670700|1585584412|01897537
1585584299-0055-000|1578353200283507|1578353337854674|137571167|1585584415|01924279
1585584299-0055-000|1578356108403183|1578356231727036|123323853|1585584417|01906775
1585584299-0055-000|1578359131330821|1578359276446794|145115973|1585584420|02030153
1585584299-0055-000|1578362432663441|1578362563977499|131314058|1585584424|02301897
1585584299-0055-000|1578365401832257|1578365535740296|133908039|1585584427|01971798
1585584299-0055-000|1578368342578460|1578368485369301|142790841|1585584430|01943572
1585584299-0055-000|1578371246346665|1578371382996888|136650223|1585584433|01903861
1585584299-0055-000|1578374126954943|1578374278237312|151282369|1585584435|01885981
1585584299-0055-000|1578377122450751|1578377276264067|153813316|1585584438|01994645
1585584299-0055-000|1578380086791086|1578380227041288|140250202|1585584441|01966811
1585584299-0055-000|1578383015658421|1578383171545457|155887036|1585584444|01923797
1585584299-0055-000|1578385930571208|1578386102232689|171661481|1585584447|01935102
1585584299-0055-000|1578388833215390|1578388986252252|153036862|1585584450|01880489
1585584299-0055-000|1578391733089639|1578391906326734|173237095|1585584453|01918469
1585584299-0055-000|1578394723816680|1578394873303032|149486352|1585584456|01973562
1585584299-0055-000|1578397843530956|1578397996167411|152636455|1585584459|02116044
1585584299-0055-000|1578400786506946|1578400960625814|174118868|1585584462|01967357
1585584299-0055-000|1578403735633997|1578403888522305|152888308|1585584465|01924740
1585584299-0055-000|1578406723726171|1578406875335982|151609811|1585584468|01994825
1585584299-0055-000|1578409595107534|1578409731367708|136260174|1585584471|01863853
1585584299-0055-000|1578412610433718|1578412737648411|127214693|1585584474|01997918
1585584299-0055-000|1578415492402315|1578415634151335|141749020|1585584477|01893669
1585584299-0055-000|1578418380232519|1578418507412589|127180070|1585584480|01883923
1585584299-0055-000|1578421513995168|1578421711631405|197636237|1585584483|02200945
1585584299-0055-000|1578424732901884|1578424886239622|153337738|1585584486|02170650
1585584299-0055-000|1578427622604641|1578427764908306|142303665|1585584489|01871884
1585584299-0055-000|1578430546889945|1578430700336861|153446916|1585584492|01933178
1585584299-0055-000|1578433463098473|1578433606316998|143218525|1585584495|01913364
1585584299-0055-000|1578436402197157|1578436541338483|139141326|1585584498|01934000
1585584299-0055-000|1578439190072944|1578439327470621|137397677|1585584501|01783607
1585584299-0055-000|1578442071389564|1578442213987990|142598426|1585584503|01898278
1585584299-0055-000|1578444899123965|1578445048840664|149716699|1585584506|01820507
1585584299-0055-000|1578447794257661|1578447935410105|141152444|1585584509|01895889
1585584299-0055-000|1578450690821590|1578450834105054|143283464|1585584512|01899837
1585584299-0055-000|1578453645445879|1578453780177315|134731436|1585584515|01933834
1585584299-0055-000|1578456559639763|1578456739832713|180192950|1585584518|01965942
1585584299-0055-000|1578459537563356|1578459682491997|144928641|1585584521|01947720
1585584299-0055-000|1578462400638294|1578462537417885|136779591|1585584524|01847662
1585584299-0055-000|1578465238284981|1578465384918551|146633570|1585584527|01848061
1585584299-0055-000|1578468138721286|1578468290511198|151789912|1585584530|01903734
1585584299-0055-000|1578471126922325|1578471279486864|152564539|1585584533|01999729
1585584299-0055-000|1578474210833539|1578474354295938|143462399|1585584536|02060612
1585584299-0055-000|1578477279559138|1578477411264040|131704902|1585584539|02075216
1585584299-0055-000|1578480326293926|1578480544281542|217987616|1585584542|02112472
1585584299-0055-000|1578483865012888|1578484005259985|140247097|1585584545|02463146
1585584299-0055-000|1578486841307593|1578486982320190|141012597|1585584548|01979854
1585584299-0055-000|1578489837116119|1578489977381370|140265251|1585584551|01999744
1585584299-0055-000|1578492690161583|1578492827659649|137498066|1585584554|01855874
1585584299-0055-000|1578495580224258|1578495725067535|144843277|1585584557|01887978
1585584299-0055-000|1578498478449545|1578498617927201|139477656|1585584560|01895658
1585584299-0055-000|1578501331759804|1578501477200753|145440949|1585584563|01855894
1585584299-0055-000|1578504251071935|1578504408340136|157268201|1585584566|01927747
1585584299-0055-000|1578507210554504|1578507351329483|140774979|1585584569|01951923
1585584299-0055-000|1578510162484864|1578510306245770|143760906|1585584572|01951859
1585584299-0055-000|1578513103459057|1578513256367767|152908710|1585584574|01943801
1585584299-0055-000|1578516011730246|1578516151071221|139340975|1585584577|01901845
1585584299-0055-000|1578518988127483|1578519134307878|146180395|1585584580|01989769
1585584299-0055-000|1578521827373933|1578521967845318|140471385|1585584583|01831897
1585584299-0055-000|1578524734592717|1578524878363160|143770443|1585584586|01900907
1585584299-0055-000|1578527614106532|1578527768495937|154389405|1585584589|01883271
1585584299-0055-000|1578530479242337|1578530615003222|135760885|1585584592|01851297
1585584299-0055-000|1578533370467286|1578533499626523|129159237|1585584595|01895869
