1585584299-0074-000|1578239940489771|1578240133901190|193411419|1585584301|02277041
1585584299-0074-000|1578243477558628|1578243611251045|133692417|1585584305|02476252
1585584299-0074-000|1578246595928111|1578246762959979|167031868|1585584308|02151825
1585584299-0074-000|1578249634569779|1578249779672757|145102978|1585584311|02017905
1585584299-0074-000|1578252574596775|1578252780527550|205930775|1585584314|01985381
1585584299-0074-000|1578255519740505|1578255672812195|153071690|1585584317|01894145
1585584299-0074-000|1578258539707924|1578258685558946|145851022|1585584320|02015844
1585584299-0074-000|1578261518398326|1578261655138771|136740445|1585584323|01975805
1585584299-0074-000|1578264508365437|1578264657648164|149282727|1585584326|01989849
1585584299-0074-000|1578267531122631|1578267662849380|131726749|1585584329|02019912
1585584299-0074-000|1578270501044693|1578270640903472|139858779|1585584332|01969938
1585584299-0074-000|1578273591617282|1578273759957350|168340068|1585584335|02127844
1585584299-0074-000|1578276638561168|1578276778605098|140043930|1585584338|02019788
1585584299-0074-000|1578279622801664|1578279811854413|189052749|1585584341|02031924
1585584299-0074-000|1578282574722880|1578282727419471|152696591|1585584344|01903506
1585584299-0074-000|1578285539135202|1578285702587966|163452764|1585584347|01972909
1585584299-0074-000|1578288407737708|1578288557281741|149544033|1585584350|01856003
1585584299-0074-000|1578291295326335|1578291456813533|161487198|1585584353|01895772
1585584299-0074-000|1578294345380441|1578294501302050|155921609|1585584356|02046093
1585584299-0074-000|1578297347336212|1578297486472831|139136619|1585584359|02000157
1585584299-0074-000|1578300459909741|1578300653679078|193769337|1585584362|02152352
1585584299-0074-000|1578304110310717|1578304255451066|145140349|1585584365|02611867
1585584299-0074-000|1578307294840397|1578307449411987|154571590|1585584369|02191981
1585584299-0074-000|1578310487743423|1578310619929509|132186086|1585584372|02183607
1585584299-0074-000|1578313483963317|1578313630208865|146245548|1585584375|02002128
1585584299-0074-000|1578316407937184|1578316553262576|145325392|1585584378|01913538
1585584299-0074-000|1578319354026672|1578319497433007|143406335|1585584381|01940378
1585584299-0074-000|1578322211348943|1578322372651486|161302543|1585584384|01877026
1585584299-0074-000|1578325146173017|1578325293926139|147753122|1585584387|01927333
1585584299-0074-000|1578328064464560|1578328199073284|134608724|1585584389|01906704
1585584299-0074-000|1578330976677635|1578331106898064|130220429|1585584392|01903872
1585584299-0074-000|1578333946077048|1578334086604579|140527531|1585584395|01982603
1585584299-0074-000|1578337030307227|1578337204391805|174084578|1585584398|02105681
1585584299-0074-000|1578340108563178|1578340249239946|140676768|1585584401|02044808
1585584299-0074-000|1578343011736434|1578343170710643|158974209|1585584404|01926250
1585584299-0074-000|1578345992447294|1578346115941156|123493862|1585584407|01960082
1585584299-0074-000|1578348903396232|1578349048862468|145466236|1585584410|01919453
1585584299-0074-000|1578351829075204|1578351967228514|138153310|1585584413|01919842
1585584299-0074-000|1578354743357546|1578354889641448|146283902|1585584416|01927833
1585584299-0074-000|1578357770049677|1578357914836183|144786506|1585584419|02019813
1585584299-0074-000|1578360926387653|1578361082726731|156339078|1585584422|02175994
1585584299-0074-000|1578364114307989|1578364260499178|146191189|1585584425|02160832
1585584299-0074-000|1578367058625628|1578367212425664|153800036|1585584428|01951288
1585584299-0074-000|1578369982628098|1578370123738007|141109909|1585584431|01927368
1585584299-0074-000|1578372845442273|1578372989513684|144071411|1585584434|01851744
1585584299-0074-000|1578375832440258|1578375978138710|145698452|1585584437|01999847
1585584299-0074-000|1578378746334588|1578378886970348|140635760|1585584440|01903842
1585584299-0074-000|1578381710744951|1578381843386167|132641216|1585584443|01963872
1585584299-0074-000|1578384638359860|1578384777591510|139231650|1585584446|01919455
1585584299-0074-000|1578387550637845|1578387699602049|148964204|1585584449|01921991
1585584299-0074-000|1578390423274769|1578390568286507|145011738|1585584452|01866551
1585584299-0074-000|1578393334214461|1578393467973770|133759309|1585584455|01918057
1585584299-0074-000|1578396418478819|1578396558506359|140027540|1585584458|02081686
1585584299-0074-000|1578399361238461|1578399505613753|144375292|1585584461|01944379
1585584299-0074-000|1578402300726144|1578402450035403|149309259|1585584464|01940501
1585584299-0074-000|1578405254630462|1578405387979606|133349144|1585584467|01960617
1585584299-0074-000|1578408191641283|1578408340130217|148488934|1585584470|01927725
1585584299-0074-000|1578411063358000|1578411209007212|145649212|1585584472|01869404
1585584299-0074-000|1578414067991973|1578414196849529|128857556|1585584475|01996787
1585584299-0074-000|1578416906459190|1578417065017166|158557976|1585584478|01858845
1585584299-0074-000|1578419884387455|1578420061139946|176752491|1585584481|01996085
1585584299-0074-000|1578423186683940|1578423333092150|146408210|1585584485|02269172
1585584299-0074-000|1578426171677436|1578426317162557|145485121|1585584488|01990392
1585584299-0074-000|1578429078955383|1578429230655299|151699916|1585584490|01911893
1585584299-0074-000|1578431982326690|1578432129678976|147352286|1585584493|01903287
1585584299-0074-000|1578434944641922|1578435071832426|127190504|1585584496|01945703
1585584299-0074-000|1578437783408187|1578437929679963|146271776|1585584499|01847353
1585584299-0074-000|1578440647549651|1578440794394580|146844929|1585584502|01867046
1585584299-0074-000|1578443500442908|1578443644907194|144464286|1585584505|01844902
1585584299-0074-000|1578446343054928|1578446504071757|161016829|1585584508|01859274
1585584299-0074-000|1578449207101545|1578449347323038|140221493|1585584511|01855341
1585584299-0074-000|1578452099583338|1578452241574673|141991335|1585584513|01887782
1585584299-0074-000|1578454991900543|1578455127696819|135796276|1585584516|01899995
1585584299-0074-000|1578457987028788|1578458133932853|146904065|1585584519|01999777
1585584299-0074-000|1578460878095350|1578461015326003|137230653|1585584522|01884015
1585584299-0074-000|1578463721055284|1578463857129591|136074307|1585584525|01826094
1585584299-0074-000|1578466595600218|1578466738459572|142859354|1585584528|01881339
1585584299-0074-000|1578469474164009|1578469628097332|153933323|1585584531|01888516
1585584299-0074-000|1578472529893713|1578472666777001|136883288|1585584534|02047335
1585584299-0074-000|1578475586837817|1578475732962471|146124654|1585584537|02063896
1585584299-0074-000|1578478542668786|1578478686609126|143940340|1585584540|01952990
1585584299-0074-000|1578481949792431|1578482111835263|162042832|1585584543|02423015
1585584299-0074-000|1578485144781979|1578485289665718|144883739|1585584547|02175745
1585584299-0074-000|1578488142873530|1578488286605159|143731629|1585584550|02011671
1585584299-0074-000|1578491047216026|1578491186857598|139641572|1585584552|01895823
1585584299-0074-000|1578493916476103|1578494059051648|142575545|1585584555|01875980
1585584299-0074-000|1578496799906032|1578496942817428|142911396|1585584558|01879646
1585584299-0074-000|1578499686061161|1578499815429781|129368620|1585584561|01876044
1585584299-0074-000|1578502591687211|1578502744259793|152572582|1585584564|01912120
1585584299-0074-000|1578505563892164|1578505703528420|139636256|1585584567|01974883
1585584299-0074-000|1578508542539688|1578508681845412|139305724|1585584570|01968308
1585584299-0074-000|1578511468949416|1578511606233151|137283735|1585584573|01924741
1585584299-0074-000|1578514362065888|1578514506963035|144897147|1585584576|01910966
1585584299-0074-000|1578517347092284|1578517505208468|158116184|1585584579|01983825
1585584299-0074-000|1578520257984943|1578520399737042|141752099|1585584582|01893200
1585584299-0074-000|1578523084736435|1578523222310017|137573582|1585584584|01822668
1585584299-0074-000|1578526020948797|1578526150653155|129704358|1585584587|01932821
1585584299-0074-000|1578528879123689|1578529031323533|152199844|1585584590|01882801
1585584299-0074-000|1578531775467010|1578531925855248|150388238|1585584593|01887749
1585584299-0074-000|1578534674251936|1578534803476481|129224545|1585584596|01887896
