openmpi-slave4|2873741665439|2873864728834|123063395|1585925128|00009641
openmpi-slave4|2873741665439|2873864728834|123063395|1585925128|00001512
openmpi-slave4|2873741665439|2873864728834|123063395|1585925128|00001221
openmpi-slave4|2873741665439|2873864728834|123063395|1585925128|00004928
openmpi-slave4|2873741665439|2873864728834|123063395|1585925128|00002664
openmpi-slave4|2873741665439|2873864728834|123063395|1585925128|00001646
openmpi-slave4|2873741665439|2873864728834|123063395|1585925128|00003177
openmpi-slave4|2873741665439|2873864728834|123063395|1585925128|00005025
openmpi-slave4|2873741665439|2873864728834|123063395|1585925128|00007081
openmpi-slave4|2873741665439|2873864728834|123063395|1585925128|00001389
openmpi-slave4|2873741665439|2873864728834|123063395|1585925128|00006437
openmpi-slave4|2873741665439|2873864728834|123063395|1585925128|00001493
openmpi-slave4|2873741665439|2873864728834|123063395|1585925128|00006710
openmpi-slave4|2873741665439|2873864728834|123063395|1585925128|00001643
openmpi-slave4|2873741665439|2873864728834|123063395|1585925128|00001475
openmpi-slave4|2873741665439|2873864728834|123063395|1585925128|00004395
openmpi-slave4|2873741665439|2873864728834|123063395|1585925128|00001195
openmpi-slave4|2873741665439|2873864728834|123063395|1585925128|00009274
openmpi-slave4|2873741665439|2873864728834|123063395|1585925128|00001459
openmpi-slave4|2873741665439|2873864728834|123063395|1585925128|00003844
openmpi-slave4|2873741665439|2873864728834|123063395|1585925128|00001942
openmpi-slave4|2873741665439|2873864728834|123063395|1585925128|00001513
openmpi-slave4|2873741665439|2873864728834|123063395|1585925128|00005847
openmpi-slave4|2873741665439|2873864728834|123063395|1585925128|00001813
openmpi-slave4|2873741665439|2873864728834|123063395|1585925128|00004195
openmpi-slave4|2873741665439|2873864728834|123063395|1585925128|00004716
openmpi-slave4|2873741665439|2873864728834|123063395|1585925128|00002974
openmpi-slave4|2873741665439|2873864728834|123063395|1585925128|00004538
openmpi-slave4|2873741665439|2873864728834|123063395|1585925128|00001929
openmpi-slave4|2873741665439|2873864728834|123063395|1585925128|00005532
openmpi-slave4|2873741665439|2873864728834|123063395|1585925128|00002871
openmpi-slave4|2873741665439|2873864728834|123063395|1585925128|00001496
openmpi-slave4|2873741665439|2873864728834|123063395|1585925128|00001389
openmpi-slave4|2873741665439|2873864728834|123063395|1585925128|00001638
openmpi-slave4|2873741665439|2873864728834|123063395|1585925128|00003952
openmpi-slave4|2873741665439|2873864728834|123063395|1585925128|00002886
openmpi-slave4|2873741665439|2873864728834|123063395|1585925128|00004984
openmpi-slave4|2873741665439|2873864728834|123063395|1585925128|00002036
openmpi-slave4|2873741665439|2873864728834|123063395|1585925128|00005913
openmpi-slave4|2884959865822|2885074951726|115085904|1585925139|00003821
openmpi-slave4|2884959865822|2885074951726|115085904|1585925139|00001745
openmpi-slave4|2884959865822|2885074951726|115085904|1585925139|00001618
openmpi-slave4|2884959865822|2885074951726|115085904|1585925139|00002723
openmpi-slave4|2884959865822|2885074951726|115085904|1585925139|00002855
openmpi-slave4|2884959865822|2885074951726|115085904|1585925139|00001929
openmpi-slave4|2884959865822|2885074951726|115085904|1585925139|00001557
openmpi-slave4|2884959865822|2885074951726|115085904|1585925139|00001741
openmpi-slave4|2884959865822|2885074951726|115085904|1585925139|00001772
openmpi-slave4|2884959865822|2885074951726|115085904|1585925139|00001502
openmpi-slave4|2884959865822|2885074951726|115085904|1585925139|00001435
openmpi-slave4|2884959865822|2885074951726|115085904|1585925139|00003213
openmpi-slave4|2884959865822|2885074951726|115085904|1585925139|00001608
openmpi-slave4|2884959865822|2885074951726|115085904|1585925139|00001865
openmpi-slave4|2884959865822|2885074951726|115085904|1585925139|00003798
openmpi-slave4|2884959865822|2885074951726|115085904|1585925139|00002150
openmpi-slave4|2884959865822|2885074951726|115085904|1585925139|00002045
openmpi-slave4|2884959865822|2885074951726|115085904|1585925139|00001910
openmpi-slave4|2884959865822|2885074951726|115085904|1585925139|00003595
openmpi-slave4|2884959865822|2885074951726|115085904|1585925139|00002147
openmpi-slave4|2884959865822|2885074951726|115085904|1585925139|00002308
openmpi-slave4|2884959865822|2885074951726|115085904|1585925139|00003536
openmpi-slave4|2884959865822|2885074951726|115085904|1585925139|00002012
openmpi-slave4|2884959865822|2885074951726|115085904|1585925139|00002593
openmpi-slave4|2884959865822|2885074951726|115085904|1585925139|00001548
openmpi-slave4|2884959865822|2885074951726|115085904|1585925139|00001555
openmpi-slave4|2884959865822|2885074951726|115085904|1585925139|00002163
openmpi-slave4|2884959865822|2885074951726|115085904|1585925139|00001627
openmpi-slave4|2884959865822|2885074951726|115085904|1585925139|00002098
openmpi-slave4|2884959865822|2885074951726|115085904|1585925139|00002503
openmpi-slave4|2884959865822|2885074951726|115085904|1585925139|00002161
openmpi-slave4|2884959865822|2885074951726|115085904|1585925139|00001979
openmpi-slave4|2884959865822|2885074951726|115085904|1585925139|00002221
openmpi-slave4|2884959865822|2885074951726|115085904|1585925139|00003842
openmpi-slave4|2884959865822|2885074951726|115085904|1585925139|00001905
openmpi-slave4|2884959865822|2885074951726|115085904|1585925139|00001466
openmpi-slave4|2884959865822|2885074951726|115085904|1585925139|00002530
openmpi-slave4|2884959865822|2885074951726|115085904|1585925139|00002397
openmpi-slave4|2884959865822|2885074951726|115085904|1585925139|00009559
openmpi-slave4|2884959865822|2885074951726|115085904|1585925139|00001739
openmpi-slave4|2884959865822|2885074951726|115085904|1585925139|00002149
openmpi-slave4|2884959865822|2885074951726|115085904|1585925139|00001863
openmpi-slave4|2884959865822|2885074951726|115085904|1585925139|00003216
openmpi-slave4|2884959865822|2885074951726|115085904|1585925139|00002580
openmpi-slave4|2884959865822|2885074951726|115085904|1585925139|00001580
openmpi-slave4|2884959865822|2885074951726|115085904|1585925139|00001679
openmpi-slave4|2884959865822|2885074951726|115085904|1585925139|00002753
openmpi-slave4|2884959865822|2885074951726|115085904|1585925139|00001899
openmpi-slave4|2884959865822|2885074951726|115085904|1585925139|00001411
openmpi-slave4|2884959865822|2885074951726|115085904|1585925139|00001131
openmpi-slave4|2884959865822|2885074951726|115085904|1585925139|00001754
openmpi-slave4|2884959865822|2885074951726|115085904|1585925139|00001846
openmpi-slave4|2884959865822|2885074951726|115085904|1585925139|00008885
openmpi-slave4|2884959865822|2885074951726|115085904|1585925139|00001624
openmpi-slave4|2884959865822|2885074951726|115085904|1585925139|00002536
openmpi-slave4|2884959865822|2885074951726|115085904|1585925139|00002672
openmpi-slave4|2884959865822|2885074951726|115085904|1585925139|00018128
openmpi-slave4|2884959865822|2885074951726|115085904|1585925139|00001470
openmpi-slave4|2884959865822|2885074951726|115085904|1585925139|00002441
openmpi-slave4|2884959865822|2885074951726|115085904|1585925139|00001393
openmpi-slave4|2884959865822|2885074951726|115085904|1585925139|00001443
