
openmpi-master|1586169651922|1586169651989|67|1586169651|1586169651986
openmpi-master|1586169652000|1586169652070|70|1586169652|1586169652064
openmpi-master|1586169652080|1586169652153|73|1586169652|1586169652147
openmpi-master|1586169652163|1586169652244|81|1586169652|1586169652238
openmpi-master|1586169652254|1586169652325|71|1586169652|1586169652319
openmpi-master|1586169652335|1586169652411|76|1586169652|1586169652405
openmpi-master|1586169652421|1586169652494|73|1586169652|1586169652488
openmpi-master|1586169652504|1586169652576|72|1586169652|1586169652570
openmpi-master|1586169652587|1586169652661|74|1586169652|1586169652656
openmpi-master|1586169652672|1586169652742|70|1586169652|1586169652737
openmpi-master|1586169652753|1586169652827|74|1586169652|1586169652822
openmpi-master|1586169652838|1586169652906|68|1586169652|1586169652900
openmpi-master|1586169652917|1586169652992|75|1586169652|1586169652986
openmpi-master|1586169653002|1586169653075|73|1586169653|1586169653069
openmpi-master|1586169653086|1586169653170|84|1586169653|1586169653166
openmpi-master|1586169653180|1586169653287|107|1586169653|1586169653282
openmpi-master|1586169653298|1586169653406|108|1586169653|1586169653400
openmpi-master|1586169653416|1586169653523|107|1586169653|1586169653518
openmpi-master|1586169653534|1586169653637|103|1586169653|1586169653631
openmpi-master|1586169653647|1586169653733|86|1586169653|1586169653728
openmpi-master|1586169653743|1586169653813|70|1586169653|1586169653807
openmpi-master|1586169653823|1586169653891|68|1586169653|1586169653886
openmpi-master|1586169653902|1586169653970|68|1586169653|1586169653963
openmpi-master|1586169653980|1586169654049|69|1586169654|1586169654043
openmpi-master|1586169654060|1586169654132|72|1586169654|1586169654126
openmpi-master|1586169654143|1586169654212|69|1586169654|1586169654206
openmpi-master|1586169654223|1586169654301|78|1586169654|1586169654295
openmpi-master|1586169654311|1586169654386|75|1586169654|1586169654381
openmpi-master|1586169654397|1586169654471|74|1586169654|1586169654465
openmpi-master|1586169654481|1586169654586|105|1586169654|1586169654580
openmpi-master|1586169654596|1586169654694|98|1586169654|1586169654689
openmpi-master|1586169654705|1586169654803|98|1586169654|1586169654797
openmpi-master|1586169654813|1586169654891|78|1586169654|1586169654885
openmpi-master|1586169654901|1586169655015|114|1586169655|1586169655009
openmpi-master|1586169655025|1586169655093|68|1586169655|1586169655087
openmpi-master|1586169655104|1586169655176|72|1586169655|1586169655170
openmpi-master|1586169655186|1586169655257|71|1586169655|1586169655252
openmpi-master|1586169655267|1586169655342|75|1586169655|1586169655336
openmpi-master|1586169655353|1586169655430|77|1586169655|1586169655424
openmpi-master|1586169655440|1586169655509|69|1586169655|1586169655503
openmpi-master|1586169655520|1586169655592|72|1586169655|1586169655586
openmpi-master|1586169655603|1586169655701|98|1586169655|1586169655696
openmpi-master|1586169655711|1586169655804|93|1586169655|1586169655798
openmpi-master|1586169655815|1586169655907|92|1586169655|1586169655901
openmpi-master|1586169655917|1586169656011|94|1586169656|1586169656005
openmpi-master|1586169656021|1586169656108|87|1586169656|1586169656102
openmpi-master|1586169656119|1586169656191|72|1586169656|1586169656187
openmpi-master|1586169656201|1586169656273|72|1586169656|1586169656268
openmpi-master|1586169656284|1586169656373|89|1586169656|1586169656367
openmpi-master|1586169656384|1586169656460|76|1586169656|1586169656454
openmpi-master|1586169656470|1586169656545|75|1586169656|1586169656540
openmpi-master|1586169656556|1586169656627|71|1586169656|1586169656621
openmpi-master|1586169656638|1586169656718|80|1586169656|1586169656713
openmpi-master|1586169656729|1586169656807|78|1586169656|1586169656801
openmpi-master|1586169656817|1586169656888|71|1586169656|1586169656882
openmpi-master|1586169656898|1586169656970|72|1586169656|1586169656964
openmpi-master|1586169656981|1586169657055|74|1586169657|1586169657049
openmpi-master|1586169657066|1586169657146|80|1586169657|1586169657141
openmpi-master|1586169657157|1586169657235|78|1586169657|1586169657230
openmpi-master|1586169657246|1586169657321|75|1586169657|1586169657314
openmpi-master|1586169657331|1586169657436|105|1586169657|1586169657430
openmpi-master|1586169657446|1586169657521|75|1586169657|1586169657515
openmpi-master|1586169657531|1586169657605|74|1586169657|1586169657605
openmpi-master|1586169657616|1586169657694|78|1586169657|1586169657689
openmpi-master|1586169657705|1586169657783|78|1586169657|1586169657777
openmpi-master|1586169657794|1586169657871|77|1586169657|1586169657865
openmpi-master|1586169657882|1586169657958|76|1586169657|1586169657952
openmpi-master|1586169657968|1586169658045|77|1586169658|1586169658039
openmpi-master|1586169658055|1586169658136|81|1586169658|1586169658131
openmpi-master|1586169658147|1586169658220|73|1586169658|1586169658215
openmpi-master|1586169658231|1586169658306|75|1586169658|1586169658302
openmpi-master|1586169658317|1586169658391|74|1586169658|1586169658385
openmpi-master|1586169658401|1586169658480|79|1586169658|1586169658474
openmpi-master|1586169658491|1586169658570|79|1586169658|1586169658564
openmpi-master|1586169658580|1586169658654|74|1586169658|1586169658648
openmpi-master|1586169658664|1586169658736|72|1586169658|1586169658730
openmpi-master|1586169658747|1586169658827|80|1586169658|1586169658821
openmpi-master|1586169658837|1586169658915|78|1586169658|1586169658909
openmpi-master|1586169658925|1586169659005|80|1586169659|1586169659000
openmpi-master|1586169659016|1586169659087|71|1586169659|1586169659082
openmpi-master|1586169659098|1586169659169|71|1586169659|1586169659163
openmpi-master|1586169659180|1586169659252|72|1586169659|1586169659246
openmpi-master|1586169659262|1586169659339|77|1586169659|1586169659334
openmpi-master|1586169659349|1586169659428|79|1586169659|1586169659423
openmpi-master|1586169659438|1586169659511|73|1586169659|1586169659506
openmpi-master|1586169659522|1586169659591|69|1586169659|1586169659585
openmpi-master|1586169659601|1586169659671|70|1586169659|1586169659666
openmpi-master|1586169659682|1586169659758|76|1586169659|1586169659752
openmpi-master|1586169659769|1586169659837|68|1586169659|1586169659830
openmpi-master|1586169659847|1586169659915|68|1586169659|1586169659909
openmpi-master|1586169659926|1586169659997|71|1586169659|1586169659991
openmpi-master|1586169660008|1586169660097|89|1586169660|1586169660091
openmpi-master|1586169660108|1586169660199|91|1586169660|1586169660193
openmpi-master|1586169660210|1586169660300|90|1586169660|1586169660294
openmpi-master|1586169660312|1586169660379|67|1586169660|1586169660373
openmpi-master|1586169660390|1586169660470|80|1586169660|1586169660465
openmpi-master|1586169660481|1586169660557|76|1586169660|1586169660551
openmpi-master|1586169660567|1586169660638|71|1586169660|1586169660632
openmpi-master|1586169660649|1586169660717|68|1586169660|1586169660711
openmpi-master|1586169660728|1586169660804|76|1586169660|1586169660798