openmpi-master|2884937274101|2885061172149|123898048|1585925139|00005616
openmpi-master|2884937274101|2885061172149|123898048|1585925139|00001009
openmpi-master|2884937274101|2885061172149|123898048|1585925139|00000923
openmpi-master|2884937274101|2885061172149|123898048|1585925139|00001299
openmpi-master|2884937274101|2885061172149|123898048|1585925139|00009234
openmpi-master|2884937274101|2885061172149|123898048|1585925139|00001688
openmpi-master|2884937274101|2885061172149|123898048|1585925139|00005043
openmpi-master|2884937274101|2885061172149|123898048|1585925139|00002328
openmpi-master|2884937274101|2885061172149|123898048|1585925139|00001366
openmpi-master|2884937274101|2885061172149|123898048|1585925139|00003373
openmpi-master|2884937274101|2885061172149|123898048|1585925139|00009204
openmpi-master|2884937274101|2885061172149|123898048|1585925139|00003120
openmpi-master|2884937274101|2885061172149|123898048|1585925139|00001787
openmpi-master|2884937274101|2885061172149|123898048|1585925139|00015597
openmpi-master|2884937274101|2885061172149|123898048|1585925139|00002948
openmpi-master|2884937274101|2885061172149|123898048|1585925139|00003091
openmpi-master|2884937274101|2885061172149|123898048|1585925139|00004790
openmpi-master|2884937274101|2885061172149|123898048|1585925139|00002769
openmpi-master|2884937274101|2885061172149|123898048|1585925139|00009853
openmpi-master|2884937274101|2885061172149|123898048|1585925139|00002081
openmpi-master|2884937274101|2885061172149|123898048|1585925139|00004595
openmpi-master|2884937274101|2885061172149|123898048|1585925139|00004129
openmpi-master|2884937274101|2885061172149|123898048|1585925139|00002980
openmpi-master|2884937274101|2885061172149|123898048|1585925139|00002921
openmpi-master|2884937274101|2885061172149|123898048|1585925139|00001815
openmpi-master|2884937274101|2885061172149|123898048|1585925139|00001909
openmpi-master|2884937274101|2885061172149|123898048|1585925139|00002648
openmpi-master|2884937274101|2885061172149|123898048|1585925139|00003468
openmpi-master|2884937274101|2885061172149|123898048|1585925139|00002702
openmpi-master|2884937274101|2885061172149|123898048|1585925139|00001735
openmpi-master|2884937274101|2885061172149|123898048|1585925139|00003487
openmpi-master|2884937274101|2885061172149|123898048|1585925139|00004438
openmpi-master|2884937274101|2885061172149|123898048|1585925139|00002077
openmpi-master|2884937274101|2885061172149|123898048|1585925139|00001538
openmpi-master|2884937274101|2885061172149|123898048|1585925139|00000997
openmpi-master|2884937274101|2885061172149|123898048|1585925139|00002333
openmpi-master|2884937274101|2885061172149|123898048|1585925139|00001666
openmpi-master|2884937274101|2885061172149|123898048|1585925139|00002232
openmpi-master|2884937274101|2885061172149|123898048|1585925139|00002510
openmpi-master|2884937274101|2885061172149|123898048|1585925139|00003290
openmpi-master|2884937274101|2885061172149|123898048|1585925139|00002653
openmpi-master|2884937274101|2885061172149|123898048|1585925139|00003789
openmpi-master|2884937274101|2885061172149|123898048|1585925139|00002083
openmpi-master|2884937274101|2885061172149|123898048|1585925139|00001371
openmpi-master|2884937274101|2885061172149|123898048|1585925139|00001408
openmpi-master|2884937274101|2885061172149|123898048|1585925139|00001233
openmpi-master|2884937274101|2885061172149|123898048|1585925139|00004808
openmpi-master|2884937274101|2885061172149|123898048|1585925139|00001936
openmpi-master|2884937274101|2885061172149|123898048|1585925139|00001968
openmpi-master|2884937274101|2885061172149|123898048|1585925139|00002453
openmpi-master|2884937274101|2885061172149|123898048|1585925139|00001413
openmpi-master|2884937274101|2885061172149|123898048|1585925139|00002717
openmpi-master|2884937274101|2885061172149|123898048|1585925139|00001436
openmpi-master|2884937274101|2885061172149|123898048|1585925139|00001125
openmpi-master|2884937274101|2885061172149|123898048|1585925139|00036086
openmpi-master|2884937274101|2885061172149|123898048|1585925139|00010259
openmpi-master|2884937274101|2885061172149|123898048|1585925139|00002464
openmpi-master|2884937274101|2885061172149|123898048|1585925139|00001731
openmpi-master|2884937274101|2885061172149|123898048|1585925139|00002184
openmpi-master|2884937274101|2885061172149|123898048|1585925139|00002227
openmpi-master|2884937274101|2885061172149|123898048|1585925139|00003305
openmpi-master|2884937274101|2885061172149|123898048|1585925139|00002940
openmpi-master|2884937274101|2885061172149|123898048|1585925139|00002503
openmpi-master|2884937274101|2885061172149|123898048|1585925139|00003768
openmpi-master|2884937274101|2885061172149|123898048|1585925139|00003058
openmpi-master|2884937274101|2885061172149|123898048|1585925139|00006404
openmpi-master|2884937274101|2885061172149|123898048|1585925139|00002468
openmpi-master|2884937274101|2885061172149|123898048|1585925139|00004511
openmpi-master|2884937274101|2885061172149|123898048|1585925139|00003428
openmpi-master|2884937274101|2885061172149|123898048|1585925139|00005522
openmpi-master|2884937274101|2885061172149|123898048|1585925139|00002045
openmpi-master|2884937274101|2885061172149|123898048|1585925139|00003598
openmpi-master|2884937274101|2885061172149|123898048|1585925139|00003373
openmpi-master|2884937274101|2885061172149|123898048|1585925139|00001397
openmpi-master|2884937274101|2885061172149|123898048|1585925139|00003872
openmpi-master|2884937274101|2885061172149|123898048|1585925139|00002739
openmpi-master|2884937274101|2885061172149|123898048|1585925139|00005367
openmpi-master|2884937274101|2885061172149|123898048|1585925139|00002177
openmpi-master|2884937274101|2885061172149|123898048|1585925139|00005022
openmpi-master|2884937274101|2885061172149|123898048|1585925139|00001870
openmpi-master|2884937274101|2885061172149|123898048|1585925139|00001506
openmpi-master|2884937274101|2885061172149|123898048|1585925139|00001654
openmpi-master|2884937274101|2885061172149|123898048|1585925139|00003158
openmpi-master|2884937274101|2885061172149|123898048|1585925139|00002276
openmpi-master|2884937274101|2885061172149|123898048|1585925139|00002278
openmpi-master|2884937274101|2885061172149|123898048|1585925139|00002874
openmpi-master|2884937274101|2885061172149|123898048|1585925139|00001611
openmpi-master|2884937274101|2885061172149|123898048|1585925139|00001737
openmpi-master|2884937274101|2885061172149|123898048|1585925139|00002576
openmpi-master|2884937274101|2885061172149|123898048|1585925139|00002614
openmpi-master|2884937274101|2885061172149|123898048|1585925139|00003594
openmpi-master|2884937274101|2885061172149|123898048|1585925139|00003092
openmpi-master|2884937274101|2885061172149|123898048|1585925139|00002706
openmpi-master|2884937274101|2885061172149|123898048|1585925139|00003425
openmpi-master|2884937274101|2885061172149|123898048|1585925139|00002798
openmpi-master|2884937274101|2885061172149|123898048|1585925139|00002194
openmpi-master|2884937274101|2885061172149|123898048|1585925139|00002040
openmpi-master|2884937274101|2885061172149|123898048|1585925139|00002244
openmpi-master|2884937274101|2885061172149|123898048|1585925139|00001718
openmpi-master|2884937274101|2885061172149|123898048|1585925139|00001971
