openmpi-slave1|3231073242290|3231258182373|184940083|1585925485|00019595
openmpi-slave1|3231073242290|3231258182373|184940083|1585925485|00016618
openmpi-slave1|3231073242290|3231258182373|184940083|1585925485|00024579
openmpi-slave1|3231073242290|3231258182373|184940083|1585925485|01037907
openmpi-slave1|3231073242290|3231258182373|184940083|1585925485|00001894
openmpi-slave1|3231073242290|3231258182373|184940083|1585925485|01019965
openmpi-slave1|3231073242290|3231258182373|184940083|1585925485|00007348
openmpi-slave1|3231073242290|3231258182373|184940083|1585925485|00008791
openmpi-slave1|3241973333125|3242042493767|69160642|1585925496|07180295
openmpi-slave1|3241973333125|3242042493767|69160642|1585925496|01050130
openmpi-slave1|3241973333125|3242042493767|69160642|1585925496|00024252
openmpi-slave1|3252306952284|3252410134475|103182191|1585925506|03049549
openmpi-slave1|3252306952284|3252410134475|103182191|1585925506|00002006
openmpi-slave1|3252306952284|3252410134475|103182191|1585925506|00001420
openmpi-slave1|3252306952284|3252410134475|103182191|1585925506|00001552
openmpi-slave1|3252306952284|3252410134475|103182191|1585925506|00001407
openmpi-slave1|3252306952284|3252410134475|103182191|1585925506|00001797
openmpi-slave1|3252306952284|3252410134475|103182191|1585925506|00001256
openmpi-slave1|3252306952284|3252410134475|103182191|1585925506|00001451
openmpi-slave1|3252306952284|3252410134475|103182191|1585925506|00001324
openmpi-slave1|3252306952284|3252410134475|103182191|1585925506|00001278
openmpi-slave1|3252306952284|3252410134475|103182191|1585925506|00001436
openmpi-slave1|3252306952284|3252410134475|103182191|1585925506|00001281
openmpi-slave1|3252306952284|3252410134475|103182191|1585925506|00001436
openmpi-slave1|3252306952284|3252410134475|103182191|1585925506|00001465
openmpi-slave1|3252306952284|3252410134475|103182191|1585925506|00001477
openmpi-slave1|3252306952284|3252410134475|103182191|1585925506|00001446
openmpi-slave1|3252306952284|3252410134475|103182191|1585925506|00001498
openmpi-slave1|3252306952284|3252410134475|103182191|1585925506|00001446
openmpi-slave1|3252306952284|3252410134475|103182191|1585925506|00001353
openmpi-slave1|3252306952284|3252410134475|103182191|1585925506|00001460
openmpi-slave1|3252306952284|3252410134475|103182191|1585925506|00002113
openmpi-slave1|3252306952284|3252410134475|103182191|1585925506|00005830
openmpi-slave1|3252306952284|3252410134475|103182191|1585925506|00004224
openmpi-slave1|3252306952284|3252410134475|103182191|1585925506|00003921
openmpi-slave1|3252306952284|3252410134475|103182191|1585925506|00012875
openmpi-slave1|3252306952284|3252410134475|103182191|1585925506|00007852
openmpi-slave1|3252306952284|3252410134475|103182191|1585925506|00015622
openmpi-slave1|3252306952284|3252410134475|103182191|1585925506|00007383
openmpi-slave1|3252306952284|3252410134475|103182191|1585925506|00009833
openmpi-slave1|3252306952284|3252410134475|103182191|1585925506|00007953
openmpi-slave1|3252306952284|3252410134475|103182191|1585925506|00007382
openmpi-slave1|3252306952284|3252410134475|103182191|1585925506|00008293
openmpi-slave1|3252306952284|3252410134475|103182191|1585925506|00008165
openmpi-slave1|3252306952284|3252410134475|103182191|1585925506|00007578
openmpi-slave1|3252306952284|3252410134475|103182191|1585925506|00005462
openmpi-slave1|3252306952284|3252410134475|103182191|1585925506|00003494
openmpi-slave1|3252306952284|3252410134475|103182191|1585925506|00005501
openmpi-slave1|3252306952284|3252410134475|103182191|1585925506|00007993
openmpi-slave1|3252306952284|3252410134475|103182191|1585925506|00005062
openmpi-slave1|3252306952284|3252410134475|103182191|1585925506|00004633
openmpi-slave1|3252306952284|3252410134475|103182191|1585925506|00004042
openmpi-slave1|3252306952284|3252410134475|103182191|1585925506|00006035
openmpi-slave1|3252306952284|3252410134475|103182191|1585925506|00004375
openmpi-slave1|3252306952284|3252410134475|103182191|1585925506|00004885
openmpi-slave1|3252306952284|3252410134475|103182191|1585925506|00005020
openmpi-slave1|3252306952284|3252410134475|103182191|1585925506|00002751
openmpi-slave1|3252306952284|3252410134475|103182191|1585925506|00005462
openmpi-slave1|3252306952284|3252410134475|103182191|1585925506|00005676
openmpi-slave1|3252306952284|3252410134475|103182191|1585925506|00004565
openmpi-slave1|3252306952284|3252410134475|103182191|1585925506|00005139
openmpi-slave1|3252306952284|3252410134475|103182191|1585925506|00005221
openmpi-slave1|3252306952284|3252410134475|103182191|1585925506|00007193
openmpi-slave1|3252306952284|3252410134475|103182191|1585925506|00004247
openmpi-slave1|3252306952284|3252410134475|103182191|1585925506|00004915
openmpi-slave1|3252306952284|3252410134475|103182191|1585925506|00002684
openmpi-slave1|3252306952284|3252410134475|103182191|1585925506|00002756
openmpi-slave1|3252306952284|3252410134475|103182191|1585925506|00006394
openmpi-slave1|3252306952284|3252410134475|103182191|1585925506|00001791
openmpi-slave1|3252306952284|3252410134475|103182191|1585925506|00001334
openmpi-slave1|3252306952284|3252410134475|103182191|1585925506|00002816
openmpi-slave1|3252306952284|3252410134475|103182191|1585925506|00001222
openmpi-slave1|3252306952284|3252410134475|103182191|1585925506|00001825
openmpi-slave1|3252306952284|3252410134475|103182191|1585925506|00001581
openmpi-slave1|3252306952284|3252410134475|103182191|1585925506|00001302
openmpi-slave1|3252306952284|3252410134475|103182191|1585925506|00000960
openmpi-slave1|3252306952284|3252410134475|103182191|1585925506|00001080
openmpi-slave1|3252306952284|3252410134475|103182191|1585925506|00001286
openmpi-slave1|3252306952284|3252410134475|103182191|1585925506|00001479
openmpi-slave1|3252306952284|3252410134475|103182191|1585925506|00001096
openmpi-slave1|3252306952284|3252410134475|103182191|1585925506|00001332
openmpi-slave1|3252306952284|3252410134475|103182191|1585925506|00001359
openmpi-slave1|3252306952284|3252410134475|103182191|1585925506|00001673
openmpi-slave1|3252306952284|3252410134475|103182191|1585925506|00001530
openmpi-slave1|3252306952284|3252410134475|103182191|1585925506|00001211
openmpi-slave1|3252306952284|3252410134475|103182191|1585925506|00001302
openmpi-slave1|3252306952284|3252410134475|103182191|1585925506|00001805
openmpi-slave1|3252306952284|3252410134475|103182191|1585925506|00001452
openmpi-slave1|3252306952284|3252410134475|103182191|1585925506|00001392
openmpi-slave1|3252306952284|3252410134475|103182191|1585925506|00001072
openmpi-slave1|3252306952284|3252410134475|103182191|1585925506|00001447
openmpi-slave1|3252306952284|3252410134475|103182191|1585925506|00001496
openmpi-slave1|3252306952284|3252410134475|103182191|1585925506|00001353
openmpi-slave1|3252306952284|3252410134475|103182191|1585925506|00001167
openmpi-slave1|3252306952284|3252410134475|103182191|1585925506|00001268
openmpi-slave1|3252306952284|3252410134475|103182191|1585925506|00001233
openmpi-slave1|3252306952284|3252410134475|103182191|1585925506|00001225
openmpi-slave1|3252306952284|3252410134475|103182191|1585925506|00001134
openmpi-slave1|3252306952284|3252410134475|103182191|1585925506|00001174
openmpi-slave1|3252306952284|3252410134475|103182191|1585925506|00001291
