openmpi-slave4|3231106762192|3231257495798|150733606|1585925485|00013821
openmpi-slave4|3231106762192|3231257495798|150733606|1585925485|00010234
openmpi-slave4|3231106762192|3231257495798|150733606|1585925485|00005969
openmpi-slave4|3231106762192|3231257495798|150733606|1585925485|00009341
openmpi-slave4|3231106762192|3231257495798|150733606|1585925485|00007214
openmpi-slave4|3231106762192|3231257495798|150733606|1585925485|00022111
openmpi-slave4|3231106762192|3231257495798|150733606|1585925485|01017221
openmpi-slave4|3231106762192|3231257495798|150733606|1585925485|00006568
openmpi-slave4|3231106762192|3231257495798|150733606|1585925485|00005203
openmpi-slave4|3231106762192|3231257495798|150733606|1585925485|01013526
openmpi-slave4|3231106762192|3231257495798|150733606|1585925485|00004724
openmpi-slave4|3231106762192|3231257495798|150733606|1585925485|00001941
openmpi-slave4|3231106762192|3231257495798|150733606|1585925485|00002658
openmpi-slave4|3231106762192|3231257495798|150733606|1585925485|00008499
openmpi-slave4|3231106762192|3231257495798|150733606|1585925485|00007542
openmpi-slave4|3231106762192|3231257495798|150733606|1585925485|00008361
openmpi-slave4|3241935350356|3242022395106|87044750|1585925496|03034580
openmpi-slave4|3241935350356|3242022395106|87044750|1585925496|01024036
openmpi-slave4|3241935350356|3242022395106|87044750|1585925496|00007081
openmpi-slave4|3241935350356|3242022395106|87044750|1585925496|00002706
openmpi-slave4|3241935350356|3242022395106|87044750|1585925496|00003177
openmpi-slave4|3241935350356|3242022395106|87044750|1585925496|00003495
openmpi-slave4|3241935350356|3242022395106|87044750|1585925496|01008665
openmpi-slave4|3241935350356|3242022395106|87044750|1585925496|01025409
openmpi-slave4|3241935350356|3242022395106|87044750|1585925496|00004634
openmpi-slave4|3241935350356|3242022395106|87044750|1585925496|00005139
openmpi-slave4|3241935350356|3242022395106|87044750|1585925496|00004789
openmpi-slave4|3241935350356|3242022395106|87044750|1585925496|01008123
openmpi-slave4|3241935350356|3242022395106|87044750|1585925496|00005032
openmpi-slave4|3241935350356|3242022395106|87044750|1585925496|00005504
openmpi-slave4|3241935350356|3242022395106|87044750|1585925496|00005505
openmpi-slave4|3241935350356|3242022395106|87044750|1585925496|00006144
openmpi-slave4|3241935350356|3242022395106|87044750|1585925496|00007685
openmpi-slave4|3241935350356|3242022395106|87044750|1585925496|01035545
openmpi-slave4|3241935350356|3242022395106|87044750|1585925496|00027947
openmpi-slave4|3241935350356|3242022395106|87044750|1585925496|00028398
openmpi-slave4|3241935350356|3242022395106|87044750|1585925496|00006603
openmpi-slave4|3241935350356|3242022395106|87044750|1585925496|01012192
openmpi-slave4|3241935350356|3242022395106|87044750|1585925496|00003985
openmpi-slave4|3241935350356|3242022395106|87044750|1585925496|00004945
openmpi-slave4|3241935350356|3242022395106|87044750|1585925496|00005850
openmpi-slave4|3241935350356|3242022395106|87044750|1585925496|00005267
openmpi-slave4|3241935350356|3242022395106|87044750|1585925496|01002244
openmpi-slave4|3241935350356|3242022395106|87044750|1585925496|00001618
openmpi-slave4|3241935350356|3242022395106|87044750|1585925496|00002599
openmpi-slave4|3241935350356|3242022395106|87044750|1585925496|00002827
openmpi-slave4|3241935350356|3242022395106|87044750|1585925496|00001923
openmpi-slave4|3241935350356|3242022395106|87044750|1585925496|00001479
openmpi-slave4|3241935350356|3242022395106|87044750|1585925496|00001901
openmpi-slave4|3241935350356|3242022395106|87044750|1585925496|00005526
openmpi-slave4|3241935350356|3242022395106|87044750|1585925496|00002026
openmpi-slave4|3241935350356|3242022395106|87044750|1585925496|00006954
openmpi-slave4|3252275773968|3252377585266|101811298|1585925506|01034379
openmpi-slave4|3252275773968|3252377585266|101811298|1585925506|00008560
openmpi-slave4|3252275773968|3252377585266|101811298|1585925506|00005942
openmpi-slave4|3252275773968|3252377585266|101811298|1585925506|00013975
openmpi-slave4|3252275773968|3252377585266|101811298|1585925506|00006733
openmpi-slave4|3252275773968|3252377585266|101811298|1585925506|00009204
openmpi-slave4|3252275773968|3252377585266|101811298|1585925506|00008185
openmpi-slave4|3252275773968|3252377585266|101811298|1585925506|00007603
openmpi-slave4|3252275773968|3252377585266|101811298|1585925506|00008276
openmpi-slave4|3252275773968|3252377585266|101811298|1585925506|00008210
openmpi-slave4|3252275773968|3252377585266|101811298|1585925506|00009671
openmpi-slave4|3252275773968|3252377585266|101811298|1585925506|00005835
openmpi-slave4|3252275773968|3252377585266|101811298|1585925506|00005363
openmpi-slave4|3252275773968|3252377585266|101811298|1585925506|00005590
openmpi-slave4|3252275773968|3252377585266|101811298|1585925506|00005824
openmpi-slave4|3252275773968|3252377585266|101811298|1585925506|00005263
openmpi-slave4|3252275773968|3252377585266|101811298|1585925506|00006378
openmpi-slave4|3252275773968|3252377585266|101811298|1585925506|00005930
openmpi-slave4|3252275773968|3252377585266|101811298|1585925506|00004464
openmpi-slave4|3252275773968|3252377585266|101811298|1585925506|00005179
openmpi-slave4|3252275773968|3252377585266|101811298|1585925506|00005097
openmpi-slave4|3252275773968|3252377585266|101811298|1585925506|00004765
openmpi-slave4|3252275773968|3252377585266|101811298|1585925506|00005926
openmpi-slave4|3252275773968|3252377585266|101811298|1585925506|00003232
openmpi-slave4|3252275773968|3252377585266|101811298|1585925506|00004004
openmpi-slave4|3252275773968|3252377585266|101811298|1585925506|00005198
openmpi-slave4|3252275773968|3252377585266|101811298|1585925506|00005727
openmpi-slave4|3252275773968|3252377585266|101811298|1585925506|00006067
openmpi-slave4|3252275773968|3252377585266|101811298|1585925506|00004361
openmpi-slave4|3252275773968|3252377585266|101811298|1585925506|00003626
openmpi-slave4|3252275773968|3252377585266|101811298|1585925506|00003686
openmpi-slave4|3252275773968|3252377585266|101811298|1585925506|00002015
openmpi-slave4|3252275773968|3252377585266|101811298|1585925506|00002466
openmpi-slave4|3252275773968|3252377585266|101811298|1585925506|00004901
openmpi-slave4|3252275773968|3252377585266|101811298|1585925506|00002366
openmpi-slave4|3252275773968|3252377585266|101811298|1585925506|00001527
openmpi-slave4|3252275773968|3252377585266|101811298|1585925506|00002745
openmpi-slave4|3252275773968|3252377585266|101811298|1585925506|00001446
openmpi-slave4|3252275773968|3252377585266|101811298|1585925506|00001554
openmpi-slave4|3252275773968|3252377585266|101811298|1585925506|00001672
openmpi-slave4|3252275773968|3252377585266|101811298|1585925506|01030145
openmpi-slave4|3252275773968|3252377585266|101811298|1585925506|00003014
openmpi-slave4|3252275773968|3252377585266|101811298|1585925506|00009769
openmpi-slave4|3252275773968|3252377585266|101811298|1585925506|00003648
openmpi-slave4|3252275773968|3252377585266|101811298|1585925506|00001882
openmpi-slave4|3252275773968|3252377585266|101811298|1585925506|00003201
openmpi-slave4|3252275773968|3252377585266|101811298|1585925506|00001369
openmpi-slave4|3252275773968|3252377585266|101811298|1585925506|00002002
