openmpi-slave2|3231120441398|3231255396745|134955347|1585925485|00011409
openmpi-slave2|3231120441398|3231255396745|134955347|1585925485|00016154
openmpi-slave2|3231120441398|3231255396745|134955347|1585925485|00011057
openmpi-slave2|3231120441398|3231255396745|134955347|1585925485|00006815
openmpi-slave2|3231120441398|3231255396745|134955347|1585925485|00022653
openmpi-slave2|3231120441398|3231255396745|134955347|1585925485|01006602
openmpi-slave2|3231120441398|3231255396745|134955347|1585925485|00002840
openmpi-slave2|3231120441398|3231255396745|134955347|1585925485|00003296
openmpi-slave2|3231120441398|3231255396745|134955347|1585925485|00005166
openmpi-slave2|3231120441398|3231255396745|134955347|1585925485|00005024
openmpi-slave2|3231120441398|3231255396745|134955347|1585925485|00009232
openmpi-slave2|3231120441398|3231255396745|134955347|1585925485|01034218
openmpi-slave2|3231120441398|3231255396745|134955347|1585925485|00009172
openmpi-slave2|3241966518058|3242043991818|77473760|1585925496|03025564
openmpi-slave2|3241966518058|3242043991818|77473760|1585925496|00001913
openmpi-slave2|3241966518058|3242043991818|77473760|1585925496|00001960
openmpi-slave2|3241966518058|3242043991818|77473760|1585925496|00001789
openmpi-slave2|3241966518058|3242043991818|77473760|1585925496|00003544
openmpi-slave2|3241966518058|3242043991818|77473760|1585925496|01013492
openmpi-slave2|3241966518058|3242043991818|77473760|1585925496|00001884
openmpi-slave2|3241966518058|3242043991818|77473760|1585925496|00001636
openmpi-slave2|3241966518058|3242043991818|77473760|1585925496|00002159
openmpi-slave2|3241966518058|3242043991818|77473760|1585925496|00002203
openmpi-slave2|3241966518058|3242043991818|77473760|1585925496|00003195
openmpi-slave2|3241966518058|3242043991818|77473760|1585925496|00003341
openmpi-slave2|3241966518058|3242043991818|77473760|1585925496|00003949
openmpi-slave2|3241966518058|3242043991818|77473760|1585925496|00002928
openmpi-slave2|3241966518058|3242043991818|77473760|1585925496|00003216
openmpi-slave2|3241966518058|3242043991818|77473760|1585925496|03046234
openmpi-slave2|3241966518058|3242043991818|77473760|1585925496|00002382
openmpi-slave2|3241966518058|3242043991818|77473760|1585925496|00009687
openmpi-slave2|3241966518058|3242043991818|77473760|1585925496|00004540
openmpi-slave2|3241966518058|3242043991818|77473760|1585925496|00005954
openmpi-slave2|3241966518058|3242043991818|77473760|1585925496|00005437
openmpi-slave2|3241966518058|3242043991818|77473760|1585925496|00009740
openmpi-slave2|3241966518058|3242043991818|77473760|1585925496|00006884
openmpi-slave2|3241966518058|3242043991818|77473760|1585925496|01016566
openmpi-slave2|3241966518058|3242043991818|77473760|1585925496|00015904
openmpi-slave2|3241966518058|3242043991818|77473760|1585925496|00027836
openmpi-slave2|3241966518058|3242043991818|77473760|1585925496|00022463
openmpi-slave2|3241966518058|3242043991818|77473760|1585925496|00005883
openmpi-slave2|3241966518058|3242043991818|77473760|1585925496|00007340
openmpi-slave2|3241966518058|3242043991818|77473760|1585925496|00007409
openmpi-slave2|3241966518058|3242043991818|77473760|1585925496|00003231
openmpi-slave2|3241966518058|3242043991818|77473760|1585925496|00004435
openmpi-slave2|3241966518058|3242043991818|77473760|1585925496|00006817
openmpi-slave2|3241966518058|3242043991818|77473760|1585925496|00004014
openmpi-slave2|3241966518058|3242043991818|77473760|1585925496|00003116
openmpi-slave2|3241966518058|3242043991818|77473760|1585925496|00003336
openmpi-slave2|3241966518058|3242043991818|77473760|1585925496|00001965
openmpi-slave2|3241966518058|3242043991818|77473760|1585925496|00002900
openmpi-slave2|3241966518058|3242043991818|77473760|1585925496|00002512
openmpi-slave2|3241966518058|3242043991818|77473760|1585925496|00004305
openmpi-slave2|3241966518058|3242043991818|77473760|1585925496|00003380
openmpi-slave2|3241966518058|3242043991818|77473760|1585925496|00003044
openmpi-slave2|3241966518058|3242043991818|77473760|1585925496|00002734
openmpi-slave2|3241966518058|3242043991818|77473760|1585925496|00003598
openmpi-slave2|3252308111755|3252406619044|98507289|1585925506|03027229
openmpi-slave2|3252308111755|3252406619044|98507289|1585925506|00007417
openmpi-slave2|3252308111755|3252406619044|98507289|1585925506|00011925
openmpi-slave2|3252308111755|3252406619044|98507289|1585925506|00005003
openmpi-slave2|3252308111755|3252406619044|98507289|1585925506|00011145
openmpi-slave2|3252308111755|3252406619044|98507289|1585925506|00009920
openmpi-slave2|3252308111755|3252406619044|98507289|1585925506|00008016
openmpi-slave2|3252308111755|3252406619044|98507289|1585925506|00008519
openmpi-slave2|3252308111755|3252406619044|98507289|1585925506|00008074
openmpi-slave2|3252308111755|3252406619044|98507289|1585925506|00008003
openmpi-slave2|3252308111755|3252406619044|98507289|1585925506|00007569
openmpi-slave2|3252308111755|3252406619044|98507289|1585925506|00005055
openmpi-slave2|3252308111755|3252406619044|98507289|1585925506|00005137
openmpi-slave2|3252308111755|3252406619044|98507289|1585925506|00005709
openmpi-slave2|3252308111755|3252406619044|98507289|1585925506|01012450
openmpi-slave2|3252308111755|3252406619044|98507289|1585925506|00001984
openmpi-slave2|3252308111755|3252406619044|98507289|1585925506|00002664
openmpi-slave2|3252308111755|3252406619044|98507289|1585925506|00003118
openmpi-slave2|3252308111755|3252406619044|98507289|1585925506|00004685
openmpi-slave2|3252308111755|3252406619044|98507289|1585925506|00002950
openmpi-slave2|3252308111755|3252406619044|98507289|1585925506|00002392
openmpi-slave2|3252308111755|3252406619044|98507289|1585925506|00003057
openmpi-slave2|3252308111755|3252406619044|98507289|1585925506|00001809
openmpi-slave2|3252308111755|3252406619044|98507289|1585925506|00001881
openmpi-slave2|3252308111755|3252406619044|98507289|1585925506|00002078
openmpi-slave2|3252308111755|3252406619044|98507289|1585925506|00003019
openmpi-slave2|3252308111755|3252406619044|98507289|1585925506|00002336
openmpi-slave2|3252308111755|3252406619044|98507289|1585925506|00001752
openmpi-slave2|3252308111755|3252406619044|98507289|1585925506|00002623
openmpi-slave2|3252308111755|3252406619044|98507289|1585925506|00002496
openmpi-slave2|3252308111755|3252406619044|98507289|1585925506|00002229
openmpi-slave2|3252308111755|3252406619044|98507289|1585925506|00002154
openmpi-slave2|3252308111755|3252406619044|98507289|1585925506|00002180
openmpi-slave2|3252308111755|3252406619044|98507289|1585925506|00002704
openmpi-slave2|3252308111755|3252406619044|98507289|1585925506|00002217
openmpi-slave2|3252308111755|3252406619044|98507289|1585925506|00002027
openmpi-slave2|3252308111755|3252406619044|98507289|1585925506|00003502
openmpi-slave2|3252308111755|3252406619044|98507289|1585925506|00002309
openmpi-slave2|3252308111755|3252406619044|98507289|1585925506|00001654
openmpi-slave2|3252308111755|3252406619044|98507289|1585925506|00002256
openmpi-slave2|3252308111755|3252406619044|98507289|1585925506|00001968
openmpi-slave2|3252308111755|3252406619044|98507289|1585925506|00002559
openmpi-slave2|3252308111755|3252406619044|98507289|1585925506|00001842
