openmpi-slave4|3231106762192|3231257495798|150733606|1585925485|00005690
openmpi-slave4|3241935350356|3242022395106|87044750|1585925496|03038535
openmpi-slave4|3241935350356|3242022395106|87044750|1585925496|00004114
openmpi-slave4|3241935350356|3242022395106|87044750|1585925496|00003410
openmpi-slave4|3241935350356|3242022395106|87044750|1585925496|00004247
openmpi-slave4|3241935350356|3242022395106|87044750|1585925496|00005151
openmpi-slave4|3241935350356|3242022395106|87044750|1585925496|01004356
openmpi-slave4|3241935350356|3242022395106|87044750|1585925496|00001093
openmpi-slave4|3241935350356|3242022395106|87044750|1585925496|00001090
openmpi-slave4|3241935350356|3242022395106|87044750|1585925496|00001076
openmpi-slave4|3241935350356|3242022395106|87044750|1585925496|00000914
openmpi-slave4|3241935350356|3242022395106|87044750|1585925496|00001136
openmpi-slave4|3241935350356|3242022395106|87044750|1585925496|00001057
openmpi-slave4|3241935350356|3242022395106|87044750|1585925496|00000990
openmpi-slave4|3241935350356|3242022395106|87044750|1585925496|00001372
openmpi-slave4|3241935350356|3242022395106|87044750|1585925496|00001071
openmpi-slave4|3241935350356|3242022395106|87044750|1585925496|00001056
openmpi-slave4|3241935350356|3242022395106|87044750|1585925496|00000875
openmpi-slave4|3241935350356|3242022395106|87044750|1585925496|00001040
openmpi-slave4|3241935350356|3242022395106|87044750|1585925496|00001438
openmpi-slave4|3241935350356|3242022395106|87044750|1585925496|00001518
openmpi-slave4|3241935350356|3242022395106|87044750|1585925496|00001923
openmpi-slave4|3241935350356|3242022395106|87044750|1585925496|00002084
openmpi-slave4|3241935350356|3242022395106|87044750|1585925496|00002102
openmpi-slave4|3241935350356|3242022395106|87044750|1585925496|00004257
openmpi-slave4|3241935350356|3242022395106|87044750|1585925496|00002683
openmpi-slave4|3241935350356|3242022395106|87044750|1585925496|03048021
openmpi-slave4|3241935350356|3242022395106|87044750|1585925496|01022224
openmpi-slave4|3241935350356|3242022395106|87044750|1585925496|00007151
openmpi-slave4|3241935350356|3242022395106|87044750|1585925496|00005126
openmpi-slave4|3241935350356|3242022395106|87044750|1585925496|01010701
openmpi-slave4|3241935350356|3242022395106|87044750|1585925496|00004860
openmpi-slave4|3241935350356|3242022395106|87044750|1585925496|00004388
openmpi-slave4|3241935350356|3242022395106|87044750|1585925496|00004019
openmpi-slave4|3241935350356|3242022395106|87044750|1585925496|00004693
openmpi-slave4|3241935350356|3242022395106|87044750|1585925496|00006494
openmpi-slave4|3241935350356|3242022395106|87044750|1585925496|00008053
openmpi-slave4|3241935350356|3242022395106|87044750|1585925496|01036523
openmpi-slave4|3241935350356|3242022395106|87044750|1585925496|00023249
openmpi-slave4|3241935350356|3242022395106|87044750|1585925496|01014358
openmpi-slave4|3241935350356|3242022395106|87044750|1585925496|00001354
openmpi-slave4|3241935350356|3242022395106|87044750|1585925496|00001261
openmpi-slave4|3241935350356|3242022395106|87044750|1585925496|00001321
openmpi-slave4|3241935350356|3242022395106|87044750|1585925496|00001405
openmpi-slave4|3241935350356|3242022395106|87044750|1585925496|00002178
openmpi-slave4|3241935350356|3242022395106|87044750|1585925496|00001323
openmpi-slave4|3241935350356|3242022395106|87044750|1585925496|00001117
openmpi-slave4|3241935350356|3242022395106|87044750|1585925496|00001172
openmpi-slave4|3241935350356|3242022395106|87044750|1585925496|00001182
openmpi-slave4|3241935350356|3242022395106|87044750|1585925496|00001213
openmpi-slave4|3241935350356|3242022395106|87044750|1585925496|00002012
openmpi-slave4|3241935350356|3242022395106|87044750|1585925496|00003717
openmpi-slave4|3241935350356|3242022395106|87044750|1585925496|00002365
openmpi-slave4|3241935350356|3242022395106|87044750|1585925496|00004667
openmpi-slave4|3241935350356|3242022395106|87044750|1585925496|00005594
openmpi-slave4|3241935350356|3242022395106|87044750|1585925496|00006887
openmpi-slave4|3241935350356|3242022395106|87044750|1585925496|00005945
openmpi-slave4|3241935350356|3242022395106|87044750|1585925496|00005049
openmpi-slave4|3241935350356|3242022395106|87044750|1585925496|01004894
openmpi-slave4|3241935350356|3242022395106|87044750|1585925496|00001774
openmpi-slave4|3241935350356|3242022395106|87044750|1585925496|00002678
openmpi-slave4|3241935350356|3242022395106|87044750|1585925496|00002123
openmpi-slave4|3241935350356|3242022395106|87044750|1585925496|00001438
openmpi-slave4|3241935350356|3242022395106|87044750|1585925496|00002090
openmpi-slave4|3241935350356|3242022395106|87044750|1585925496|00001752
openmpi-slave4|3241935350356|3242022395106|87044750|1585925496|00005073
openmpi-slave4|3241935350356|3242022395106|87044750|1585925496|00002847
openmpi-slave4|3241935350356|3242022395106|87044750|1585925496|00007322
openmpi-slave4|3252275773968|3252377585266|101811298|1585925506|01033946
openmpi-slave4|3252275773968|3252377585266|101811298|1585925506|00008640
openmpi-slave4|3252275773968|3252377585266|101811298|1585925506|00005843
openmpi-slave4|3252275773968|3252377585266|101811298|1585925506|00010213
openmpi-slave4|3252275773968|3252377585266|101811298|1585925506|00006581
openmpi-slave4|3252275773968|3252377585266|101811298|1585925506|00008936
openmpi-slave4|3252275773968|3252377585266|101811298|1585925506|00007955
openmpi-slave4|3252275773968|3252377585266|101811298|1585925506|00009059
openmpi-slave4|3252275773968|3252377585266|101811298|1585925506|00007730
openmpi-slave4|3252275773968|3252377585266|101811298|1585925506|00005572
openmpi-slave4|3252275773968|3252377585266|101811298|1585925506|00005695
openmpi-slave4|3252275773968|3252377585266|101811298|1585925506|00005159
openmpi-slave4|3252275773968|3252377585266|101811298|1585925506|00005181
openmpi-slave4|3252275773968|3252377585266|101811298|1585925506|00005544
openmpi-slave4|3252275773968|3252377585266|101811298|1585925506|00007950
openmpi-slave4|3252275773968|3252377585266|101811298|1585925506|00005034
openmpi-slave4|3252275773968|3252377585266|101811298|1585925506|00003948
openmpi-slave4|3252275773968|3252377585266|101811298|1585925506|00005221
openmpi-slave4|3252275773968|3252377585266|101811298|1585925506|00006400
openmpi-slave4|3252275773968|3252377585266|101811298|1585925506|00005942
openmpi-slave4|3252275773968|3252377585266|101811298|1585925506|00004424
openmpi-slave4|3252275773968|3252377585266|101811298|1585925506|00004910
openmpi-slave4|3252275773968|3252377585266|101811298|1585925506|00005325
openmpi-slave4|3252275773968|3252377585266|101811298|1585925506|00002431
openmpi-slave4|3252275773968|3252377585266|101811298|1585925506|00005488
openmpi-slave4|3252275773968|3252377585266|101811298|1585925506|00005305
openmpi-slave4|3252275773968|3252377585266|101811298|1585925506|00005321
openmpi-slave4|3252275773968|3252377585266|101811298|1585925506|00004914
openmpi-slave4|3252275773968|3252377585266|101811298|1585925506|00005036
openmpi-slave4|3252275773968|3252377585266|101811298|1585925506|00004376
openmpi-slave4|3252275773968|3252377585266|101811298|1585925506|00004568
openmpi-slave4|3252275773968|3252377585266|101811298|1585925506|01030726
