openmpi-slave4|3231106762192|3231257495798|150733606|1585925485|01024220
openmpi-slave4|3231106762192|3231257495798|150733606|1585925485|00005855
openmpi-slave4|3231106762192|3231257495798|150733606|1585925485|00009273
openmpi-slave4|3231106762192|3231257495798|150733606|1585925485|01010504
openmpi-slave4|3231106762192|3231257495798|150733606|1585925485|00003062
openmpi-slave4|3231106762192|3231257495798|150733606|1585925485|00001898
openmpi-slave4|3231106762192|3231257495798|150733606|1585925485|00002415
openmpi-slave4|3231106762192|3231257495798|150733606|1585925485|00007539
openmpi-slave4|3231106762192|3231257495798|150733606|1585925485|00002826
openmpi-slave4|3231106762192|3231257495798|150733606|1585925485|00007013
openmpi-slave4|3231106762192|3231257495798|150733606|1585925485|00008110
openmpi-slave4|3231106762192|3231257495798|150733606|1585925485|00006465
openmpi-slave4|3241935350356|3242022395106|87044750|1585925496|03027504
openmpi-slave4|3241935350356|3242022395106|87044750|1585925496|01025164
openmpi-slave4|3241935350356|3242022395106|87044750|1585925496|00003524
openmpi-slave4|3241935350356|3242022395106|87044750|1585925496|00001900
openmpi-slave4|3241935350356|3242022395106|87044750|1585925496|00003462
openmpi-slave4|3241935350356|3242022395106|87044750|1585925496|00003030
openmpi-slave4|3241935350356|3242022395106|87044750|1585925496|00003585
openmpi-slave4|3241935350356|3242022395106|87044750|1585925496|01008409
openmpi-slave4|3241935350356|3242022395106|87044750|1585925496|00004855
openmpi-slave4|3241935350356|3242022395106|87044750|1585925496|01020712
openmpi-slave4|3241935350356|3242022395106|87044750|1585925496|00004401
openmpi-slave4|3241935350356|3242022395106|87044750|1585925496|00005665
openmpi-slave4|3241935350356|3242022395106|87044750|1585925496|01012585
openmpi-slave4|3241935350356|3242022395106|87044750|1585925496|00005032
openmpi-slave4|3241935350356|3242022395106|87044750|1585925496|00004755
openmpi-slave4|3241935350356|3242022395106|87044750|1585925496|00008137
openmpi-slave4|3241935350356|3242022395106|87044750|1585925496|00007725
openmpi-slave4|3241935350356|3242022395106|87044750|1585925496|01043764
openmpi-slave4|3241935350356|3242022395106|87044750|1585925496|00023141
openmpi-slave4|3241935350356|3242022395106|87044750|1585925496|00022962
openmpi-slave4|3241935350356|3242022395106|87044750|1585925496|00005521
openmpi-slave4|3241935350356|3242022395106|87044750|1585925496|00007839
openmpi-slave4|3241935350356|3242022395106|87044750|1585925496|00007490
openmpi-slave4|3241935350356|3242022395106|87044750|1585925496|00001739
openmpi-slave4|3241935350356|3242022395106|87044750|1585925496|00006393
openmpi-slave4|3241935350356|3242022395106|87044750|1585925496|00007304
openmpi-slave4|3241935350356|3242022395106|87044750|1585925496|00003085
openmpi-slave4|3241935350356|3242022395106|87044750|1585925496|00003719
openmpi-slave4|3241935350356|3242022395106|87044750|1585925496|00003181
openmpi-slave4|3241935350356|3242022395106|87044750|1585925496|00001509
openmpi-slave4|3241935350356|3242022395106|87044750|1585925496|00001666
openmpi-slave4|3241935350356|3242022395106|87044750|1585925496|00002313
openmpi-slave4|3241935350356|3242022395106|87044750|1585925496|00002084
openmpi-slave4|3241935350356|3242022395106|87044750|1585925496|00004145
openmpi-slave4|3241935350356|3242022395106|87044750|1585925496|00003935
openmpi-slave4|3241935350356|3242022395106|87044750|1585925496|00002729
openmpi-slave4|3241935350356|3242022395106|87044750|1585925496|00002725
openmpi-slave4|3241935350356|3242022395106|87044750|1585925496|00003668
openmpi-slave4|3241935350356|3242022395106|87044750|1585925496|01014699
openmpi-slave4|3241935350356|3242022395106|87044750|1585925496|00001205
openmpi-slave4|3241935350356|3242022395106|87044750|1585925496|00001016
openmpi-slave4|3241935350356|3242022395106|87044750|1585925496|00001332
openmpi-slave4|3241935350356|3242022395106|87044750|1585925496|00001113
openmpi-slave4|3241935350356|3242022395106|87044750|1585925496|00001132
openmpi-slave4|3241935350356|3242022395106|87044750|1585925496|00000996
openmpi-slave4|3241935350356|3242022395106|87044750|1585925496|00001389
openmpi-slave4|3241935350356|3242022395106|87044750|1585925496|00001082
openmpi-slave4|3241935350356|3242022395106|87044750|1585925496|00001297
openmpi-slave4|3241935350356|3242022395106|87044750|1585925496|00000939
openmpi-slave4|3241935350356|3242022395106|87044750|1585925496|00001038
openmpi-slave4|3241935350356|3242022395106|87044750|1585925496|00001283
openmpi-slave4|3241935350356|3242022395106|87044750|1585925496|00000963
openmpi-slave4|3241935350356|3242022395106|87044750|1585925496|00001540
openmpi-slave4|3241935350356|3242022395106|87044750|1585925496|00001172
openmpi-slave4|3241935350356|3242022395106|87044750|1585925496|00001406
openmpi-slave4|3241935350356|3242022395106|87044750|1585925496|00001307
openmpi-slave4|3241935350356|3242022395106|87044750|1585925496|00001227
openmpi-slave4|3241935350356|3242022395106|87044750|1585925496|00001348
openmpi-slave4|3241935350356|3242022395106|87044750|1585925496|00001239
openmpi-slave4|3241935350356|3242022395106|87044750|1585925496|00001817
openmpi-slave4|3241935350356|3242022395106|87044750|1585925496|00001859
openmpi-slave4|3241935350356|3242022395106|87044750|1585925496|00001348
openmpi-slave4|3241935350356|3242022395106|87044750|1585925496|00001570
openmpi-slave4|3241935350356|3242022395106|87044750|1585925496|00001071
openmpi-slave4|3241935350356|3242022395106|87044750|1585925496|00001213
openmpi-slave4|3241935350356|3242022395106|87044750|1585925496|00001316
openmpi-slave4|3241935350356|3242022395106|87044750|1585925496|00001573
openmpi-slave4|3241935350356|3242022395106|87044750|1585925496|00001458
openmpi-slave4|3241935350356|3242022395106|87044750|1585925496|01016457
openmpi-slave4|3241935350356|3242022395106|87044750|1585925496|00001528
openmpi-slave4|3241935350356|3242022395106|87044750|1585925496|00001653
openmpi-slave4|3241935350356|3242022395106|87044750|1585925496|00001493
openmpi-slave4|3241935350356|3242022395106|87044750|1585925496|00001479
openmpi-slave4|3241935350356|3242022395106|87044750|1585925496|00001399
openmpi-slave4|3241935350356|3242022395106|87044750|1585925496|00000981
openmpi-slave4|3241935350356|3242022395106|87044750|1585925496|00001354
openmpi-slave4|3241935350356|3242022395106|87044750|1585925496|00001265
openmpi-slave4|3241935350356|3242022395106|87044750|1585925496|00002856
openmpi-slave4|3241935350356|3242022395106|87044750|1585925496|00001193
openmpi-slave4|3241935350356|3242022395106|87044750|1585925496|00002164
openmpi-slave4|3241935350356|3242022395106|87044750|1585925496|00001404
openmpi-slave4|3241935350356|3242022395106|87044750|1585925496|00001155
openmpi-slave4|3241935350356|3242022395106|87044750|1585925496|00003817
openmpi-slave4|3241935350356|3242022395106|87044750|1585925496|00001267
openmpi-slave4|3241935350356|3242022395106|87044750|1585925496|00001243
openmpi-slave4|3252275773968|3252377585266|101811298|1585925506|00001012
openmpi-slave4|3252275773968|3252377585266|101811298|1585925506|00004316
openmpi-slave4|3252275773968|3252377585266|101811298|1585925506|00001127
