openmpi-slave3|3231249300302|3231279678869|30378567|1585925485|00009346
openmpi-slave3|3231249300302|3231279678869|30378567|1585925485|00006217
openmpi-slave3|3231249300302|3231279678869|30378567|1585925485|00015691
openmpi-slave3|3231249300302|3231279678869|30378567|1585925485|00011060
openmpi-slave3|3231249300302|3231279678869|30378567|1585925485|00006654
openmpi-slave3|3231249300302|3231279678869|30378567|1585925485|00022944
openmpi-slave3|3231249300302|3231279678869|30378567|1585925485|01032479
openmpi-slave3|3231249300302|3231279678869|30378567|1585925485|01028774
openmpi-slave3|3231249300302|3231279678869|30378567|1585925485|00006979
openmpi-slave3|3242035231294|3242062738324|27507030|1585925496|01007020
openmpi-slave3|3242035231294|3242062738324|27507030|1585925496|00005005
openmpi-slave3|3242035231294|3242062738324|27507030|1585925496|01016004
openmpi-slave3|3242035231294|3242062738324|27507030|1585925496|00001392
openmpi-slave3|3242035231294|3242062738324|27507030|1585925496|00001025
openmpi-slave3|3242035231294|3242062738324|27507030|1585925496|00001478
openmpi-slave3|3242035231294|3242062738324|27507030|1585925496|00001530
openmpi-slave3|3242035231294|3242062738324|27507030|1585925496|00002759
openmpi-slave3|3242035231294|3242062738324|27507030|1585925496|00002961
openmpi-slave3|3242035231294|3242062738324|27507030|1585925496|00004200
openmpi-slave3|3242035231294|3242062738324|27507030|1585925496|00004120
openmpi-slave3|3242035231294|3242062738324|27507030|1585925496|03019465
openmpi-slave3|3242035231294|3242062738324|27507030|1585925496|00001351
openmpi-slave3|3242035231294|3242062738324|27507030|1585925496|00001330
openmpi-slave3|3242035231294|3242062738324|27507030|1585925496|00001965
openmpi-slave3|3242035231294|3242062738324|27507030|1585925496|00001910
openmpi-slave3|3242035231294|3242062738324|27507030|1585925496|00001414
openmpi-slave3|3242035231294|3242062738324|27507030|1585925496|00001487
openmpi-slave3|3242035231294|3242062738324|27507030|1585925496|00003311
openmpi-slave3|3242035231294|3242062738324|27507030|1585925496|00004947
openmpi-slave3|3242035231294|3242062738324|27507030|1585925496|00005077
openmpi-slave3|3242035231294|3242062738324|27507030|1585925496|01035596
openmpi-slave3|3242035231294|3242062738324|27507030|1585925496|01022927
openmpi-slave3|3242035231294|3242062738324|27507030|1585925496|00007502
openmpi-slave3|3242035231294|3242062738324|27507030|1585925496|00008256
openmpi-slave3|3242035231294|3242062738324|27507030|1585925496|01005056
openmpi-slave3|3242035231294|3242062738324|27507030|1585925496|00001453
openmpi-slave3|3242035231294|3242062738324|27507030|1585925496|00001234
openmpi-slave3|3242035231294|3242062738324|27507030|1585925496|00001461
openmpi-slave3|3242035231294|3242062738324|27507030|1585925496|00001804
openmpi-slave3|3242035231294|3242062738324|27507030|1585925496|00001642
openmpi-slave3|3242035231294|3242062738324|27507030|1585925496|00001961
openmpi-slave3|3242035231294|3242062738324|27507030|1585925496|00007376
openmpi-slave3|3242035231294|3242062738324|27507030|1585925496|00016000
openmpi-slave3|3242035231294|3242062738324|27507030|1585925496|00037410
openmpi-slave3|3242035231294|3242062738324|27507030|1585925496|00018177
openmpi-slave3|3242035231294|3242062738324|27507030|1585925496|00009709
openmpi-slave3|3242035231294|3242062738324|27507030|1585925496|01026107
openmpi-slave3|3242035231294|3242062738324|27507030|1585925496|00004397
openmpi-slave3|3252221076354|3252259329001|38252647|1585925506|01013429
openmpi-slave3|3252221076354|3252259329001|38252647|1585925506|00001696
openmpi-slave3|3252221076354|3252259329001|38252647|1585925506|00005473
openmpi-slave3|3252221076354|3252259329001|38252647|1585925506|00002275
openmpi-slave3|3252221076354|3252259329001|38252647|1585925506|00005375
openmpi-slave3|3252221076354|3252259329001|38252647|1585925506|01009208
openmpi-slave3|3252221076354|3252259329001|38252647|1585925506|00001411
openmpi-slave3|3252221076354|3252259329001|38252647|1585925506|00003292
openmpi-slave3|3252221076354|3252259329001|38252647|1585925506|00002520
openmpi-slave3|3252221076354|3252259329001|38252647|1585925506|00002680
openmpi-slave3|3252221076354|3252259329001|38252647|1585925506|00005668
openmpi-slave3|3252221076354|3252259329001|38252647|1585925506|00007617
openmpi-slave3|3252221076354|3252259329001|38252647|1585925506|00006281
openmpi-slave3|3252221076354|3252259329001|38252647|1585925506|00008495
openmpi-slave3|3252221076354|3252259329001|38252647|1585925506|00015212
openmpi-slave3|3252221076354|3252259329001|38252647|1585925506|00008264
openmpi-slave3|3252221076354|3252259329001|38252647|1585925506|00008015
openmpi-slave3|3252221076354|3252259329001|38252647|1585925506|00008772
openmpi-slave3|3252221076354|3252259329001|38252647|1585925506|00008045
openmpi-slave3|3252221076354|3252259329001|38252647|1585925506|00007964
openmpi-slave3|3252221076354|3252259329001|38252647|1585925506|00008217
openmpi-slave3|3252221076354|3252259329001|38252647|1585925506|00007898
openmpi-slave3|3252221076354|3252259329001|38252647|1585925506|00007334
openmpi-slave3|3252221076354|3252259329001|38252647|1585925506|00006485
openmpi-slave3|3252221076354|3252259329001|38252647|1585925506|00006596
openmpi-slave3|3252221076354|3252259329001|38252647|1585925506|00005373
openmpi-slave3|3252221076354|3252259329001|38252647|1585925506|00005883
openmpi-slave3|3252221076354|3252259329001|38252647|1585925506|00003929
openmpi-slave3|3252221076354|3252259329001|38252647|1585925506|00005984
openmpi-slave3|3252221076354|3252259329001|38252647|1585925506|00004419
openmpi-slave3|3252221076354|3252259329001|38252647|1585925506|00004814
openmpi-slave3|3252221076354|3252259329001|38252647|1585925506|00005287
openmpi-slave3|3252221076354|3252259329001|38252647|1585925506|00002498
openmpi-slave3|3252221076354|3252259329001|38252647|1585925506|00005486
openmpi-slave3|3252221076354|3252259329001|38252647|1585925506|00005074
openmpi-slave3|3252221076354|3252259329001|38252647|1585925506|00004827
openmpi-slave3|3252221076354|3252259329001|38252647|1585925506|00005315
openmpi-slave3|3252221076354|3252259329001|38252647|1585925506|00005142
openmpi-slave3|3252221076354|3252259329001|38252647|1585925506|00006849
openmpi-slave3|3252221076354|3252259329001|38252647|1585925506|00005465
openmpi-slave3|3252221076354|3252259329001|38252647|1585925506|00003924
openmpi-slave3|3252221076354|3252259329001|38252647|1585925506|00002573
openmpi-slave3|3252221076354|3252259329001|38252647|1585925506|00002835
openmpi-slave3|3252221076354|3252259329001|38252647|1585925506|01029628
openmpi-slave3|3252221076354|3252259329001|38252647|1585925506|00005205
openmpi-slave3|3252221076354|3252259329001|38252647|1585925506|00005329
openmpi-slave3|3252221076354|3252259329001|38252647|1585925506|00005886
openmpi-slave3|3252221076354|3252259329001|38252647|1585925506|00003706
openmpi-slave3|3252221076354|3252259329001|38252647|1585925506|00003777
openmpi-slave3|3252221076354|3252259329001|38252647|1585925506|00003240
openmpi-slave3|3252221076354|3252259329001|38252647|1585925506|00002590
openmpi-slave3|3252221076354|3252259329001|38252647|1585925506|00004456
