openmpi-slave1|3231073242290|3231258182373|184940083|1585925485|01045898
openmpi-slave1|3231073242290|3231258182373|184940083|1585925485|01022605
openmpi-slave1|3231073242290|3231258182373|184940083|1585925485|00007694
openmpi-slave1|3241973333125|3242042493767|69160642|1585925496|01012799
openmpi-slave1|3241973333125|3242042493767|69160642|1585925496|01019729
openmpi-slave1|3241973333125|3242042493767|69160642|1585925496|00001584
openmpi-slave1|3241973333125|3242042493767|69160642|1585925496|00002137
openmpi-slave1|3241973333125|3242042493767|69160642|1585925496|00001825
openmpi-slave1|3241973333125|3242042493767|69160642|1585925496|00003438
openmpi-slave1|3241973333125|3242042493767|69160642|1585925496|00004578
openmpi-slave1|3241973333125|3242042493767|69160642|1585925496|03025689
openmpi-slave1|3241973333125|3242042493767|69160642|1585925496|00001951
openmpi-slave1|3241973333125|3242042493767|69160642|1585925496|00002147
openmpi-slave1|3241973333125|3242042493767|69160642|1585925496|00002071
openmpi-slave1|3241973333125|3242042493767|69160642|1585925496|00003986
openmpi-slave1|3241973333125|3242042493767|69160642|1585925496|00004231
openmpi-slave1|3241973333125|3242042493767|69160642|1585925496|00004911
openmpi-slave1|3241973333125|3242042493767|69160642|1585925496|00004857
openmpi-slave1|3241973333125|3242042493767|69160642|1585925496|03047777
openmpi-slave1|3241973333125|3242042493767|69160642|1585925496|00001630
openmpi-slave1|3241973333125|3242042493767|69160642|1585925496|00001444
openmpi-slave1|3241973333125|3242042493767|69160642|1585925496|00001460
openmpi-slave1|3241973333125|3242042493767|69160642|1585925496|00001338
openmpi-slave1|3241973333125|3242042493767|69160642|1585925496|00001257
openmpi-slave1|3241973333125|3242042493767|69160642|1585925496|00001347
openmpi-slave1|3241973333125|3242042493767|69160642|1585925496|00001297
openmpi-slave1|3241973333125|3242042493767|69160642|1585925496|00001370
openmpi-slave1|3241973333125|3242042493767|69160642|1585925496|00001360
openmpi-slave1|3241973333125|3242042493767|69160642|1585925496|00001364
openmpi-slave1|3241973333125|3242042493767|69160642|1585925496|00001228
openmpi-slave1|3241973333125|3242042493767|69160642|1585925496|00001268
openmpi-slave1|3241973333125|3242042493767|69160642|1585925496|00001343
openmpi-slave1|3241973333125|3242042493767|69160642|1585925496|00001397
openmpi-slave1|3241973333125|3242042493767|69160642|1585925496|00001312
openmpi-slave1|3241973333125|3242042493767|69160642|1585925496|00001272
openmpi-slave1|3241973333125|3242042493767|69160642|1585925496|00001382
openmpi-slave1|3241973333125|3242042493767|69160642|1585925496|00001398
openmpi-slave1|3241973333125|3242042493767|69160642|1585925496|00001470
openmpi-slave1|3241973333125|3242042493767|69160642|1585925496|00001439
openmpi-slave1|3241973333125|3242042493767|69160642|1585925496|00001496
openmpi-slave1|3241973333125|3242042493767|69160642|1585925496|00001471
openmpi-slave1|3241973333125|3242042493767|69160642|1585925496|00001717
openmpi-slave1|3241973333125|3242042493767|69160642|1585925496|00001732
openmpi-slave1|3241973333125|3242042493767|69160642|1585925496|00002346
openmpi-slave1|3241973333125|3242042493767|69160642|1585925496|00008031
openmpi-slave1|3241973333125|3242042493767|69160642|1585925496|00027017
openmpi-slave1|3241973333125|3242042493767|69160642|1585925496|00034905
openmpi-slave1|3241973333125|3242042493767|69160642|1585925496|00009334
openmpi-slave1|3241973333125|3242042493767|69160642|1585925496|00006764
openmpi-slave1|3241973333125|3242042493767|69160642|1585925496|01034192
openmpi-slave1|3241973333125|3242042493767|69160642|1585925496|01018107
openmpi-slave1|3241973333125|3242042493767|69160642|1585925496|00003065
openmpi-slave1|3241973333125|3242042493767|69160642|1585925496|00006832
openmpi-slave1|3252306952284|3252410134475|103182191|1585925506|01011902
openmpi-slave1|3252306952284|3252410134475|103182191|1585925506|00001627
openmpi-slave1|3252306952284|3252410134475|103182191|1585925506|00002766
openmpi-slave1|3252306952284|3252410134475|103182191|1585925506|00003105
openmpi-slave1|3252306952284|3252410134475|103182191|1585925506|00005394
openmpi-slave1|3252306952284|3252410134475|103182191|1585925506|00006423
openmpi-slave1|3252306952284|3252410134475|103182191|1585925506|00012025
openmpi-slave1|3252306952284|3252410134475|103182191|1585925506|00004916
openmpi-slave1|3252306952284|3252410134475|103182191|1585925506|00010511
openmpi-slave1|3252306952284|3252410134475|103182191|1585925506|00006480
openmpi-slave1|3252306952284|3252410134475|103182191|1585925506|00008117
openmpi-slave1|3252306952284|3252410134475|103182191|1585925506|00008665
openmpi-slave1|3252306952284|3252410134475|103182191|1585925506|00008936
openmpi-slave1|3252306952284|3252410134475|103182191|1585925506|00007833
openmpi-slave1|3252306952284|3252410134475|103182191|1585925506|00005439
openmpi-slave1|3252306952284|3252410134475|103182191|1585925506|00007866
openmpi-slave1|3252306952284|3252410134475|103182191|1585925506|00006097
openmpi-slave1|3252306952284|3252410134475|103182191|1585925506|00007302
openmpi-slave1|3252306952284|3252410134475|103182191|1585925506|00008207
openmpi-slave1|3252306952284|3252410134475|103182191|1585925506|00004869
openmpi-slave1|3252306952284|3252410134475|103182191|1585925506|00006591
openmpi-slave1|3252306952284|3252410134475|103182191|1585925506|00004641
openmpi-slave1|3252306952284|3252410134475|103182191|1585925506|00004371
openmpi-slave1|3252306952284|3252410134475|103182191|1585925506|00006092
openmpi-slave1|3252306952284|3252410134475|103182191|1585925506|00004063
openmpi-slave1|3252306952284|3252410134475|103182191|1585925506|00004972
openmpi-slave1|3252306952284|3252410134475|103182191|1585925506|00005038
openmpi-slave1|3252306952284|3252410134475|103182191|1585925506|00002653
openmpi-slave1|3252306952284|3252410134475|103182191|1585925506|00005595
openmpi-slave1|3252306952284|3252410134475|103182191|1585925506|00005064
openmpi-slave1|3252306952284|3252410134475|103182191|1585925506|00004810
openmpi-slave1|3252306952284|3252410134475|103182191|1585925506|00005427
openmpi-slave1|3252306952284|3252410134475|103182191|1585925506|00005317
openmpi-slave1|3252306952284|3252410134475|103182191|1585925506|00006433
openmpi-slave1|3252306952284|3252410134475|103182191|1585925506|00004335
openmpi-slave1|3252306952284|3252410134475|103182191|1585925506|00003728
openmpi-slave1|3252306952284|3252410134475|103182191|1585925506|00003168
openmpi-slave1|3252306952284|3252410134475|103182191|1585925506|00002185
openmpi-slave1|3252306952284|3252410134475|103182191|1585925506|00002348
openmpi-slave1|3252306952284|3252410134475|103182191|1585925506|00002349
openmpi-slave1|3252306952284|3252410134475|103182191|1585925506|00001545
openmpi-slave1|3252306952284|3252410134475|103182191|1585925506|00001608
openmpi-slave1|3252306952284|3252410134475|103182191|1585925506|01026095
openmpi-slave1|3252306952284|3252410134475|103182191|1585925506|00005445
openmpi-slave1|3252306952284|3252410134475|103182191|1585925506|00003566
openmpi-slave1|3252306952284|3252410134475|103182191|1585925506|00002852
openmpi-slave1|3252306952284|3252410134475|103182191|1585925506|00003037
