openmpi-slave4|3241935350356|3242022395106|87044750|1585925496|03048480
openmpi-slave4|3241935350356|3242022395106|87044750|1585925496|00003574
openmpi-slave4|3241935350356|3242022395106|87044750|1585925496|00003419
openmpi-slave4|3241935350356|3242022395106|87044750|1585925496|00004234
openmpi-slave4|3241935350356|3242022395106|87044750|1585925496|00005023
openmpi-slave4|3241935350356|3242022395106|87044750|1585925496|01004273
openmpi-slave4|3241935350356|3242022395106|87044750|1585925496|00001234
openmpi-slave4|3241935350356|3242022395106|87044750|1585925496|00001155
openmpi-slave4|3241935350356|3242022395106|87044750|1585925496|00001118
openmpi-slave4|3241935350356|3242022395106|87044750|1585925496|00000966
openmpi-slave4|3241935350356|3242022395106|87044750|1585925496|00001041
openmpi-slave4|3241935350356|3242022395106|87044750|1585925496|00001112
openmpi-slave4|3241935350356|3242022395106|87044750|1585925496|00001064
openmpi-slave4|3241935350356|3242022395106|87044750|1585925496|00001016
openmpi-slave4|3241935350356|3242022395106|87044750|1585925496|00001075
openmpi-slave4|3241935350356|3242022395106|87044750|1585925496|00001082
openmpi-slave4|3241935350356|3242022395106|87044750|1585925496|00000953
openmpi-slave4|3241935350356|3242022395106|87044750|1585925496|00000993
openmpi-slave4|3241935350356|3242022395106|87044750|1585925496|00000897
openmpi-slave4|3241935350356|3242022395106|87044750|1585925496|00001415
openmpi-slave4|3241935350356|3242022395106|87044750|1585925496|00001707
openmpi-slave4|3241935350356|3242022395106|87044750|1585925496|00002295
openmpi-slave4|3241935350356|3242022395106|87044750|1585925496|00001995
openmpi-slave4|3241935350356|3242022395106|87044750|1585925496|00003748
openmpi-slave4|3241935350356|3242022395106|87044750|1585925496|00005705
openmpi-slave4|3241935350356|3242022395106|87044750|1585925496|03046299
openmpi-slave4|3241935350356|3242022395106|87044750|1585925496|01022903
openmpi-slave4|3241935350356|3242022395106|87044750|1585925496|00006051
openmpi-slave4|3241935350356|3242022395106|87044750|1585925496|00005811
openmpi-slave4|3241935350356|3242022395106|87044750|1585925496|01010772
openmpi-slave4|3241935350356|3242022395106|87044750|1585925496|00005709
openmpi-slave4|3241935350356|3242022395106|87044750|1585925496|00004900
openmpi-slave4|3241935350356|3242022395106|87044750|1585925496|00006508
openmpi-slave4|3241935350356|3242022395106|87044750|1585925496|00007837
openmpi-slave4|3241935350356|3242022395106|87044750|1585925496|01040469
openmpi-slave4|3241935350356|3242022395106|87044750|1585925496|00027647
openmpi-slave4|3241935350356|3242022395106|87044750|1585925496|00020101
openmpi-slave4|3241935350356|3242022395106|87044750|1585925496|01027389
openmpi-slave4|3241935350356|3242022395106|87044750|1585925496|00003945
openmpi-slave4|3241935350356|3242022395106|87044750|1585925496|00005066
openmpi-slave4|3241935350356|3242022395106|87044750|1585925496|00005778
openmpi-slave4|3241935350356|3242022395106|87044750|1585925496|00005044
openmpi-slave4|3241935350356|3242022395106|87044750|1585925496|01002301
openmpi-slave4|3241935350356|3242022395106|87044750|1585925496|00001609
openmpi-slave4|3241935350356|3242022395106|87044750|1585925496|00003120
openmpi-slave4|3241935350356|3242022395106|87044750|1585925496|00002139
openmpi-slave4|3241935350356|3242022395106|87044750|1585925496|00001377
openmpi-slave4|3241935350356|3242022395106|87044750|1585925496|00001479
openmpi-slave4|3241935350356|3242022395106|87044750|1585925496|00001731
openmpi-slave4|3241935350356|3242022395106|87044750|1585925496|00001628
openmpi-slave4|3241935350356|3242022395106|87044750|1585925496|00004791
openmpi-slave4|3241935350356|3242022395106|87044750|1585925496|00002127
openmpi-slave4|3241935350356|3242022395106|87044750|1585925496|00006910
openmpi-slave4|3252275773968|3252377585266|101811298|1585925506|01034304
openmpi-slave4|3252275773968|3252377585266|101811298|1585925506|00007382
openmpi-slave4|3252275773968|3252377585266|101811298|1585925506|00003316
openmpi-slave4|3252275773968|3252377585266|101811298|1585925506|00003648
openmpi-slave4|3252275773968|3252377585266|101811298|1585925506|00011377
openmpi-slave4|3252275773968|3252377585266|101811298|1585925506|00009893
openmpi-slave4|3252275773968|3252377585266|101811298|1585925506|00008148
openmpi-slave4|3252275773968|3252377585266|101811298|1585925506|00009322
openmpi-slave4|3252275773968|3252377585266|101811298|1585925506|00007165
openmpi-slave4|3252275773968|3252377585266|101811298|1585925506|00008570
openmpi-slave4|3252275773968|3252377585266|101811298|1585925506|00009868
openmpi-slave4|3252275773968|3252377585266|101811298|1585925506|00005851
openmpi-slave4|3252275773968|3252377585266|101811298|1585925506|00005433
openmpi-slave4|3252275773968|3252377585266|101811298|1585925506|00006361
openmpi-slave4|3252275773968|3252377585266|101811298|1585925506|00002607
openmpi-slave4|3252275773968|3252377585266|101811298|1585925506|00008106
openmpi-slave4|3252275773968|3252377585266|101811298|1585925506|00003811
openmpi-slave4|3252275773968|3252377585266|101811298|1585925506|00006032
openmpi-slave4|3252275773968|3252377585266|101811298|1585925506|00003817
openmpi-slave4|3252275773968|3252377585266|101811298|1585925506|00003415
openmpi-slave4|3252275773968|3252377585266|101811298|1585925506|00004450
openmpi-slave4|3252275773968|3252377585266|101811298|1585925506|00004044
openmpi-slave4|3252275773968|3252377585266|101811298|1585925506|00006206
openmpi-slave4|3252275773968|3252377585266|101811298|1585925506|00004802
openmpi-slave4|3252275773968|3252377585266|101811298|1585925506|00005855
openmpi-slave4|3252275773968|3252377585266|101811298|1585925506|00005129
openmpi-slave4|3252275773968|3252377585266|101811298|1585925506|00004809
openmpi-slave4|3252275773968|3252377585266|101811298|1585925506|00005272
openmpi-slave4|3252275773968|3252377585266|101811298|1585925506|00006865
openmpi-slave4|3252275773968|3252377585266|101811298|1585925506|00005040
openmpi-slave4|3252275773968|3252377585266|101811298|1585925506|00004302
openmpi-slave4|3252275773968|3252377585266|101811298|1585925506|00003782
openmpi-slave4|3252275773968|3252377585266|101811298|1585925506|01026927
openmpi-slave4|3252275773968|3252377585266|101811298|1585925506|00002700
openmpi-slave4|3252275773968|3252377585266|101811298|1585925506|00001643
openmpi-slave4|3252275773968|3252377585266|101811298|1585925506|00001766
openmpi-slave4|3252275773968|3252377585266|101811298|1585925506|00003833
openmpi-slave4|3252275773968|3252377585266|101811298|1585925506|00005109
openmpi-slave4|3252275773968|3252377585266|101811298|1585925506|00005912
openmpi-slave4|3252275773968|3252377585266|101811298|1585925506|00005408
openmpi-slave4|3252275773968|3252377585266|101811298|1585925506|00003692
openmpi-slave4|3252275773968|3252377585266|101811298|1585925506|00003843
openmpi-slave4|3252275773968|3252377585266|101811298|1585925506|00002359
openmpi-slave4|3252275773968|3252377585266|101811298|1585925506|00003773
openmpi-slave4|3252275773968|3252377585266|101811298|1585925506|00004127
openmpi-slave4|3252275773968|3252377585266|101811298|1585925506|00001926
openmpi-slave4|3252275773968|3252377585266|101811298|1585925506|00003508
