1585581462-0002-000|1575400476275954|1575400556485378|80209424|1585581462|00187548
1585581462-0002-000|1575401562813806|1575401651285796|88471990|1585581463|00098192
1585581462-0002-000|1575402661182320|1575402745623844|84441524|1585581464|00092647
1585581462-0002-000|1575403763845069|1575403846751889|82906820|1585581465|00105649
1585581462-0002-000|1575404859410356|1575404943453580|84043224|1585581466|00094019
1585581462-0002-000|1575405962969421|1575406047076067|84106646|1585581467|00099742
1585581462-0002-000|1575407058681300|1575407139510990|80829690|1585581468|00092464
1585581462-0002-000|1575408154105472|1575408230396642|76291170|1585581469|00092186
1585581462-0002-000|1575409242621492|1575409321950331|79328839|1585581471|00093947
1585581462-0002-000|1575410340411672|1575410415497194|75085522|1585581472|00092794
1585581462-0002-000|1575411430500115|1575411509520654|79020539|1585581473|00091684
1585581462-0002-000|1575412518596270|1575412604988109|86391839|1585581474|00094387
1585581462-0002-000|1575413618951167|1575413702053428|83102261|1585581475|00095628
1585581462-0002-000|1575414715264530|1575414799063924|83799394|1585581476|00096902
1585581462-0002-000|1575415835833971|1575415900826788|64992817|1585581477|00101493
1585581462-0002-000|1575416905829887|1575417002447523|96617636|1585581478|00101519
1585581462-0002-000|1575418010914960|1575418102041402|91126442|1585581479|00100377
1585581462-0002-000|1575419114413316|1575419195338087|80924771|1585581480|00092742
1585581462-0002-000|1575420207202206|1575420294741916|87539710|1585581482|00098546
1585581462-0002-000|1575421303073253|1575421398162298|95089045|1585581483|00105692
1585581462-0002-000|1575422411619262|1575422526196472|114577210|1585581484|00132126
1585581462-0002-000|1575423542334304|1575423626993564|84659260|1585581485|00096210
1585581462-0002-000|1575424635112262|1575424727150594|92038332|1585581486|00097598
1585581462-0002-000|1575425741137208|1575425820720142|79582934|1585581487|00093523
1585581462-0002-000|1575426826599455|1575426922045467|95446012|1585581488|00105463
1585581462-0002-000|1575427934349045|1575428021932500|87583455|1585581489|00099573
1585581462-0002-000|1575429031817217|1575429114550260|82733043|1585581490|00092669
1585581462-0002-000|1575430127202919|1575430210614543|83411624|1585581491|00094868
1585581462-0002-000|1575431226714634|1575431305952337|79237703|1585581493|00092651
1585581462-0002-000|1575432318702653|1575432399099255|80396602|1585581494|00095232
1585581462-0002-000|1575433410698296|1575433492964563|82266267|1585581495|00091650
1585581462-0002-000|1575434502156412|1575434587264195|85107783|1585581496|00097896
1585581462-0002-000|1575435603749957|1575435717802313|114052356|1585581497|00126128
1585581462-0002-000|1575436732427826|1575436817346884|84919058|1585581498|00099372
1585581462-0002-000|1575437830723605|1575437914413926|83690321|1585581499|00101842
1585581462-0002-000|1575438933867320|1575439008945254|75077934|1585581500|00090927
1585581462-0002-000|1575440018489347|1575440101291030|82801683|1585581501|00091255
1585581462-0002-000|1575441110635581|1575441193961306|83325725|1585581502|00091517
1585581462-0002-000|1575442208758263|1575442283653683|74895420|1585581504|00092145
1585581462-0002-000|1575443301511212|1575443400920258|99409046|1585581505|00115107
1585581462-0002-000|1575444416067245|1575444518028564|101961319|1585581506|00118264
1585581462-0002-000|1575445526715335|1575445615457002|88741667|1585581507|00095158
1585581462-0002-000|1575446629510714|1575446710688993|81178279|1585581508|00095108
1585581462-0002-000|1575447718490953|1575447800888613|82397660|1585581509|00091396
1585581462-0002-000|1575448810914771|1575448900402677|89487906|1585581510|00097412
1585581462-0002-000|1575449913495948|1575449992677056|79181108|1585581511|00092290
1585581462-0002-000|1575450998660993|1575451086195798|87534805|1585581512|00096265
1585581462-0002-000|1575452098851920|1575452178715309|79863389|1585581513|00094847
1585581462-0002-000|1575453197967300|1575453296606979|98639679|1585581515|00115107
1585581462-0002-000|1575454311789225|1575454395834180|84044955|1585581516|00103421
1585581462-0002-000|1575455412983259|1575455496682071|83698812|1585581517|00093721
1585581462-0002-000|1575456503203317|1575456592159901|88956584|1585581518|00096023
1585581462-0002-000|1575457608594240|1575457691515872|82921632|1585581519|00101691
1585581462-0002-000|1575458714171753|1575458791164172|76992419|1585581520|00096541
1585581462-0002-000|1575459805280995|1575459891120939|85839944|1585581521|00105591
1585581462-0002-000|1575460907171844|1575460993679979|86508135|1585581522|00096341
1585581462-0002-000|1575462008877801|1575462089301805|80424004|1585581523|00095116
1585581462-0002-000|1575463103041775|1575463200523847|97482072|1585581524|00111032
1585581462-0002-000|1575464207962163|1575464322870415|114908252|1585581526|00123682
1585581462-0002-000|1575465333703976|1575465413924135|80220159|1585581527|00090768
1585581462-0002-000|1575466429444962|1575466508497309|79052347|1585581528|00092966
1585581462-0002-000|1575467514660449|1575467606894397|92233948|1585581529|00098180
1585581462-0002-000|1575468614576160|1575468699601784|85025624|1585581530|00097137
1585581462-0002-000|1575469710576539|1575469794975007|84398468|1585581531|00092629
1585581462-0002-000|1575470816092876|1575470901238282|85145406|1585581532|00103936
1585581462-0002-000|1575471906556479|1575471994183169|87626690|1585581533|00094365
1585581462-0002-000|1575473005961909|1575473089809262|83847353|1585581534|00095991
1585581462-0002-000|1575474105563042|1575474181793078|76230036|1585581535|00092142
1585581462-0002-000|1575475190543241|1575475280096522|89553281|1585581537|00097543
1585581462-0002-000|1575476287947622|1575476373778936|85831314|1585581538|00092433
1585581462-0002-000|1575477388890681|1575477467976462|79085781|1585581539|00095357
1585581462-0002-000|1575478475684078|1575478568483807|92799729|1585581540|00098194
1585581462-0002-000|1575479582846788|1575479663856644|81009856|1585581541|00102569
1585581462-0002-000|1575480685479993|1575480771152655|85672662|1585581542|00099720
1585581462-0002-000|1575481784955373|1575481869399855|84444482|1585581543|00099373
1585581462-0002-000|1575482883071491|1575482963504324|80432833|1585581544|00099410
1585581462-0002-000|1575483978403713|1575484065312795|86909082|1585581545|00094856
1585581462-0002-000|1575485073281408|1575485158971973|85690565|1585581546|00093438
1585581462-0002-000|1575486173365865|1575486252534881|79169016|1585581547|00094128
1585581462-0002-000|1575487270647304|1575487351875078|81227774|1585581549|00099270
1585581462-0002-000|1575488367339250|1575488450048670|82709420|1585581550|00097130
1585581462-0002-000|1575489462980808|1575489542235739|79254931|1585581551|00093379
1585581462-0002-000|1575490557104695|1575490634424884|77320189|1585581552|00095665
1585581462-0002-000|1575491650480871|1575491737967915|87487044|1585581553|00098559
1585581462-0002-000|1575492746728688|1575492839365215|92636527|1585581554|00101337
1585581462-0002-000|1575493850473213|1575493930227722|79754509|1585581555|00092667
1585581462-0002-000|1575494938365783|1575495028599777|90233994|1585581556|00096538
1585581462-0002-000|1575496042383559|1575496130987927|88604368|1585581557|00101905
1585581462-0002-000|1575497138105834|1575497221108980|83003146|1585581558|00092674
1585581462-0002-000|1575498238114898|1575498317796577|79681679|1585581560|00095076
1585581462-0002-000|1575499334428699|1575499412809846|78381147|1585581561|00096526
1585581462-0002-000|1575500422764286|1575500506038424|83274138|1585581562|00093297
1585581462-0002-000|1575501515502648|1575501602858030|87355382|1585581563|00094613
1585581462-0002-000|1575502614808021|1575502694331640|79523619|1585581564|00094723
1585581462-0002-000|1575503709454842|1575503791247539|81792697|1585581565|00095336
1585581462-0002-000|1575504809110311|1575504890914627|81804316|1585581566|00095842
1585581462-0002-000|1575505898831312|1575505981528258|82696946|1585581567|00091704
1585581462-0002-000|1575506994910899|1575507071851520|76940621|1585581568|00093007
1585581462-0002-000|1575508086523446|1575508167746292|81222846|1585581569|00092527
1585581462-0002-000|1575509174783387|1575509260982646|86199259|1585581570|00092454
