1585578271-0010-000|1572210114651961|1572210198391039|83739078|1585578271|00104417
1585578271-0010-000|1572210594672407|1572210703528543|108856136|1585578272|00510082
1585578271-0010-000|1572211052653161|1572211158188956|105535795|1585578272|00457230
1585578271-0010-000|1572211475966558|1572211628105350|152138792|1585578273|00463959
1585578271-0010-000|1572211942176865|1572212092417270|150240405|1585578273|00467858
1585578271-0010-000|1572212402839522|1572212560887668|158048146|1585578274|00463869
1585578271-0010-000|1572212921764464|1572213055151390|133386926|1585578274|00503852
1585578271-0010-000|1572213386541859|1572213530701948|144160089|1585578275|00471874
1585578271-0010-000|1572213810844615|1572213980789571|169944956|1585578275|00441006
1585578271-0010-000|1572214260439893|1572214400458772|140018879|1585578276|00422700
1585578271-0010-000|1572214718161523|1572214871788794|153627271|1585578276|00484073
1585578271-0010-000|1572215214732553|1572215358563163|143830610|1585578277|00483556
1585578271-0010-000|1572215686550248|1572215834745909|148195661|1585578277|00473661
1585578271-0010-000|1572216189623462|1572216332525037|142901575|1585578278|00494353
1585578271-0010-000|1572216621858131|1572216784276152|162418021|1585578278|00444353
1585578271-0010-000|1572217081962057|1572217223309645|141347588|1585578278|00455229
1585578271-0010-000|1572217581629789|1572217723337336|141707547|1585578279|00498135
1585578271-0010-000|1572218025489341|1572218166149755|140660414|1585578279|00437596
1585578271-0010-000|1572218537907776|1572218688108395|150200619|1585578280|00512768
1585578271-0010-000|1572218981069809|1572219130462672|149392863|1585578280|00451073
1585578271-0010-000|1572219434117389|1572219578793823|144676434|1585578281|00455788
1585578271-0010-000|1572219945638803|1572220090604441|144965638|1585578281|00499911
1585578271-0010-000|1572220404242740|1572220538558013|134315273|1585578282|00459841
1585578271-0010-000|1572220897750958|1572221023871032|126120074|1585578282|00481082
1585578271-0010-000|1572221355623471|1572221502410705|146787234|1585578283|00478706
1585578271-0010-000|1572221770164412|1572221922213030|152048618|1585578283|00415792
1585578271-0010-000|1572222250201120|1572222403850958|153649838|1585578284|00492004
1585578271-0010-000|1572222747192885|1572222891064075|143871190|1585578284|00479760
1585578271-0010-000|1572223216683061|1572223352952147|136269086|1585578285|00459903
1585578271-0010-000|1572223627320804|1572223773873092|146552288|1585578285|00423890
1585578271-0010-000|1572224114882431|1572224299169947|184287516|1585578286|00519827
1585578271-0010-000|1572224620118512|1572224757709747|137591235|1585578286|00459813
1585578271-0010-000|1572225089930969|1572225252460657|162529688|1585578286|00487839
1585578271-0010-000|1572225570738999|1572225723185686|152446687|1585578287|00471958
1585578271-0010-000|1572226011661428|1572226165386268|153724840|1585578287|00439298
1585578271-0010-000|1572226507736644|1572226668357630|160620986|1585578288|00502698
1585578271-0010-000|1572227005470166|1572227152606764|147136598|1585578288|00484713
1585578271-0010-000|1572227486568987|1572227623550977|136981990|1585578289|00484708
1585578271-0010-000|1572227981839452|1572228125544259|143704807|1585578289|00489257
1585578271-0010-000|1572228461993105|1572228618550290|156557185|1585578290|00489184
1585578271-0010-000|1572228951079756|1572229133337611|182257855|1585578290|00514815
1585578271-0010-000|1572229420736500|1572229573559494|152822994|1585578291|00450360
1585578271-0010-000|1572229912494598|1572230046003748|133509150|1585578291|00479850
1585578271-0010-000|1572230391932502|1572230541868138|149935636|1585578292|00479743
1585578271-0010-000|1572230845245104|1572230992463451|147218347|1585578292|00451864
1585578271-0010-000|1572231269088674|1572231420142941|151054267|1585578293|00424312
1585578271-0010-000|1572231726196992|1572231888721205|162524213|1585578293|00471436
1585578271-0010-000|1572232230689952|1572232388703995|158014043|1585578294|00499885
1585578271-0010-000|1572232690345215|1572232835590209|145244994|1585578294|00455859
1585578271-0010-000|1572233176557494|1572233313893878|137336384|1585578295|00471951
1585578271-0010-000|1572233602615454|1572233760876217|158260763|1585578295|00447775
1585578271-0010-000|1572234053832856|1572234201152793|147319937|1585578295|00435795
1585578271-0010-000|1572234478782607|1572234623394924|144612317|1585578296|00431892
1585578271-0010-000|1572234967010295|1572235116898686|149888391|1585578296|00491877
1585578271-0010-000|1572235440772544|1572235587413547|146641003|1585578297|00476021
1585578271-0010-000|1572235936171567|1572236067584889|131413322|1585578297|00479757
1585578271-0010-000|1572236424527215|1572236567243180|142715965|1585578298|00493600
1585578271-0010-000|1572236917518789|1572237051161091|133642302|1585578298|00487091
1585578271-0010-000|1572237398292934|1572237552568385|154275451|1585578299|00488675
1585578271-0010-000|1572237893790490|1572238030365801|136575311|1585578299|00482174
1585578271-0010-000|1572238389040427|1572238536331689|147291262|1585578300|00500302
1585578271-0010-000|1572238815755261|1572238980337553|164582292|1585578300|00443964
1585578271-0010-000|1572239325517840|1572239462107447|136589607|1585578301|00486599
1585578271-0010-000|1572239810933235|1572239988459241|177526006|1585578301|00521398
1585578271-0010-000|1572240289610492|1572240462395465|172784973|1585578302|00491196
1585578271-0010-000|1572240867246080|1572241030017933|162771853|1585578302|00563873
1585578271-0010-000|1572241360384766|1572241510603240|150218474|1585578303|00479700
1585578271-0010-000|1572241906582324|1572242057978238|151395914|1585578303|00540157
1585578271-0010-000|1572242362693962|1572242543489185|180795223|1585578304|00487440
1585578271-0010-000|1572242901353176|1572243071909755|170556579|1585578304|00524172
1585578271-0010-000|1572243389769425|1572243540212036|150442611|1585578305|00471647
1585578271-0010-000|1572243922589249|1572244137364287|214775038|1585578305|00591843
1585578271-0010-000|1572244538366503|1572244698449151|160082648|1585578306|00567867
1585578271-0010-000|1572244970591118|1572245119857487|149266369|1585578306|00428094
1585578271-0010-000|1572245498154591|1572245706511845|208357254|1585578307|00583673
1585578271-0010-000|1572246081598342|1572246240268982|158670640|1585578307|00523792
1585578271-0010-000|1572246531044129|1572246687231580|156187451|1585578308|00453262
1585578271-0010-000|1572247001964591|1572247157442398|155477807|1585578308|00460260
1585578271-0010-000|1572247480359876|1572247603207934|122848058|1585578309|00462151
1585578271-0010-000|1572247942105550|1572248077423038|135317488|1585578309|00467887
1585578271-0010-000|1572248307003809|1572248456319502|149315693|1585578310|00369317
1585578271-0010-000|1572248793938606|1572248930446596|136507990|1585578310|00482403
1585578271-0010-000|1572249296988172|1572249437508660|140520488|1585578311|00508009
1585578271-0010-000|1572249755638974|1572249923735821|168096847|1585578311|00491853
1585578271-0010-000|1572250272669777|1572250399717039|127047262|1585578312|00474938
1585578271-0010-000|1572250626032602|1572250770696044|144663442|1585578312|00362841
1585578271-0010-000|1572251108630457|1572251231760443|123129986|1585578312|00464288
1585578271-0010-000|1572251581271475|1572251733828033|152556558|1585578313|00493279
1585578271-0010-000|1572252077810350|1572252233035644|155225294|1585578313|00499917
1585578271-0010-000|1572252562381647|1572252701871517|139489870|1585578314|00474807
1585578271-0010-000|1572253050259116|1572253198898832|148639716|1585578314|00496800
1585578271-0010-000|1572253418398944|1572253573432712|155033768|1585578315|00367998
1585578271-0010-000|1572253898470430|1572254045109031|146638601|1585578315|00471770
1585578271-0010-000|1572254374489228|1572254507700350|133211122|1585578316|00475887
1585578271-0010-000|1572254854585650|1572255002304759|147719109|1585578316|00487821
1585578271-0010-000|1572255230335571|1572255363764645|133429074|1585578317|00367970
1585578271-0010-000|1572255675515361|1572255830895313|155379952|1585578317|00457602
1585578271-0010-000|1572256179511177|1572256331612588|152101411|1585578318|00502128
1585578271-0010-000|1572256655989929|1572256799176612|143186683|1585578318|00471805
1585578271-0010-000|1572257019880561|1572257151692898|131812337|1585578318|00355826
