1585581238-0001-000|1575176601463354|1575176684480619|83017265|1585581238|00098619
1585581238-0001-000|1575177692576185|1575177767811912|75235727|1585581239|00087784
1585581238-0001-000|1575178793020778|1575178875277218|82256440|1585581240|00103749
1585581238-0001-000|1575179889569664|1575180002783137|113213473|1585581241|00126419
1585581238-0001-000|1575181015679431|1575181109403858|93724427|1585581242|00105242
1585581238-0001-000|1575182125092762|1575182241394785|116302023|1585581243|00131703
1585581238-0001-000|1575183252493297|1575183335727336|83234039|1585581245|00097914
1585581238-0001-000|1575184347571673|1575184452419751|104848078|1585581246|00113753
1585581238-0001-000|1575185469663007|1575185551679409|82016402|1585581247|00097904
1585581238-0001-000|1575186561665883|1575186644462670|82796787|1585581248|00093689
1585581238-0001-000|1575187653112684|1575187735749675|82636991|1585581249|00087831
1585581238-0001-000|1575188752207667|1575188823278410|71070743|1585581250|00095789
1585581238-0001-000|1575189838834073|1575189918496926|79662853|1585581251|00093497
1585581238-0001-000|1575190933523658|1575191018055682|84532024|1585581252|00097332
1585581238-0001-000|1575192032967544|1575192124184748|91217204|1585581253|00102475
1585581238-0001-000|1575193133528098|1575193220254439|86726341|1585581254|00094547
1585581238-0001-000|1575194224971068|1575194309155789|84184721|1585581256|00091303
1585581238-0001-000|1575195317958024|1575195441645208|123687184|1585581257|00134619
1585581238-0001-000|1575196451855592|1575196558055219|106199627|1585581258|00113086
1585581238-0001-000|1575197567399265|1575197646309790|78910525|1585581259|00092962
1585581238-0001-000|1575198665234617|1575198739294778|74060161|1585581260|00094724
1585581238-0001-000|1575199752548205|1575199827720711|75172506|1585581261|00088932
1585581238-0001-000|1575200845330421|1575200926371041|81040620|1585581262|00094384
1585581238-0001-000|1575201936646924|1575202018102017|81455093|1585581263|00093192
1585581238-0001-000|1575203040345140|1575203111706079|71360939|1585581264|00092944
1585581238-0001-000|1575204138461848|1575204232699970|94238122|1585581265|00115515
1585581238-0001-000|1575205242898986|1575205318007080|75108094|1585581267|00092158
1585581238-0001-000|1575206340558540|1575206432258488|91699948|1585581268|00106112
1585581238-0001-000|1575207441006575|1575207519814768|78808193|1585581269|00095884
1585581238-0001-000|1575208533238698|1575208617559757|84321059|1585581270|00093782
1585581238-0001-000|1575209636293415|1575209735868528|99575113|1585581271|00123047
1585581238-0001-000|1575210753082305|1575210835208161|82125856|1585581272|00094409
1585581238-0001-000|1575211857450530|1575211961195910|103745380|1585581273|00121068
1585581238-0001-000|1575212967642108|1575213064651972|97009864|1585581274|00106423
1585581238-0001-000|1575214078526177|1575214167265138|88738961|1585581275|00103835
1585581238-0001-000|1575215178714070|1575215273367020|94652950|1585581276|00101556
1585581238-0001-000|1575216292326591|1575216368904692|76578101|1585581278|00102098
1585581238-0001-000|1575217384909289|1575217479279832|94370543|1585581279|00115953
1585581238-0001-000|1575218505529874|1575218587148667|81618793|1585581280|00100004
1585581238-0001-000|1575219601398652|1575219681755054|80356402|1585581281|00089555
1585581238-0001-000|1575220687478360|1575220774235818|86757458|1585581282|00093201
1585581238-0001-000|1575221788813341|1575221867575387|78762046|1585581283|00100553
1585581238-0001-000|1575222880821567|1575222964740410|83918843|1585581284|00088728
1585581238-0001-000|1575223974914695|1575224060230265|85315570|1585581285|00095441
1585581238-0001-000|1575225065300752|1575225149755771|84455019|1585581286|00092773
1585581238-0001-000|1575226162702829|1575226246776120|84073291|1585581287|00098381
1585581238-0001-000|1575227261516225|1575227343598324|82082099|1585581289|00099765
1585581238-0001-000|1575228356760738|1575228452757116|95996378|1585581290|00101664
1585581238-0001-000|1575229465041384|1575229546719422|81678038|1585581291|00095337
1585581238-0001-000|1575230569031402|1575230644987312|75955910|1585581292|00098484
1585581238-0001-000|1575231656859530|1575231741576184|84716654|1585581293|00096730
1585581238-0001-000|1575232758684928|1575232841452486|82767558|1585581294|00102925
1585581238-0001-000|1575233852785870|1575233938268754|85482884|1585581295|00096025
1585581238-0001-000|1575234952987715|1575235045591996|92604281|1585581296|00103648
1585581238-0001-000|1575236060877258|1575236135673530|74796272|1585581297|00095922
1585581238-0001-000|1575237160921127|1575237231696707|70775580|1585581298|00095799
1585581238-0001-000|1575238246808216|1575238331220570|84412354|1585581300|00099809
1585581238-0001-000|1575239352860306|1575239423829914|70969608|1585581301|00091866
1585581238-0001-000|1575240449949149|1575240591059884|141110735|1585581302|00163726
1585581238-0001-000|1575241600846139|1575241694690678|93844539|1585581303|00103999
1585581238-0001-000|1575242709297993|1575242796460311|87162318|1585581304|00096341
1585581238-0001-000|1575243812438173|1575243911842980|99404807|1585581305|00120256
1585581238-0001-000|1575244922928781|1575245012310817|89382036|1585581306|00096147
1585581238-0001-000|1575246028180274|1575246137966167|109785893|1585581307|00128391
1585581238-0001-000|1575247147136024|1575247232759652|85623628|1585581308|00093416
1585581238-0001-000|1575248240902178|1575248322115728|81213550|1585581310|00092227
1585581238-0001-000|1575249337255823|1575249417410862|80155039|1585581311|00095892
1585581238-0001-000|1575250428570225|1575250534956987|106386762|1585581312|00116185
1585581238-0001-000|1575251547407297|1575251634157918|86750621|1585581313|00095473
1585581238-0001-000|1575252642967035|1575252732789173|89822138|1585581314|00099864
1585581238-0001-000|1575253741070138|1575253829662818|88592680|1585581315|00094449
1585581238-0001-000|1575254839126712|1575254922374764|83248052|1585581316|00095126
1585581238-0001-000|1575255931394372|1575256017046416|85652044|1585581317|00093782
1585581238-0001-000|1575257025465078|1575257110208407|84743329|1585581318|00095982
1585581238-0001-000|1575258132980843|1575258213822189|80841346|1585581319|00104913
1585581238-0001-000|1575259225946878|1575259307695371|81748493|1585581321|00090637
1585581238-0001-000|1575260317233513|1575260401505853|84272340|1585581322|00093894
1585581238-0001-000|1575261420197635|1575261505387736|85190101|1585581323|00103173
1585581238-0001-000|1575262515243466|1575262612135070|96891604|1585581324|00102833
1585581238-0001-000|1575263628907324|1575263705231950|76324626|1585581325|00093106
1585581238-0001-000|1575264714555324|1575264795464995|80909671|1585581326|00094449
1585581238-0001-000|1575265820098834|1575265896575668|76476834|1585581327|00099583
1585581238-0001-000|1575266911041864|1575266993814087|82772223|1585581328|00099827
1585581238-0001-000|1575268007031446|1575268120091100|113059654|1585581329|00123881
1585581238-0001-000|1575269129069290|1575269214112164|85042874|1585581330|00091790
1585581238-0001-000|1575270221177075|1575270303025492|81848417|1585581332|00092509
1585581238-0001-000|1575271314624170|1575271394265341|79641171|1585581333|00091232
1585581238-0001-000|1575272409305236|1575272526870827|117565591|1585581334|00127935
1585581238-0001-000|1575273536878517|1575273625557153|88678636|1585581335|00098425
1585581238-0001-000|1575274640211759|1575274715365831|75154072|1585581336|00091832
1585581238-0001-000|1575275726480636|1575275809430030|82949394|1585581337|00090836
1585581238-0001-000|1575276815194606|1575276898119709|82925103|1585581338|00093780
1585581238-0001-000|1575277910853573|1575278004066950|93213377|1585581339|00100500
1585581238-0001-000|1575279014123792|1575279100689336|86565544|1585581340|00096990
1585581238-0001-000|1575280107115465|1575280193641042|86525577|1585581341|00092185
1585581238-0001-000|1575281199043858|1575281285582007|86538149|1585581343|00091786
1585581238-0001-000|1575282291757572|1575282378407558|86649986|1585581344|00094027
1585581238-0001-000|1575283386628513|1575283469006444|82377931|1585581345|00089099
1585581238-0001-000|1575284475400130|1575284563673240|88273110|1585581346|00097425
1585581238-0001-000|1575285577860808|1575285664225332|86364524|1585581347|00097386
