1585592966-0022-000|8221335015088|8221578862758|243847670|1585592968|02273877
1585592966-0022-000|8221335015088|8221578862758|243847670|1585592968|00001128
1585592966-0022-000|8221335015088|8221578862758|243847670|1585592968|00000960
1585592966-0022-000|8221335015088|8221578862758|243847670|1585592968|00001271
1585592966-0022-000|8221335015088|8221578862758|243847670|1585592968|00000996
1585592966-0022-000|8221335015088|8221578862758|243847670|1585592968|00001212
1585592966-0022-000|8221335015088|8221578862758|243847670|1585592968|00001144
1585592966-0022-000|8221335015088|8221578862758|243847670|1585592968|00000900
1585592966-0022-000|8221335015088|8221578862758|243847670|1585592968|00001256
1585592966-0022-000|8221335015088|8221578862758|243847670|1585592968|00001340
1585592966-0022-000|8221335015088|8221578862758|243847670|1585592968|00001226
1585592966-0022-000|8221335015088|8221578862758|243847670|1585592968|00001356
1585592966-0022-000|8221335015088|8221578862758|243847670|1585592968|00001214
1585592966-0022-000|8221335015088|8221578862758|243847670|1585592968|00001508
1585592966-0022-000|8221335015088|8221578862758|243847670|1585592968|00001266
1585592966-0022-000|8221335015088|8221578862758|243847670|1585592968|00001140
1585592966-0022-000|8221335015088|8221578862758|243847670|1585592968|00001182
1585592966-0022-000|8221335015088|8221578862758|243847670|1585592968|00001330
1585592966-0022-000|8221335015088|8221578862758|243847670|1585592968|00001048
1585592966-0022-000|8221335015088|8221578862758|243847670|1585592968|00001021
1585592966-0022-000|8221335015088|8221578862758|243847670|1585592968|00001194
1585592966-0022-000|8221335015088|8221578862758|243847670|1585592968|00001196
1585592966-0022-000|8221335015088|8221578862758|243847670|1585592968|00001080
1585592966-0022-000|8221335015088|8221578862758|243847670|1585592968|00001003
1585592966-0022-000|8221335015088|8221578862758|243847670|1585592968|00001119
1585592966-0022-000|8221335015088|8221578862758|243847670|1585592968|00001085
1585592966-0022-000|8221335015088|8221578862758|243847670|1585592968|00001137
1585592966-0022-000|8221335015088|8221578862758|243847670|1585592968|00001194
1585592966-0022-000|8221335015088|8221578862758|243847670|1585592968|00001117
1585592966-0022-000|8221335015088|8221578862758|243847670|1585592968|00001311
1585592966-0022-000|8221335015088|8221578862758|243847670|1585592968|00001130
1585592966-0022-000|8221335015088|8221578862758|243847670|1585592968|00001053
1585592966-0022-000|8221335015088|8221578862758|243847670|1585592968|00001316
1585592966-0022-000|8221335015088|8221578862758|243847670|1585592968|00001004
1585592966-0022-000|8221335015088|8221578862758|243847670|1585592968|00000981
1585592966-0022-000|8221335015088|8221578862758|243847670|1585592968|00003163
1585592966-0022-000|8221335015088|8221578862758|243847670|1585592968|00001060
1585592966-0022-000|8221335015088|8221578862758|243847670|1585592968|00001149
1585592966-0022-000|8221335015088|8221578862758|243847670|1585592968|00001181
1585592966-0022-000|8221335015088|8221578862758|243847670|1585592968|00001170
1585592966-0022-000|8221335015088|8221578862758|243847670|1585592968|00001066
1585592966-0022-000|8221335015088|8221578862758|243847670|1585592968|00001054
1585592966-0022-000|8221335015088|8221578862758|243847670|1585592968|00001152
1585592966-0022-000|8221335015088|8221578862758|243847670|1585592968|00001062
1585592966-0022-000|8221335015088|8221578862758|243847670|1585592968|00001067
1585592966-0022-000|8221335015088|8221578862758|243847670|1585592968|00000891
1585592966-0022-000|8221335015088|8221578862758|243847670|1585592968|00001193
1585592966-0022-000|8221335015088|8221578862758|243847670|1585592968|00001195
1585592966-0022-000|8221335015088|8221578862758|243847670|1585592968|00000976
1585592966-0022-000|8221335015088|8221578862758|243847670|1585592968|00001161
1585592966-0022-000|8221335015088|8221578862758|243847670|1585592968|00001047
1585592966-0022-000|8221335015088|8221578862758|243847670|1585592968|00001051
1585592966-0022-000|8221335015088|8221578862758|243847670|1585592968|00001039
1585592966-0022-000|8221335015088|8221578862758|243847670|1585592968|00000992
1585592966-0022-000|8221335015088|8221578862758|243847670|1585592968|00001061
1585592966-0022-000|8221335015088|8221578862758|243847670|1585592968|00001389
1585592966-0022-000|8221335015088|8221578862758|243847670|1585592968|00001341
1585592966-0022-000|8221335015088|8221578862758|243847670|1585592968|00001134
1585592966-0022-000|8221335015088|8221578862758|243847670|1585592968|00001159
1585592966-0022-000|8221335015088|8221578862758|243847670|1585592968|00001274
1585592966-0022-000|8221335015088|8221578862758|243847670|1585592968|00001315
1585592966-0022-000|8221335015088|8221578862758|243847670|1585592968|00001217
1585592966-0022-000|8221335015088|8221578862758|243847670|1585592968|00001156
1585592966-0022-000|8221335015088|8221578862758|243847670|1585592968|00001238
1585592966-0022-000|8221335015088|8221578862758|243847670|1585592968|00001247
1585592966-0022-000|8221335015088|8221578862758|243847670|1585592968|00000952
1585592966-0022-000|8221335015088|8221578862758|243847670|1585592968|00000956
1585592966-0022-000|8221335015088|8221578862758|243847670|1585592968|00001100
1585592966-0022-000|8221335015088|8221578862758|243847670|1585592968|00001165
1585592966-0022-000|8221335015088|8221578862758|243847670|1585592968|00001043
1585592966-0022-000|8221335015088|8221578862758|243847670|1585592968|00001155
1585592966-0022-000|8221335015088|8221578862758|243847670|1585592968|00000929
1585592966-0022-000|8221335015088|8221578862758|243847670|1585592968|00001133
1585592966-0022-000|8221335015088|8221578862758|243847670|1585592968|00000981
1585592966-0022-000|8221335015088|8221578862758|243847670|1585592968|00001164
1585592966-0022-000|8221335015088|8221578862758|243847670|1585592968|00001101
1585592966-0022-000|8221335015088|8221578862758|243847670|1585592968|00001086
1585592966-0022-000|8221335015088|8221578862758|243847670|1585592968|00001300
1585592966-0022-000|8221335015088|8221578862758|243847670|1585592968|00001063
1585592966-0022-000|8221335015088|8221578862758|243847670|1585592968|00001427
1585592966-0022-000|8221335015088|8221578862758|243847670|1585592968|00001220
1585592966-0022-000|8221335015088|8221578862758|243847670|1585592968|00001547
1585592966-0022-000|8221335015088|8221578862758|243847670|1585592968|00001377
1585592966-0022-000|8221335015088|8221578862758|243847670|1585592968|00001137
1585592966-0022-000|8221335015088|8221578862758|243847670|1585592968|00001183
1585592966-0022-000|8221335015088|8221578862758|243847670|1585592968|00001137
1585592966-0022-000|8221335015088|8221578862758|243847670|1585592968|00000989
1585592966-0022-000|8221335015088|8221578862758|243847670|1585592968|00001234
1585592966-0022-000|8221335015088|8221578862758|243847670|1585592968|00001006
1585592966-0022-000|8221335015088|8221578862758|243847670|1585592968|00001154
1585592966-0022-000|8221335015088|8221578862758|243847670|1585592968|00001051
1585592966-0022-000|8221335015088|8221578862758|243847670|1585592968|00001085
1585592966-0022-000|8221335015088|8221578862758|243847670|1585592968|00001419
1585592966-0022-000|8221335015088|8221578862758|243847670|1585592968|00001102
1585592966-0022-000|8221335015088|8221578862758|243847670|1585592968|00001148
1585592966-0022-000|8221335015088|8221578862758|243847670|1585592968|00001102
1585592966-0022-000|8221335015088|8221578862758|243847670|1585592968|00001001
1585592966-0022-000|8221335015088|8221578862758|243847670|1585592968|00001083
1585592966-0022-000|8221335015088|8221578862758|243847670|1585592968|00001106
1585592966-0022-000|8221335015088|8221578862758|243847670|1585592968|00001226
