1585592966-0025-000|8219705718626|8219815869687|110151061|1585592966|00561357
1585592966-0025-000|8219705718626|8219815869687|110151061|1585592966|00001027
1585592966-0025-000|8219705718626|8219815869687|110151061|1585592966|00001134
1585592966-0025-000|8219705718626|8219815869687|110151061|1585592966|00000991
1585592966-0025-000|8219705718626|8219815869687|110151061|1585592966|00001063
1585592966-0025-000|8219705718626|8219815869687|110151061|1585592966|00001187
1585592966-0025-000|8219705718626|8219815869687|110151061|1585592966|00000968
1585592966-0025-000|8219705718626|8219815869687|110151061|1585592966|00001145
1585592966-0025-000|8219705718626|8219815869687|110151061|1585592966|00000826
1585592966-0025-000|8219705718626|8219815869687|110151061|1585592966|00000955
1585592966-0025-000|8219705718626|8219815869687|110151061|1585592966|00001141
1585592966-0025-000|8219705718626|8219815869687|110151061|1585592966|00000987
1585592966-0025-000|8219705718626|8219815869687|110151061|1585592966|00000864
1585592966-0025-000|8219705718626|8219815869687|110151061|1585592966|00000830
1585592966-0025-000|8219705718626|8219815869687|110151061|1585592966|00000993
1585592966-0025-000|8219705718626|8219815869687|110151061|1585592966|00001192
1585592966-0025-000|8219705718626|8219815869687|110151061|1585592966|00001063
1585592966-0025-000|8219705718626|8219815869687|110151061|1585592966|00001327
1585592966-0025-000|8219705718626|8219815869687|110151061|1585592966|00001088
1585592966-0025-000|8219705718626|8219815869687|110151061|1585592966|00000941
1585592966-0025-000|8219705718626|8219815869687|110151061|1585592966|00000849
1585592966-0025-000|8219705718626|8219815869687|110151061|1585592966|00001230
1585592966-0025-000|8219705718626|8219815869687|110151061|1585592966|00000830
1585592966-0025-000|8219705718626|8219815869687|110151061|1585592966|00001057
1585592966-0025-000|8219705718626|8219815869687|110151061|1585592966|00001025
1585592966-0025-000|8219705718626|8219815869687|110151061|1585592966|00001236
1585592966-0025-000|8219705718626|8219815869687|110151061|1585592966|00001038
1585592966-0025-000|8219705718626|8219815869687|110151061|1585592966|00000927
1585592966-0025-000|8219705718626|8219815869687|110151061|1585592966|00000960
1585592966-0025-000|8219705718626|8219815869687|110151061|1585592966|00001062
1585592966-0025-000|8219705718626|8219815869687|110151061|1585592966|00000918
1585592966-0025-000|8219705718626|8219815869687|110151061|1585592966|00000868
1585592966-0025-000|8219705718626|8219815869687|110151061|1585592966|00001120
1585592966-0025-000|8219705718626|8219815869687|110151061|1585592966|00000957
1585592966-0025-000|8219705718626|8219815869687|110151061|1585592966|00000988
1585592966-0025-000|8219705718626|8219815869687|110151061|1585592966|00001005
1585592966-0025-000|8219705718626|8219815869687|110151061|1585592966|00001046
1585592966-0025-000|8219705718626|8219815869687|110151061|1585592966|00000891
1585592966-0025-000|8219705718626|8219815869687|110151061|1585592966|00000973
1585592966-0025-000|8219705718626|8219815869687|110151061|1585592966|00001181
1585592966-0025-000|8219705718626|8219815869687|110151061|1585592966|00001000
1585592966-0025-000|8219705718626|8219815869687|110151061|1585592966|00000999
1585592966-0025-000|8219705718626|8219815869687|110151061|1585592966|00001069
1585592966-0025-000|8219705718626|8219815869687|110151061|1585592966|00000922
1585592966-0025-000|8219705718626|8219815869687|110151061|1585592966|00000969
1585592966-0025-000|8219705718626|8219815869687|110151061|1585592966|00001000
1585592966-0025-000|8219705718626|8219815869687|110151061|1585592966|00000916
1585592966-0025-000|8219705718626|8219815869687|110151061|1585592966|00000995
1585592966-0025-000|8219705718626|8219815869687|110151061|1585592966|00000792
1585592966-0025-000|8219705718626|8219815869687|110151061|1585592966|00000945
1585592966-0025-000|8219705718626|8219815869687|110151061|1585592966|00000986
1585592966-0025-000|8219705718626|8219815869687|110151061|1585592966|00001065
1585592966-0025-000|8219705718626|8219815869687|110151061|1585592966|00000995
1585592966-0025-000|8219705718626|8219815869687|110151061|1585592966|00000939
1585592966-0025-000|8219705718626|8219815869687|110151061|1585592966|00001005
1585592966-0025-000|8219705718626|8219815869687|110151061|1585592966|00000881
1585592966-0025-000|8219705718626|8219815869687|110151061|1585592966|00000789
1585592966-0025-000|8219705718626|8219815869687|110151061|1585592966|00000955
1585592966-0025-000|8219705718626|8219815869687|110151061|1585592966|00000835
1585592966-0025-000|8219705718626|8219815869687|110151061|1585592966|00000952
1585592966-0025-000|8219705718626|8219815869687|110151061|1585592966|00001104
1585592966-0025-000|8219705718626|8219815869687|110151061|1585592966|00000946
1585592966-0025-000|8219705718626|8219815869687|110151061|1585592966|00001137
1585592966-0025-000|8219705718626|8219815869687|110151061|1585592966|00001170
1585592966-0025-000|8219705718626|8219815869687|110151061|1585592966|00000995
1585592966-0025-000|8219705718626|8219815869687|110151061|1585592966|00001073
1585592966-0025-000|8219705718626|8219815869687|110151061|1585592966|00000931
1585592966-0025-000|8219705718626|8219815869687|110151061|1585592966|00000924
1585592966-0025-000|8219705718626|8219815869687|110151061|1585592966|00001022
1585592966-0025-000|8219705718626|8219815869687|110151061|1585592966|00001158
1585592966-0025-000|8219705718626|8219815869687|110151061|1585592966|00000946
1585592966-0025-000|8219705718626|8219815869687|110151061|1585592966|00000961
1585592966-0025-000|8219705718626|8219815869687|110151061|1585592966|00001034
1585592966-0025-000|8219705718626|8219815869687|110151061|1585592966|00000975
1585592966-0025-000|8219705718626|8219815869687|110151061|1585592966|00001214
1585592966-0025-000|8219705718626|8219815869687|110151061|1585592966|00000958
1585592966-0025-000|8219705718626|8219815869687|110151061|1585592966|00001052
1585592966-0025-000|8219705718626|8219815869687|110151061|1585592966|00001580
1585592966-0025-000|8219705718626|8219815869687|110151061|1585592966|00000894
1585592966-0025-000|8219705718626|8219815869687|110151061|1585592966|00001083
1585592966-0025-000|8219705718626|8219815869687|110151061|1585592966|00001046
1585592966-0025-000|8219705718626|8219815869687|110151061|1585592966|00000889
1585592966-0025-000|8219705718626|8219815869687|110151061|1585592966|00000905
1585592966-0025-000|8219705718626|8219815869687|110151061|1585592966|00000979
1585592966-0025-000|8219705718626|8219815869687|110151061|1585592966|00001047
1585592966-0025-000|8219705718626|8219815869687|110151061|1585592966|00001074
1585592966-0025-000|8219705718626|8219815869687|110151061|1585592966|00000925
1585592966-0025-000|8219705718626|8219815869687|110151061|1585592966|00001203
1585592966-0025-000|8219705718626|8219815869687|110151061|1585592966|00001251
1585592966-0025-000|8219705718626|8219815869687|110151061|1585592966|00001063
1585592966-0025-000|8219705718626|8219815869687|110151061|1585592966|00001020
1585592966-0025-000|8219705718626|8219815869687|110151061|1585592966|00000949
1585592966-0025-000|8219705718626|8219815869687|110151061|1585592966|00000787
1585592966-0025-000|8219705718626|8219815869687|110151061|1585592966|00000856
1585592966-0025-000|8219705718626|8219815869687|110151061|1585592966|00001149
1585592966-0025-000|8219705718626|8219815869687|110151061|1585592966|00001324
1585592966-0025-000|8219705718626|8219815869687|110151061|1585592966|00000870
1585592966-0025-000|8219705718626|8219815869687|110151061|1585592966|00000927
1585592966-0025-000|8219705718626|8219815869687|110151061|1585592966|00000988
1585592966-0025-000|8219705718626|8219815869687|110151061|1585592966|00001001
