1585592966-0009-000|8221426611474|8221646459512|219848038|1585592968|02342106
1585592966-0009-000|8221426611474|8221646459512|219848038|1585592968|00001282
1585592966-0009-000|8221426611474|8221646459512|219848038|1585592968|00000980
1585592966-0009-000|8221426611474|8221646459512|219848038|1585592968|00001031
1585592966-0009-000|8221426611474|8221646459512|219848038|1585592968|00001002
1585592966-0009-000|8221426611474|8221646459512|219848038|1585592968|00001286
1585592966-0009-000|8221426611474|8221646459512|219848038|1585592968|00001283
1585592966-0009-000|8221426611474|8221646459512|219848038|1585592968|00000981
1585592966-0009-000|8221426611474|8221646459512|219848038|1585592968|00001029
1585592966-0009-000|8221426611474|8221646459512|219848038|1585592968|00001142
1585592966-0009-000|8221426611474|8221646459512|219848038|1585592968|00000876
1585592966-0009-000|8221426611474|8221646459512|219848038|1585592968|00000933
1585592966-0009-000|8221426611474|8221646459512|219848038|1585592968|00001051
1585592966-0009-000|8221426611474|8221646459512|219848038|1585592968|00001249
1585592966-0009-000|8221426611474|8221646459512|219848038|1585592968|00001016
1585592966-0009-000|8221426611474|8221646459512|219848038|1585592968|00000939
1585592966-0009-000|8221426611474|8221646459512|219848038|1585592968|00000991
1585592966-0009-000|8221426611474|8221646459512|219848038|1585592968|00001023
1585592966-0009-000|8221426611474|8221646459512|219848038|1585592968|00001178
1585592966-0009-000|8221426611474|8221646459512|219848038|1585592968|00001197
1585592966-0009-000|8221426611474|8221646459512|219848038|1585592968|00001299
1585592966-0009-000|8221426611474|8221646459512|219848038|1585592968|00001033
1585592966-0009-000|8221426611474|8221646459512|219848038|1585592968|00001130
1585592966-0009-000|8221426611474|8221646459512|219848038|1585592968|00001143
1585592966-0009-000|8221426611474|8221646459512|219848038|1585592968|00001022
1585592966-0009-000|8221426611474|8221646459512|219848038|1585592968|00001553
1585592966-0009-000|8221426611474|8221646459512|219848038|1585592968|00000997
1585592966-0009-000|8221426611474|8221646459512|219848038|1585592968|00001042
1585592966-0009-000|8221426611474|8221646459512|219848038|1585592968|00000920
1585592966-0009-000|8221426611474|8221646459512|219848038|1585592968|00001761
1585592966-0009-000|8221426611474|8221646459512|219848038|1585592968|00000971
1585592966-0009-000|8221426611474|8221646459512|219848038|1585592968|00000951
1585592966-0009-000|8221426611474|8221646459512|219848038|1585592968|00001071
1585592966-0009-000|8221426611474|8221646459512|219848038|1585592968|00001130
1585592966-0009-000|8221426611474|8221646459512|219848038|1585592968|00000957
1585592966-0009-000|8221426611474|8221646459512|219848038|1585592968|00001254
1585592966-0009-000|8221426611474|8221646459512|219848038|1585592968|00001160
1585592966-0009-000|8221426611474|8221646459512|219848038|1585592968|00001083
1585592966-0009-000|8221426611474|8221646459512|219848038|1585592968|00000987
1585592966-0009-000|8221426611474|8221646459512|219848038|1585592968|00000934
1585592966-0009-000|8221426611474|8221646459512|219848038|1585592968|00001017
1585592966-0009-000|8221426611474|8221646459512|219848038|1585592968|00001126
1585592966-0009-000|8221426611474|8221646459512|219848038|1585592968|00001060
1585592966-0009-000|8221426611474|8221646459512|219848038|1585592968|00001000
1585592966-0009-000|8221426611474|8221646459512|219848038|1585592968|00001278
1585592966-0009-000|8221426611474|8221646459512|219848038|1585592968|00001163
1585592966-0009-000|8221426611474|8221646459512|219848038|1585592968|00000970
1585592966-0009-000|8221426611474|8221646459512|219848038|1585592968|00000984
1585592966-0009-000|8221426611474|8221646459512|219848038|1585592968|00001079
1585592966-0009-000|8221426611474|8221646459512|219848038|1585592968|00001074
1585592966-0009-000|8221426611474|8221646459512|219848038|1585592968|00001156
1585592966-0009-000|8221426611474|8221646459512|219848038|1585592968|00000926
1585592966-0009-000|8221426611474|8221646459512|219848038|1585592968|00001118
1585592966-0009-000|8221426611474|8221646459512|219848038|1585592968|00001011
1585592966-0009-000|8221426611474|8221646459512|219848038|1585592968|00001069
1585592966-0009-000|8221426611474|8221646459512|219848038|1585592968|00001083
1585592966-0009-000|8221426611474|8221646459512|219848038|1585592968|00000942
1585592966-0009-000|8221426611474|8221646459512|219848038|1585592968|00000939
1585592966-0009-000|8221426611474|8221646459512|219848038|1585592968|00000912
1585592966-0009-000|8221426611474|8221646459512|219848038|1585592968|00000901
1585592966-0009-000|8221426611474|8221646459512|219848038|1585592968|00000896
1585592966-0009-000|8221426611474|8221646459512|219848038|1585592968|00001211
1585592966-0009-000|8221426611474|8221646459512|219848038|1585592968|00001120
1585592966-0009-000|8221426611474|8221646459512|219848038|1585592968|00001160
1585592966-0009-000|8221426611474|8221646459512|219848038|1585592968|00000966
1585592966-0009-000|8221426611474|8221646459512|219848038|1585592968|00001044
1585592966-0009-000|8221426611474|8221646459512|219848038|1585592968|00001055
1585592966-0009-000|8221426611474|8221646459512|219848038|1585592968|00000962
1585592966-0009-000|8221426611474|8221646459512|219848038|1585592968|00001101
1585592966-0009-000|8221426611474|8221646459512|219848038|1585592968|00001218
1585592966-0009-000|8221426611474|8221646459512|219848038|1585592968|00001064
1585592966-0009-000|8221426611474|8221646459512|219848038|1585592968|00000898
1585592966-0009-000|8221426611474|8221646459512|219848038|1585592968|00000948
1585592966-0009-000|8221426611474|8221646459512|219848038|1585592968|00000991
1585592966-0009-000|8221426611474|8221646459512|219848038|1585592968|00000872
1585592966-0009-000|8221426611474|8221646459512|219848038|1585592968|00001227
1585592966-0009-000|8221426611474|8221646459512|219848038|1585592968|00000984
1585592966-0009-000|8221426611474|8221646459512|219848038|1585592968|00001068
1585592966-0009-000|8221426611474|8221646459512|219848038|1585592968|00000984
1585592966-0009-000|8221426611474|8221646459512|219848038|1585592968|00001058
1585592966-0009-000|8221426611474|8221646459512|219848038|1585592968|00001160
1585592966-0009-000|8221426611474|8221646459512|219848038|1585592968|00000981
1585592966-0009-000|8221426611474|8221646459512|219848038|1585592968|00001015
1585592966-0009-000|8221426611474|8221646459512|219848038|1585592968|00000943
1585592966-0009-000|8221426611474|8221646459512|219848038|1585592968|00000859
1585592966-0009-000|8221426611474|8221646459512|219848038|1585592968|00000908
1585592966-0009-000|8221426611474|8221646459512|219848038|1585592968|00000943
1585592966-0009-000|8221426611474|8221646459512|219848038|1585592968|00000902
1585592966-0009-000|8221426611474|8221646459512|219848038|1585592968|00000870
1585592966-0009-000|8221426611474|8221646459512|219848038|1585592968|00001072
1585592966-0009-000|8221426611474|8221646459512|219848038|1585592968|00001129
1585592966-0009-000|8221426611474|8221646459512|219848038|1585592968|00001270
1585592966-0009-000|8221426611474|8221646459512|219848038|1585592968|00001195
1585592966-0009-000|8221426611474|8221646459512|219848038|1585592968|00001021
1585592966-0009-000|8221426611474|8221646459512|219848038|1585592968|00000968
1585592966-0009-000|8221426611474|8221646459512|219848038|1585592968|00001048
1585592966-0009-000|8221426611474|8221646459512|219848038|1585592968|00001153
1585592966-0009-000|8221426611474|8221646459512|219848038|1585592968|00000924
1585592966-0009-000|8221426611474|8221646459512|219848038|1585592968|00001071
1585592966-0009-000|8221426611474|8221646459512|219848038|1585592968|00001094
