1585592966-0011-000|8220554394417|8220699970135|145575718|1585592967|01414203
1585592966-0011-000|8220554394417|8220699970135|145575718|1585592967|00001090
1585592966-0011-000|8220554394417|8220699970135|145575718|1585592967|00001093
1585592966-0011-000|8220554394417|8220699970135|145575718|1585592967|00001063
1585592966-0011-000|8220554394417|8220699970135|145575718|1585592967|00001195
1585592966-0011-000|8220554394417|8220699970135|145575718|1585592967|00001217
1585592966-0011-000|8220554394417|8220699970135|145575718|1585592967|00001151
1585592966-0011-000|8220554394417|8220699970135|145575718|1585592967|00001151
1585592966-0011-000|8220554394417|8220699970135|145575718|1585592967|00001163
1585592966-0011-000|8220554394417|8220699970135|145575718|1585592967|00001180
1585592966-0011-000|8220554394417|8220699970135|145575718|1585592967|00001184
1585592966-0011-000|8220554394417|8220699970135|145575718|1585592967|00001173
1585592966-0011-000|8220554394417|8220699970135|145575718|1585592967|00001069
1585592966-0011-000|8220554394417|8220699970135|145575718|1585592967|00001025
1585592966-0011-000|8220554394417|8220699970135|145575718|1585592967|00001122
1585592966-0011-000|8220554394417|8220699970135|145575718|1585592967|00001139
1585592966-0011-000|8220554394417|8220699970135|145575718|1585592967|00001282
1585592966-0011-000|8220554394417|8220699970135|145575718|1585592967|00001253
1585592966-0011-000|8220554394417|8220699970135|145575718|1585592967|00001485
1585592966-0011-000|8220554394417|8220699970135|145575718|1585592967|00001121
1585592966-0011-000|8220554394417|8220699970135|145575718|1585592967|00001061
1585592966-0011-000|8220554394417|8220699970135|145575718|1585592967|00001201
1585592966-0011-000|8220554394417|8220699970135|145575718|1585592967|00001256
1585592966-0011-000|8220554394417|8220699970135|145575718|1585592967|00001216
1585592966-0011-000|8220554394417|8220699970135|145575718|1585592967|00001219
1585592966-0011-000|8220554394417|8220699970135|145575718|1585592967|00001256
1585592966-0011-000|8220554394417|8220699970135|145575718|1585592967|00001132
1585592966-0011-000|8220554394417|8220699970135|145575718|1585592967|00001141
1585592966-0011-000|8220554394417|8220699970135|145575718|1585592967|00001028
1585592966-0011-000|8220554394417|8220699970135|145575718|1585592967|00001126
1585592966-0011-000|8220554394417|8220699970135|145575718|1585592967|00001411
1585592966-0011-000|8220554394417|8220699970135|145575718|1585592967|00001095
1585592966-0011-000|8220554394417|8220699970135|145575718|1585592967|00001027
1585592966-0011-000|8220554394417|8220699970135|145575718|1585592967|00001047
1585592966-0011-000|8220554394417|8220699970135|145575718|1585592967|00001007
1585592966-0011-000|8220554394417|8220699970135|145575718|1585592967|00001153
1585592966-0011-000|8220554394417|8220699970135|145575718|1585592967|00001260
1585592966-0011-000|8220554394417|8220699970135|145575718|1585592967|00001080
1585592966-0011-000|8220554394417|8220699970135|145575718|1585592967|00001090
1585592966-0011-000|8220554394417|8220699970135|145575718|1585592967|00001103
1585592966-0011-000|8220554394417|8220699970135|145575718|1585592967|00001199
1585592966-0011-000|8220554394417|8220699970135|145575718|1585592967|00001058
1585592966-0011-000|8220554394417|8220699970135|145575718|1585592967|00000964
1585592966-0011-000|8220554394417|8220699970135|145575718|1585592967|00001127
1585592966-0011-000|8220554394417|8220699970135|145575718|1585592967|00001081
1585592966-0011-000|8220554394417|8220699970135|145575718|1585592967|00001212
1585592966-0011-000|8220554394417|8220699970135|145575718|1585592967|00001043
1585592966-0011-000|8220554394417|8220699970135|145575718|1585592967|00001042
1585592966-0011-000|8220554394417|8220699970135|145575718|1585592967|00001092
1585592966-0011-000|8220554394417|8220699970135|145575718|1585592967|00001013
1585592966-0011-000|8220554394417|8220699970135|145575718|1585592967|00001096
1585592966-0011-000|8220554394417|8220699970135|145575718|1585592967|00001140
1585592966-0011-000|8220554394417|8220699970135|145575718|1585592967|00001139
1585592966-0011-000|8220554394417|8220699970135|145575718|1585592967|00001996
1585592966-0011-000|8220554394417|8220699970135|145575718|1585592967|00001079
1585592966-0011-000|8220554394417|8220699970135|145575718|1585592967|00001249
1585592966-0011-000|8220554394417|8220699970135|145575718|1585592967|00001071
1585592966-0011-000|8220554394417|8220699970135|145575718|1585592967|00001054
1585592966-0011-000|8220554394417|8220699970135|145575718|1585592967|00001104
1585592966-0011-000|8220554394417|8220699970135|145575718|1585592967|00001030
1585592966-0011-000|8220554394417|8220699970135|145575718|1585592967|00000989
1585592966-0011-000|8220554394417|8220699970135|145575718|1585592967|00001014
1585592966-0011-000|8220554394417|8220699970135|145575718|1585592967|00001305
1585592966-0011-000|8220554394417|8220699970135|145575718|1585592967|00001063
1585592966-0011-000|8220554394417|8220699970135|145575718|1585592967|00001055
1585592966-0011-000|8220554394417|8220699970135|145575718|1585592967|00000959
1585592966-0011-000|8220554394417|8220699970135|145575718|1585592967|00001045
1585592966-0011-000|8220554394417|8220699970135|145575718|1585592967|00001206
1585592966-0011-000|8220554394417|8220699970135|145575718|1585592967|00001057
1585592966-0011-000|8220554394417|8220699970135|145575718|1585592967|00001157
1585592966-0011-000|8220554394417|8220699970135|145575718|1585592967|00001078
1585592966-0011-000|8220554394417|8220699970135|145575718|1585592967|00001107
1585592966-0011-000|8220554394417|8220699970135|145575718|1585592967|00001358
1585592966-0011-000|8220554394417|8220699970135|145575718|1585592967|00000998
1585592966-0011-000|8220554394417|8220699970135|145575718|1585592967|00001258
1585592966-0011-000|8220554394417|8220699970135|145575718|1585592967|00001141
1585592966-0011-000|8220554394417|8220699970135|145575718|1585592967|00001076
1585592966-0011-000|8220554394417|8220699970135|145575718|1585592967|00001209
1585592966-0011-000|8220554394417|8220699970135|145575718|1585592967|00001242
1585592966-0011-000|8220554394417|8220699970135|145575718|1585592967|00001122
1585592966-0011-000|8220554394417|8220699970135|145575718|1585592967|00001028
1585592966-0011-000|8220554394417|8220699970135|145575718|1585592967|00000951
1585592966-0011-000|8220554394417|8220699970135|145575718|1585592967|00000962
1585592966-0011-000|8220554394417|8220699970135|145575718|1585592967|00001004
1585592966-0011-000|8220554394417|8220699970135|145575718|1585592967|00001009
1585592966-0011-000|8220554394417|8220699970135|145575718|1585592967|00000941
1585592966-0011-000|8220554394417|8220699970135|145575718|1585592967|00000782
1585592966-0011-000|8220554394417|8220699970135|145575718|1585592967|00000947
1585592966-0011-000|8220554394417|8220699970135|145575718|1585592967|00000945
1585592966-0011-000|8220554394417|8220699970135|145575718|1585592967|00001095
1585592966-0011-000|8220554394417|8220699970135|145575718|1585592967|00001023
1585592966-0011-000|8220554394417|8220699970135|145575718|1585592967|00000988
1585592966-0011-000|8220554394417|8220699970135|145575718|1585592967|00000975
1585592966-0011-000|8220554394417|8220699970135|145575718|1585592967|00001050
1585592966-0011-000|8220554394417|8220699970135|145575718|1585592967|00000995
1585592966-0011-000|8220554394417|8220699970135|145575718|1585592967|00001131
1585592966-0011-000|8220554394417|8220699970135|145575718|1585592967|00000956
1585592966-0011-000|8220554394417|8220699970135|145575718|1585592967|00001051
1585592966-0011-000|8220554394417|8220699970135|145575718|1585592967|00000962
1585592966-0011-000|8220554394417|8220699970135|145575718|1585592967|00000966
