1585592966-0046-000|8219845055515|8219958139491|113083976|1585592966|00689624
1585592966-0046-000|8219845055515|8219958139491|113083976|1585592966|00001177
1585592966-0046-000|8219845055515|8219958139491|113083976|1585592966|00001067
1585592966-0046-000|8219845055515|8219958139491|113083976|1585592966|00001218
1585592966-0046-000|8219845055515|8219958139491|113083976|1585592966|00001234
1585592966-0046-000|8219845055515|8219958139491|113083976|1585592966|00001218
1585592966-0046-000|8219845055515|8219958139491|113083976|1585592966|00001151
1585592966-0046-000|8219845055515|8219958139491|113083976|1585592966|00001274
1585592966-0046-000|8219845055515|8219958139491|113083976|1585592966|00001113
1585592966-0046-000|8219845055515|8219958139491|113083976|1585592966|00001240
1585592966-0046-000|8219845055515|8219958139491|113083976|1585592966|00001358
1585592966-0046-000|8219845055515|8219958139491|113083976|1585592966|00001258
1585592966-0046-000|8219845055515|8219958139491|113083976|1585592966|00000965
1585592966-0046-000|8219845055515|8219958139491|113083976|1585592966|00001023
1585592966-0046-000|8219845055515|8219958139491|113083976|1585592966|00001156
1585592966-0046-000|8219845055515|8219958139491|113083976|1585592966|00001252
1585592966-0046-000|8219845055515|8219958139491|113083976|1585592966|00001319
1585592966-0046-000|8219845055515|8219958139491|113083976|1585592966|00001182
1585592966-0046-000|8219845055515|8219958139491|113083976|1585592966|00001068
1585592966-0046-000|8219845055515|8219958139491|113083976|1585592966|00001139
1585592966-0046-000|8219845055515|8219958139491|113083976|1585592966|00001412
1585592966-0046-000|8219845055515|8219958139491|113083976|1585592966|00001049
1585592966-0046-000|8219845055515|8219958139491|113083976|1585592966|00001093
1585592966-0046-000|8219845055515|8219958139491|113083976|1585592966|00001178
1585592966-0046-000|8219845055515|8219958139491|113083976|1585592966|00001130
1585592966-0046-000|8219845055515|8219958139491|113083976|1585592966|00001431
1585592966-0046-000|8219845055515|8219958139491|113083976|1585592966|00001102
1585592966-0046-000|8219845055515|8219958139491|113083976|1585592966|00002002
1585592966-0046-000|8219845055515|8219958139491|113083976|1585592966|00001505
1585592966-0046-000|8219845055515|8219958139491|113083976|1585592966|00001275
1585592966-0046-000|8219845055515|8219958139491|113083976|1585592966|00001107
1585592966-0046-000|8219845055515|8219958139491|113083976|1585592966|00001010
1585592966-0046-000|8219845055515|8219958139491|113083976|1585592966|00001506
1585592966-0046-000|8219845055515|8219958139491|113083976|1585592966|00001121
1585592966-0046-000|8219845055515|8219958139491|113083976|1585592966|00001121
1585592966-0046-000|8219845055515|8219958139491|113083976|1585592966|00001207
1585592966-0046-000|8219845055515|8219958139491|113083976|1585592966|00001240
1585592966-0046-000|8219845055515|8219958139491|113083976|1585592966|00001240
1585592966-0046-000|8219845055515|8219958139491|113083976|1585592966|00001198
1585592966-0046-000|8219845055515|8219958139491|113083976|1585592966|00001245
1585592966-0046-000|8219845055515|8219958139491|113083976|1585592966|00001005
1585592966-0046-000|8219845055515|8219958139491|113083976|1585592966|00001196
1585592966-0046-000|8219845055515|8219958139491|113083976|1585592966|00001072
1585592966-0046-000|8219845055515|8219958139491|113083976|1585592966|00001043
1585592966-0046-000|8219845055515|8219958139491|113083976|1585592966|00001119
1585592966-0046-000|8219845055515|8219958139491|113083976|1585592966|00001982
1585592966-0046-000|8219845055515|8219958139491|113083976|1585592966|00001342
1585592966-0046-000|8219845055515|8219958139491|113083976|1585592966|00001185
1585592966-0046-000|8219845055515|8219958139491|113083976|1585592966|00001164
1585592966-0046-000|8219845055515|8219958139491|113083976|1585592966|00001207
1585592966-0046-000|8219845055515|8219958139491|113083976|1585592966|00001313
1585592966-0046-000|8219845055515|8219958139491|113083976|1585592966|00001984
1585592966-0046-000|8219845055515|8219958139491|113083976|1585592966|00001302
1585592966-0046-000|8219845055515|8219958139491|113083976|1585592966|00001153
1585592966-0046-000|8219845055515|8219958139491|113083976|1585592966|00001049
1585592966-0046-000|8219845055515|8219958139491|113083976|1585592966|00001041
1585592966-0046-000|8219845055515|8219958139491|113083976|1585592966|00001317
1585592966-0046-000|8219845055515|8219958139491|113083976|1585592966|00001591
1585592966-0046-000|8219845055515|8219958139491|113083976|1585592966|00001339
1585592966-0046-000|8219845055515|8219958139491|113083976|1585592966|00001007
1585592966-0046-000|8219845055515|8219958139491|113083976|1585592966|00001095
1585592966-0046-000|8219845055515|8219958139491|113083976|1585592966|00001415
1585592966-0046-000|8219845055515|8219958139491|113083976|1585592966|00001403
1585592966-0046-000|8219845055515|8219958139491|113083976|1585592966|00001028
1585592966-0046-000|8219845055515|8219958139491|113083976|1585592966|00001212
1585592966-0046-000|8219845055515|8219958139491|113083976|1585592966|00001392
1585592966-0046-000|8219845055515|8219958139491|113083976|1585592966|00001025
1585592966-0046-000|8219845055515|8219958139491|113083976|1585592966|00001098
1585592966-0046-000|8219845055515|8219958139491|113083976|1585592966|00001301
1585592966-0046-000|8219845055515|8219958139491|113083976|1585592966|00001215
1585592966-0046-000|8219845055515|8219958139491|113083976|1585592966|00000942
1585592966-0046-000|8219845055515|8219958139491|113083976|1585592966|00000957
1585592966-0046-000|8219845055515|8219958139491|113083976|1585592966|00000900
1585592966-0046-000|8219845055515|8219958139491|113083976|1585592966|00001034
1585592966-0046-000|8219845055515|8219958139491|113083976|1585592966|00001069
1585592966-0046-000|8219845055515|8219958139491|113083976|1585592966|00001029
1585592966-0046-000|8219845055515|8219958139491|113083976|1585592966|00001015
1585592966-0046-000|8219845055515|8219958139491|113083976|1585592966|00001134
1585592966-0046-000|8219845055515|8219958139491|113083976|1585592966|00001325
1585592966-0046-000|8219845055515|8219958139491|113083976|1585592966|00001128
1585592966-0046-000|8219845055515|8219958139491|113083976|1585592966|00001050
1585592966-0046-000|8219845055515|8219958139491|113083976|1585592966|00001172
1585592966-0046-000|8219845055515|8219958139491|113083976|1585592966|00001076
1585592966-0046-000|8219845055515|8219958139491|113083976|1585592966|00001296
1585592966-0046-000|8219845055515|8219958139491|113083976|1585592966|00001101
1585592966-0046-000|8219845055515|8219958139491|113083976|1585592966|00001169
1585592966-0046-000|8219845055515|8219958139491|113083976|1585592966|00001228
1585592966-0046-000|8219845055515|8219958139491|113083976|1585592966|00001054
1585592966-0046-000|8219845055515|8219958139491|113083976|1585592966|00001309
1585592966-0046-000|8219845055515|8219958139491|113083976|1585592966|00000926
1585592966-0046-000|8219845055515|8219958139491|113083976|1585592966|00000961
1585592966-0046-000|8219845055515|8219958139491|113083976|1585592966|00001006
1585592966-0046-000|8219845055515|8219958139491|113083976|1585592966|00001125
1585592966-0046-000|8219845055515|8219958139491|113083976|1585592966|00000971
1585592966-0046-000|8219845055515|8219958139491|113083976|1585592966|00000971
1585592966-0046-000|8219845055515|8219958139491|113083976|1585592966|00000984
1585592966-0046-000|8219845055515|8219958139491|113083976|1585592966|00001027
1585592966-0046-000|8219845055515|8219958139491|113083976|1585592966|00000975
1585592966-0046-000|8219845055515|8219958139491|113083976|1585592966|00000956
1585592966-0046-000|8219845055515|8219958139491|113083976|1585592966|00001081
