1585592966-0058-000|8221507865106|8221753676057|245810951|1585592968|02447803
1585592966-0058-000|8221507865106|8221753676057|245810951|1585592968|00001151
1585592966-0058-000|8221507865106|8221753676057|245810951|1585592968|00001019
1585592966-0058-000|8221507865106|8221753676057|245810951|1585592968|00001000
1585592966-0058-000|8221507865106|8221753676057|245810951|1585592968|00001094
1585592966-0058-000|8221507865106|8221753676057|245810951|1585592968|00001028
1585592966-0058-000|8221507865106|8221753676057|245810951|1585592968|00000876
1585592966-0058-000|8221507865106|8221753676057|245810951|1585592968|00000888
1585592966-0058-000|8221507865106|8221753676057|245810951|1585592968|00001164
1585592966-0058-000|8221507865106|8221753676057|245810951|1585592968|00001086
1585592966-0058-000|8221507865106|8221753676057|245810951|1585592968|00000961
1585592966-0058-000|8221507865106|8221753676057|245810951|1585592968|00000906
1585592966-0058-000|8221507865106|8221753676057|245810951|1585592968|00001003
1585592966-0058-000|8221507865106|8221753676057|245810951|1585592968|00000991
1585592966-0058-000|8221507865106|8221753676057|245810951|1585592968|00001019
1585592966-0058-000|8221507865106|8221753676057|245810951|1585592968|00001171
1585592966-0058-000|8221507865106|8221753676057|245810951|1585592968|00000989
1585592966-0058-000|8221507865106|8221753676057|245810951|1585592968|00000919
1585592966-0058-000|8221507865106|8221753676057|245810951|1585592968|00000922
1585592966-0058-000|8221507865106|8221753676057|245810951|1585592968|00001127
1585592966-0058-000|8221507865106|8221753676057|245810951|1585592968|00000932
1585592966-0058-000|8221507865106|8221753676057|245810951|1585592968|00001049
1585592966-0058-000|8221507865106|8221753676057|245810951|1585592968|00000934
1585592966-0058-000|8221507865106|8221753676057|245810951|1585592968|00000854
1585592966-0058-000|8221507865106|8221753676057|245810951|1585592968|00000900
1585592966-0058-000|8221507865106|8221753676057|245810951|1585592968|00000950
1585592966-0058-000|8221507865106|8221753676057|245810951|1585592968|00001035
1585592966-0058-000|8221507865106|8221753676057|245810951|1585592968|00001053
1585592966-0058-000|8221507865106|8221753676057|245810951|1585592968|00000951
1585592966-0058-000|8221507865106|8221753676057|245810951|1585592968|00001062
1585592966-0058-000|8221507865106|8221753676057|245810951|1585592968|00000943
1585592966-0058-000|8221507865106|8221753676057|245810951|1585592968|00001390
1585592966-0058-000|8221507865106|8221753676057|245810951|1585592968|00001265
1585592966-0058-000|8221507865106|8221753676057|245810951|1585592968|00000949
1585592966-0058-000|8221507865106|8221753676057|245810951|1585592968|00000983
1585592966-0058-000|8221507865106|8221753676057|245810951|1585592968|00001023
1585592966-0058-000|8221507865106|8221753676057|245810951|1585592968|00000882
1585592966-0058-000|8221507865106|8221753676057|245810951|1585592968|00001103
1585592966-0058-000|8221507865106|8221753676057|245810951|1585592968|00001030
1585592966-0058-000|8221507865106|8221753676057|245810951|1585592968|00001048
1585592966-0058-000|8221507865106|8221753676057|245810951|1585592968|00000992
1585592966-0058-000|8221507865106|8221753676057|245810951|1585592968|00000991
1585592966-0058-000|8221507865106|8221753676057|245810951|1585592968|00000905
1585592966-0058-000|8221507865106|8221753676057|245810951|1585592968|00001035
1585592966-0058-000|8221507865106|8221753676057|245810951|1585592968|00000964
1585592966-0058-000|8221507865106|8221753676057|245810951|1585592968|00001028
1585592966-0058-000|8221507865106|8221753676057|245810951|1585592968|00001017
1585592966-0058-000|8221507865106|8221753676057|245810951|1585592968|00000935
1585592966-0058-000|8221507865106|8221753676057|245810951|1585592968|00000955
1585592966-0058-000|8221507865106|8221753676057|245810951|1585592968|00000965
1585592966-0058-000|8221507865106|8221753676057|245810951|1585592968|00000926
1585592966-0058-000|8221507865106|8221753676057|245810951|1585592968|00000944
1585592966-0058-000|8221507865106|8221753676057|245810951|1585592968|00001013
1585592966-0058-000|8221507865106|8221753676057|245810951|1585592968|00000904
1585592966-0058-000|8221507865106|8221753676057|245810951|1585592968|00000947
1585592966-0058-000|8221507865106|8221753676057|245810951|1585592968|00001338
1585592966-0058-000|8221507865106|8221753676057|245810951|1585592968|00001014
1585592966-0058-000|8221507865106|8221753676057|245810951|1585592968|00001030
1585592966-0058-000|8221507865106|8221753676057|245810951|1585592968|00001011
1585592966-0058-000|8221507865106|8221753676057|245810951|1585592968|00000918
1585592966-0058-000|8221507865106|8221753676057|245810951|1585592968|00001053
1585592966-0058-000|8221507865106|8221753676057|245810951|1585592968|00000932
1585592966-0058-000|8221507865106|8221753676057|245810951|1585592968|00000908
1585592966-0058-000|8221507865106|8221753676057|245810951|1585592968|00000933
1585592966-0058-000|8221507865106|8221753676057|245810951|1585592968|00000870
1585592966-0058-000|8221507865106|8221753676057|245810951|1585592968|00000968
1585592966-0058-000|8221507865106|8221753676057|245810951|1585592968|00000905
1585592966-0058-000|8221507865106|8221753676057|245810951|1585592968|00001945
1585592966-0058-000|8221507865106|8221753676057|245810951|1585592968|00000964
1585592966-0058-000|8221507865106|8221753676057|245810951|1585592968|00001049
1585592966-0058-000|8221507865106|8221753676057|245810951|1585592968|00001018
1585592966-0058-000|8221507865106|8221753676057|245810951|1585592968|00001028
1585592966-0058-000|8221507865106|8221753676057|245810951|1585592968|00001123
1585592966-0058-000|8221507865106|8221753676057|245810951|1585592968|00000998
1585592966-0058-000|8221507865106|8221753676057|245810951|1585592968|00000992
1585592966-0058-000|8221507865106|8221753676057|245810951|1585592968|00000916
1585592966-0058-000|8221507865106|8221753676057|245810951|1585592968|00000939
1585592966-0058-000|8221507865106|8221753676057|245810951|1585592968|00001254
1585592966-0058-000|8221507865106|8221753676057|245810951|1585592968|00001024
1585592966-0058-000|8221507865106|8221753676057|245810951|1585592968|00001024
1585592966-0058-000|8221507865106|8221753676057|245810951|1585592968|00000913
1585592966-0058-000|8221507865106|8221753676057|245810951|1585592968|00000958
1585592966-0058-000|8221507865106|8221753676057|245810951|1585592968|00000976
1585592966-0058-000|8221507865106|8221753676057|245810951|1585592968|00001042
1585592966-0058-000|8221507865106|8221753676057|245810951|1585592968|00001006
1585592966-0058-000|8221507865106|8221753676057|245810951|1585592968|00000985
1585592966-0058-000|8221507865106|8221753676057|245810951|1585592968|00001050
1585592966-0058-000|8221507865106|8221753676057|245810951|1585592968|00001063
1585592966-0058-000|8221507865106|8221753676057|245810951|1585592968|00000989
1585592966-0058-000|8221507865106|8221753676057|245810951|1585592968|00001067
1585592966-0058-000|8221507865106|8221753676057|245810951|1585592968|00001069
1585592966-0058-000|8221507865106|8221753676057|245810951|1585592968|00000972
1585592966-0058-000|8221507865106|8221753676057|245810951|1585592968|00000980
1585592966-0058-000|8221507865106|8221753676057|245810951|1585592968|00000975
1585592966-0058-000|8221507865106|8221753676057|245810951|1585592968|00001007
1585592966-0058-000|8221507865106|8221753676057|245810951|1585592968|00001190
1585592966-0058-000|8221507865106|8221753676057|245810951|1585592968|00001057
1585592966-0058-000|8221507865106|8221753676057|245810951|1585592968|00001033
1585592966-0058-000|8221507865106|8221753676057|245810951|1585592968|00001029
1585592966-0058-000|8221507865106|8221753676057|245810951|1585592968|00001633
