openmpi-master|3660198948682|3660234240123|35291441|1585925905|00051638
openmpi-master|3660241993846|3660269885194|27891348|1585925905|00033512
openmpi-master|3660275051435|3660302671028|27619593|1585925905|00032720
openmpi-master|3660308122233|3660335419142|27296909|1585925905|00032532
openmpi-master|3660340563085|3660368374948|27811863|1585925905|00032904
openmpi-master|3660373385106|3660401496904|28111798|1585925905|00032999
openmpi-master|3660406882233|3660434686108|27803875|1585925905|00032929
openmpi-master|3660439645014|3660468597688|28952674|1585925905|00033752
openmpi-master|3660477608960|3660509739612|32130652|1585925905|00041237
openmpi-master|3660514996335|3660541691232|26694897|1585925905|00031715
openmpi-master|3660546821111|3660573720848|26899737|1585925905|00031926
openmpi-master|3660578966485|3660606227898|27261413|1585925905|00032311
openmpi-master|3660611297719|3660640108334|28810615|1585925905|00033870
openmpi-master|3660645786963|3660674142249|28355286|1585925905|00033873
openmpi-master|3660679051397|3660706607005|27555608|1585925905|00032356
openmpi-master|3660712057937|3660745250288|33192351|1585925906|00038580
openmpi-master|3660750940231|3660779964351|29024120|1585925906|00034568
openmpi-master|3660785289152|3660817111144|31821992|1585925906|00036828
openmpi-master|3660822327254|3660849899027|27571773|1585925906|00032928
openmpi-master|3660855313535|3660883189353|27875818|1585925906|00032985
openmpi-master|3660888315910|3660916040876|27724966|1585925906|00032694
openmpi-master|3660921164307|3660948590298|27425991|1585925906|00032455
openmpi-master|3660953636929|3660981742601|28105672|1585925906|00033221
openmpi-master|3660987122966|3661016557771|29434805|1585925906|00034540
openmpi-master|3661022108422|3661054182339|32073917|1585925906|00037588
openmpi-master|3661059083011|3661086735122|27652111|1585925906|00032433
openmpi-master|3661091675009|3661118919644|27244635|1585925906|00031949
openmpi-master|3661123799041|3661152228844|28429803|1585925906|00033156
openmpi-master|3661157772876|3661186542768|28769892|1585925906|00034394
openmpi-master|3661191712532|3661219436890|27724358|1585925906|00032723
openmpi-master|3661224585375|3661252447991|27862616|1585925906|00032810
openmpi-master|3661257905815|3661289371071|31465256|1585925906|00036743
openmpi-master|3661294818715|3661323058902|28240187|1585925906|00033632
openmpi-master|3661328373041|3661356139126|27766085|1585925906|00032940
openmpi-master|3661361228825|3661388636348|27407523|1585925906|00032321
openmpi-master|3661393809922|3661421019427|27209505|1585925906|00032157
openmpi-master|3661426027668|3661452818112|26790444|1585925906|00031931
openmpi-master|3661457999057|3661484991345|26992288|1585925906|00032015
openmpi-master|3661490135246|3661518404739|28269493|1585925906|00033144
openmpi-master|3661523189761|3661550307849|27118088|1585925906|00031840
openmpi-master|3661556633269|3661587704384|31071115|1585925906|00037535
openmpi-master|3661592982691|3661620140137|27157446|1585925906|00031972
openmpi-master|3661625196041|3661652482062|27286021|1585925906|00032296
openmpi-master|3661657778324|3661685237189|27458865|1585925906|00032466
openmpi-master|3661690396696|3661718851728|28455032|1585925906|00033540
openmpi-master|3661723925024|3661752767231|28842207|1585925907|00033920
openmpi-master|3661758100837|3661785237603|27136766|1585925907|00032319
openmpi-master|3661790953448|3661820902553|29949105|1585925907|00035342
openmpi-master|3661826204461|3661853550256|27345795|1585925907|00032655
openmpi-master|3661858726441|3661886612697|27886256|1585925907|00032812
openmpi-master|3661891682983|3661919017932|27334949|1585925907|00032424
openmpi-master|3661925458163|3661964354432|38896269|1585925907|00045226
openmpi-master|3661970758346|3662001110664|30352318|1585925907|00036617
openmpi-master|3662007064199|3662034293643|27229444|1585925907|00033015
openmpi-master|3662039300224|3662066249508|26949284|1585925907|00031963
openmpi-master|3662071494668|3662099112401|27617733|1585925907|00032832
openmpi-master|3662104451472|3662131945526|27494054|1585925907|00032567
openmpi-master|3662136972566|3662164887112|27914546|1585925907|00032653
openmpi-master|3662170351644|3662200975450|30623806|1585925907|00036219
openmpi-master|3662206293892|3662234149586|27855694|1585925907|00033008
openmpi-master|3662239400631|3662268175031|28774400|1585925907|00033921
openmpi-master|3662273443248|3662302943004|29499756|1585925907|00034551
openmpi-master|3662308502335|3662336694683|28192348|1585925907|00033576
openmpi-master|3662341742230|3662369135949|27393719|1585925907|00032371
openmpi-master|3662374954015|3662415692572|40738557|1585925907|00046554
openmpi-master|3662422565818|3662452042540|29476722|1585925907|00036154
openmpi-master|3662457342406|3662485870346|28527940|1585925907|00033599
openmpi-master|3662491292295|3662519044729|27752434|1585925907|00033125
openmpi-master|3662524555580|3662552330688|27775108|1585925907|00033148
openmpi-master|3662557425075|3662586095599|28670524|1585925907|00033517
openmpi-master|3662591140367|3662619148179|28007812|1585925907|00032950
openmpi-master|3662624521596|3662652371372|27849776|1585925907|00033223
openmpi-master|3662657529563|3662684968185|27438622|1585925907|00032512
openmpi-master|3662691321853|3662723757035|32435182|1585925907|00038774
openmpi-master|3662729636695|3662765404559|35767864|1585925908|00041353
openmpi-master|3662772611332|3662803207933|30596601|1585925908|00037718
openmpi-master|3662808308803|3662837614259|29305456|1585925908|00034195
openmpi-master|3662842599590|3662869187485|26587895|1585925908|00031623
openmpi-master|3662874276143|3662901495415|27219272|1585925908|00032036
openmpi-master|3662906506860|3662934336100|27829240|1585925908|00032789
openmpi-master|3662939247752|3662967099407|27851655|1585925908|00032657
openmpi-master|3662972209508|3663000582778|28373270|1585925908|00033309
openmpi-master|3663006194025|3663041910690|35716665|1585925908|00041298
openmpi-master|3663047265030|3663076397796|29132766|1585925908|00034427
openmpi-master|3663082014087|3663109759216|27745129|1585925908|00033181
openmpi-master|3663124178915|3663151996649|27817734|1585925908|00043612
openmpi-master|3663158797771|3663186022239|27224468|1585925908|00032291
openmpi-master|3663191128385|3663219259620|28131235|1585925908|00033199
openmpi-master|3663224942385|3663251976874|27034489|1585925908|00032622
openmpi-master|3663257877653|3663287815284|29937631|1585925908|00035720
openmpi-master|3663293776179|3663323986303|30210124|1585925908|00036027
openmpi-master|3663329574360|3663357133295|27558935|1585925908|00033007
openmpi-master|3663362437532|3663390967450|28529918|1585925908|00033678
openmpi-master|3663396278828|3663424505454|28226626|1585925908|00033581
openmpi-master|3663429614445|3663456858002|27243557|1585925908|00032166
openmpi-master|3663461851957|3663495220824|33368867|1585925908|00038223
openmpi-master|3663501038133|3663528428673|27390540|1585925908|00033127
openmpi-master|3663535057174|3663564498578|29441404|1585925908|00035907
openmpi-master|3663569779729|3663600253705|30473976|1585925908|00035654
openmpi-master|3663606925160|3663635300089|28374929|1585925908|00034960
