1585593101-0028-000|8360742279027|8360912492192|170213165|1585593107|05853846
1585593101-0028-000|8360742279027|8360912492192|170213165|1585593107|00001044
1585593101-0028-000|8360742279027|8360912492192|170213165|1585593107|00001084
1585593101-0028-000|8360742279027|8360912492192|170213165|1585593107|00000963
1585593101-0028-000|8360742279027|8360912492192|170213165|1585593107|00000917
1585593101-0028-000|8360742279027|8360912492192|170213165|1585593107|00001022
1585593101-0028-000|8360742279027|8360912492192|170213165|1585593107|00000994
1585593101-0028-000|8360742279027|8360912492192|170213165|1585593107|00001080
1585593101-0028-000|8360742279027|8360912492192|170213165|1585593107|00001183
1585593101-0028-000|8360742279027|8360912492192|170213165|1585593107|00001142
1585593101-0028-000|8360742279027|8360912492192|170213165|1585593107|00001085
1585593101-0028-000|8360742279027|8360912492192|170213165|1585593107|00001060
1585593101-0028-000|8360742279027|8360912492192|170213165|1585593107|00000995
1585593101-0028-000|8360742279027|8360912492192|170213165|1585593107|00000997
1585593101-0028-000|8360742279027|8360912492192|170213165|1585593107|00000992
1585593101-0028-000|8360742279027|8360912492192|170213165|1585593107|00000939
1585593101-0028-000|8360742279027|8360912492192|170213165|1585593107|00001001
1585593101-0028-000|8360742279027|8360912492192|170213165|1585593107|00000893
1585593101-0028-000|8360742279027|8360912492192|170213165|1585593107|00000899
1585593101-0028-000|8360742279027|8360912492192|170213165|1585593107|00001075
1585593101-0028-000|8360742279027|8360912492192|170213165|1585593107|00000998
1585593101-0028-000|8360742279027|8360912492192|170213165|1585593107|00000980
1585593101-0028-000|8360742279027|8360912492192|170213165|1585593107|00000885
1585593101-0028-000|8360742279027|8360912492192|170213165|1585593107|00000967
1585593101-0028-000|8360742279027|8360912492192|170213165|1585593107|00000955
1585593101-0028-000|8360742279027|8360912492192|170213165|1585593107|00000949
1585593101-0028-000|8360742279027|8360912492192|170213165|1585593107|00000845
1585593101-0028-000|8360742279027|8360912492192|170213165|1585593107|00000933
1585593101-0028-000|8360742279027|8360912492192|170213165|1585593107|00000964
1585593101-0028-000|8360742279027|8360912492192|170213165|1585593107|00000899
1585593101-0028-000|8360742279027|8360912492192|170213165|1585593107|00001089
1585593101-0028-000|8360742279027|8360912492192|170213165|1585593107|00001022
1585593101-0028-000|8360742279027|8360912492192|170213165|1585593107|00000978
1585593101-0028-000|8360742279027|8360912492192|170213165|1585593107|00001127
1585593101-0028-000|8360742279027|8360912492192|170213165|1585593107|00001054
1585593101-0028-000|8360742279027|8360912492192|170213165|1585593107|00001144
1585593101-0028-000|8360742279027|8360912492192|170213165|1585593107|00000995
1585593101-0028-000|8360742279027|8360912492192|170213165|1585593107|00000952
1585593101-0028-000|8360742279027|8360912492192|170213165|1585593107|00000960
1585593101-0028-000|8360742279027|8360912492192|170213165|1585593107|00000991
1585593101-0028-000|8360742279027|8360912492192|170213165|1585593107|00001054
1585593101-0028-000|8360742279027|8360912492192|170213165|1585593107|00001619
1585593101-0028-000|8360742279027|8360912492192|170213165|1585593107|00000991
1585593101-0028-000|8360742279027|8360912492192|170213165|1585593107|00001583
1585593101-0028-000|8360742279027|8360912492192|170213165|1585593107|00002267
1585593101-0028-000|8360742279027|8360912492192|170213165|1585593107|00001248
1585593101-0028-000|8360742279027|8360912492192|170213165|1585593107|01009199
1585593101-0028-000|8360742279027|8360912492192|170213165|1585593107|00001262
1585593101-0028-000|8360742279027|8360912492192|170213165|1585593107|00001004
1585593101-0028-000|8360742279027|8360912492192|170213165|1585593107|00001337
1585593101-0028-000|8360742279027|8360912492192|170213165|1585593107|00001223
1585593101-0028-000|8360742279027|8360912492192|170213165|1585593107|00001010
1585593101-0028-000|8360742279027|8360912492192|170213165|1585593107|00001117
1585593101-0028-000|8360742279027|8360912492192|170213165|1585593107|00001225
1585593101-0028-000|8360742279027|8360912492192|170213165|1585593107|00000921
1585593101-0028-000|8360742279027|8360912492192|170213165|1585593107|00001510
1585593101-0028-000|8360742279027|8360912492192|170213165|1585593107|00001174
1585593101-0028-000|8360742279027|8360912492192|170213165|1585593107|00001486
1585593101-0028-000|8360742279027|8360912492192|170213165|1585593107|00001887
1585593101-0028-000|8360742279027|8360912492192|170213165|1585593107|00001149
1585593101-0028-000|8360742279027|8360912492192|170213165|1585593107|00001250
1585593101-0028-000|8360742279027|8360912492192|170213165|1585593107|00001560
1585593101-0028-000|8360742279027|8360912492192|170213165|1585593107|00001874
1585593101-0028-000|8360742279027|8360912492192|170213165|1585593107|00001353
1585593101-0028-000|8360742279027|8360912492192|170213165|1585593107|00001567
1585593101-0028-000|8360742279027|8360912492192|170213165|1585593107|00001752
1585593101-0028-000|8360742279027|8360912492192|170213165|1585593107|00001147
1585593101-0028-000|8360742279027|8360912492192|170213165|1585593107|00001888
1585593101-0028-000|8360742279027|8360912492192|170213165|1585593107|00001357
1585593101-0028-000|8360742279027|8360912492192|170213165|1585593107|00001216
1585593101-0028-000|8360742279027|8360912492192|170213165|1585593107|00001211
1585593101-0028-000|8360742279027|8360912492192|170213165|1585593107|01020942
1585593101-0028-000|8360742279027|8360912492192|170213165|1585593107|00001016
1585593101-0028-000|8360742279027|8360912492192|170213165|1585593107|00001280
1585593101-0028-000|8360742279027|8360912492192|170213165|1585593107|00001248
1585593101-0028-000|8360742279027|8360912492192|170213165|1585593107|00001350
1585593101-0028-000|8360742279027|8360912492192|170213165|1585593107|00001170
1585593101-0028-000|8360742279027|8360912492192|170213165|1585593107|00001259
1585593101-0028-000|8360742279027|8360912492192|170213165|1585593107|00001245
1585593101-0028-000|8360742279027|8360912492192|170213165|1585593107|00001647
1585593101-0028-000|8360742279027|8360912492192|170213165|1585593107|00001369
1585593101-0028-000|8360742279027|8360912492192|170213165|1585593107|00001700
1585593101-0028-000|8360742279027|8360912492192|170213165|1585593107|00001357
1585593101-0028-000|8360742279027|8360912492192|170213165|1585593107|00001795
1585593101-0028-000|8360742279027|8360912492192|170213165|1585593107|00001483
1585593101-0028-000|8360742279027|8360912492192|170213165|1585593107|03021287
1585593101-0028-000|8360742279027|8360912492192|170213165|1585593107|00001004
1585593101-0028-000|8360742279027|8360912492192|170213165|1585593107|00001019
1585593101-0028-000|8360742279027|8360912492192|170213165|1585593107|00000962
1585593101-0028-000|8360742279027|8360912492192|170213165|1585593107|00001037
1585593101-0028-000|8360742279027|8360912492192|170213165|1585593107|00001307
1585593101-0028-000|8360742279027|8360912492192|170213165|1585593107|00000967
1585593101-0028-000|8360742279027|8360912492192|170213165|1585593107|00001198
1585593101-0028-000|8360742279027|8360912492192|170213165|1585593107|00000890
1585593101-0028-000|8360742279027|8360912492192|170213165|1585593107|00001163
1585593101-0028-000|8360742279027|8360912492192|170213165|1585593107|00000899
1585593101-0028-000|8360742279027|8360912492192|170213165|1585593107|00001016
1585593101-0028-000|8360742279027|8360912492192|170213165|1585593107|00000960
1585593101-0028-000|8360742279027|8360912492192|170213165|1585593107|00001002
1585593101-0028-000|8360742279027|8360912492192|170213165|1585593107|00001109
