1585593101-0019-000|8356603905414|8356805706033|201800619|1585593103|01837796
1585593101-0019-000|8356603905414|8356805706033|201800619|1585593103|00001054
1585593101-0019-000|8356603905414|8356805706033|201800619|1585593103|00000958
1585593101-0019-000|8356603905414|8356805706033|201800619|1585593103|00001037
1585593101-0019-000|8356603905414|8356805706033|201800619|1585593103|00001293
1585593101-0019-000|8356603905414|8356805706033|201800619|1585593103|00001104
1585593101-0019-000|8356603905414|8356805706033|201800619|1585593103|00001330
1585593101-0019-000|8356603905414|8356805706033|201800619|1585593103|00001035
1585593101-0019-000|8356603905414|8356805706033|201800619|1585593103|00004612
1585593101-0019-000|8356603905414|8356805706033|201800619|1585593103|00001390
1585593101-0019-000|8356603905414|8356805706033|201800619|1585593103|00001031
1585593101-0019-000|8356603905414|8356805706033|201800619|1585593103|00001671
1585593101-0019-000|8356603905414|8356805706033|201800619|1585593103|00001204
1585593101-0019-000|8356603905414|8356805706033|201800619|1585593103|00001971
1585593101-0019-000|8356603905414|8356805706033|201800619|1585593103|00001081
1585593101-0019-000|8356603905414|8356805706033|201800619|1585593103|00001170
1585593101-0019-000|8356603905414|8356805706033|201800619|1585593103|00001300
1585593101-0019-000|8356603905414|8356805706033|201800619|1585593103|00001112
1585593101-0019-000|8356603905414|8356805706033|201800619|1585593103|00003021
1585593101-0019-000|8356603905414|8356805706033|201800619|1585593103|00005934
1585593101-0019-000|8356603905414|8356805706033|201800619|1585593103|00000983
1585593101-0019-000|8356603905414|8356805706033|201800619|1585593103|00004875
1585593101-0019-000|8356603905414|8356805706033|201800619|1585593103|00001538
1585593101-0019-000|8356603905414|8356805706033|201800619|1585593103|00001534
1585593101-0019-000|8356603905414|8356805706033|201800619|1585593103|00001123
1585593101-0019-000|8356603905414|8356805706033|201800619|1585593103|00001297
1585593101-0019-000|8356603905414|8356805706033|201800619|1585593103|00001314
1585593101-0019-000|8356603905414|8356805706033|201800619|1585593103|00001703
1585593101-0019-000|8356603905414|8356805706033|201800619|1585593103|00001630
1585593101-0019-000|8356603905414|8356805706033|201800619|1585593103|00001419
1585593101-0019-000|8356603905414|8356805706033|201800619|1585593103|00001145
1585593101-0019-000|8356603905414|8356805706033|201800619|1585593103|00001240
1585593101-0019-000|8356603905414|8356805706033|201800619|1585593103|00000962
1585593101-0019-000|8356603905414|8356805706033|201800619|1585593103|00001067
1585593101-0019-000|8356603905414|8356805706033|201800619|1585593103|00001188
1585593101-0019-000|8356603905414|8356805706033|201800619|1585593103|00000990
1585593101-0019-000|8356603905414|8356805706033|201800619|1585593103|00001463
1585593101-0019-000|8356603905414|8356805706033|201800619|1585593103|00001067
1585593101-0019-000|8356603905414|8356805706033|201800619|1585593103|00000890
1585593101-0019-000|8356603905414|8356805706033|201800619|1585593103|00000999
1585593101-0019-000|8356603905414|8356805706033|201800619|1585593103|00001484
1585593101-0019-000|8356603905414|8356805706033|201800619|1585593103|00001141
1585593101-0019-000|8356603905414|8356805706033|201800619|1585593103|01020275
1585593101-0019-000|8356603905414|8356805706033|201800619|1585593103|00001143
1585593101-0019-000|8356603905414|8356805706033|201800619|1585593103|00001457
1585593101-0019-000|8356603905414|8356805706033|201800619|1585593103|00000975
1585593101-0019-000|8356603905414|8356805706033|201800619|1585593103|00000968
1585593101-0019-000|8356603905414|8356805706033|201800619|1585593103|00001589
1585593101-0019-000|8356603905414|8356805706033|201800619|1585593103|00001555
1585593101-0019-000|8356603905414|8356805706033|201800619|1585593103|00004789
1585593101-0019-000|8356603905414|8356805706033|201800619|1585593103|00001365
1585593101-0019-000|8356603905414|8356805706033|201800619|1585593103|00001681
1585593101-0019-000|8356603905414|8356805706033|201800619|1585593103|00001153
1585593101-0019-000|8356603905414|8356805706033|201800619|1585593103|00001037
1585593101-0019-000|8356603905414|8356805706033|201800619|1585593103|00001230
1585593101-0019-000|8356603905414|8356805706033|201800619|1585593103|00005131
1585593101-0019-000|8356603905414|8356805706033|201800619|1585593103|00001445
1585593101-0019-000|8356603905414|8356805706033|201800619|1585593103|00001280
1585593101-0019-000|8356603905414|8356805706033|201800619|1585593103|00001343
1585593101-0019-000|8356603905414|8356805706033|201800619|1585593103|00001020
1585593101-0019-000|8356603905414|8356805706033|201800619|1585593103|00001118
1585593101-0019-000|8356603905414|8356805706033|201800619|1585593103|01028562
1585593101-0019-000|8356603905414|8356805706033|201800619|1585593103|03036068
1585593101-0019-000|8356603905414|8356805706033|201800619|1585593103|00002115
1585593101-0019-000|8356603905414|8356805706033|201800619|1585593103|00001824
1585593101-0019-000|8356603905414|8356805706033|201800619|1585593103|00002268
1585593101-0019-000|8356603905414|8356805706033|201800619|1585593103|00002258
1585593101-0019-000|8356603905414|8356805706033|201800619|1585593103|00001077
1585593101-0019-000|8356603905414|8356805706033|201800619|1585593103|00001289
1585593101-0019-000|8356603905414|8356805706033|201800619|1585593103|00002628
1585593101-0019-000|8356603905414|8356805706033|201800619|1585593103|01009537
1585593101-0019-000|8356603905414|8356805706033|201800619|1585593103|00001292
1585593101-0019-000|8356603905414|8356805706033|201800619|1585593103|00001140
1585593101-0019-000|8356603905414|8356805706033|201800619|1585593103|00001179
1585593101-0019-000|8356603905414|8356805706033|201800619|1585593103|00000943
1585593101-0019-000|8356603905414|8356805706033|201800619|1585593103|00001018
1585593101-0019-000|8356603905414|8356805706033|201800619|1585593103|00000977
1585593101-0019-000|8356603905414|8356805706033|201800619|1585593103|00001069
1585593101-0019-000|8356603905414|8356805706033|201800619|1585593103|00001104
1585593101-0019-000|8356603905414|8356805706033|201800619|1585593103|00000955
1585593101-0019-000|8356603905414|8356805706033|201800619|1585593103|00001122
1585593101-0019-000|8356603905414|8356805706033|201800619|1585593103|00001259
1585593101-0019-000|8356603905414|8356805706033|201800619|1585593103|00001201
1585593101-0019-000|8356603905414|8356805706033|201800619|1585593103|00001175
1585593101-0019-000|8356603905414|8356805706033|201800619|1585593103|00000996
1585593101-0019-000|8356603905414|8356805706033|201800619|1585593103|00001044
1585593101-0019-000|8356603905414|8356805706033|201800619|1585593103|00001401
1585593101-0019-000|8356603905414|8356805706033|201800619|1585593103|00001963
1585593101-0019-000|8356603905414|8356805706033|201800619|1585593103|00001117
1585593101-0019-000|8356603905414|8356805706033|201800619|1585593103|00001627
1585593101-0019-000|8356603905414|8356805706033|201800619|1585593103|00001375
1585593101-0019-000|8356603905414|8356805706033|201800619|1585593103|00001342
1585593101-0019-000|8356603905414|8356805706033|201800619|1585593103|00002632
1585593101-0019-000|8356603905414|8356805706033|201800619|1585593103|00001050
1585593101-0019-000|8356603905414|8356805706033|201800619|1585593103|01025064
1585593101-0019-000|8356603905414|8356805706033|201800619|1585593103|00001441
1585593101-0019-000|8356603905414|8356805706033|201800619|1585593103|00001334
1585593101-0019-000|8356603905414|8356805706033|201800619|1585593103|00001279
1585593101-0019-000|8356603905414|8356805706033|201800619|1585593103|00001126
1585593101-0019-000|8356603905414|8356805706033|201800619|1585593103|00001525
