1585593101-0053-000|8359537113294|8359734501089|197387795|1585593106|04716049
1585593101-0053-000|8359537113294|8359734501089|197387795|1585593106|00001119
1585593101-0053-000|8359537113294|8359734501089|197387795|1585593106|00001137
1585593101-0053-000|8359537113294|8359734501089|197387795|1585593106|00001085
1585593101-0053-000|8359537113294|8359734501089|197387795|1585593106|00001030
1585593101-0053-000|8359537113294|8359734501089|197387795|1585593106|00001004
1585593101-0053-000|8359537113294|8359734501089|197387795|1585593106|00000961
1585593101-0053-000|8359537113294|8359734501089|197387795|1585593106|00001019
1585593101-0053-000|8359537113294|8359734501089|197387795|1585593106|00001014
1585593101-0053-000|8359537113294|8359734501089|197387795|1585593106|00001100
1585593101-0053-000|8359537113294|8359734501089|197387795|1585593106|00001009
1585593101-0053-000|8359537113294|8359734501089|197387795|1585593106|00001001
1585593101-0053-000|8359537113294|8359734501089|197387795|1585593106|00001006
1585593101-0053-000|8359537113294|8359734501089|197387795|1585593106|00001023
1585593101-0053-000|8359537113294|8359734501089|197387795|1585593106|00001089
1585593101-0053-000|8359537113294|8359734501089|197387795|1585593106|00001021
1585593101-0053-000|8359537113294|8359734501089|197387795|1585593106|00000908
1585593101-0053-000|8359537113294|8359734501089|197387795|1585593106|00001008
1585593101-0053-000|8359537113294|8359734501089|197387795|1585593106|00000967
1585593101-0053-000|8359537113294|8359734501089|197387795|1585593106|00000958
1585593101-0053-000|8359537113294|8359734501089|197387795|1585593106|00000945
1585593101-0053-000|8359537113294|8359734501089|197387795|1585593106|00001087
1585593101-0053-000|8359537113294|8359734501089|197387795|1585593106|00000991
1585593101-0053-000|8359537113294|8359734501089|197387795|1585593106|00001017
1585593101-0053-000|8359537113294|8359734501089|197387795|1585593106|00001006
1585593101-0053-000|8359537113294|8359734501089|197387795|1585593106|00000996
1585593101-0053-000|8359537113294|8359734501089|197387795|1585593106|00000944
1585593101-0053-000|8359537113294|8359734501089|197387795|1585593106|00000897
1585593101-0053-000|8359537113294|8359734501089|197387795|1585593106|00001038
1585593101-0053-000|8359537113294|8359734501089|197387795|1585593106|00000976
1585593101-0053-000|8359537113294|8359734501089|197387795|1585593106|00000932
1585593101-0053-000|8359537113294|8359734501089|197387795|1585593106|00000896
1585593101-0053-000|8359537113294|8359734501089|197387795|1585593106|00000917
1585593101-0053-000|8359537113294|8359734501089|197387795|1585593106|00001106
1585593101-0053-000|8359537113294|8359734501089|197387795|1585593106|00000998
1585593101-0053-000|8359537113294|8359734501089|197387795|1585593106|00001108
1585593101-0053-000|8359537113294|8359734501089|197387795|1585593106|00001050
1585593101-0053-000|8359537113294|8359734501089|197387795|1585593106|00000927
1585593101-0053-000|8359537113294|8359734501089|197387795|1585593106|00000977
1585593101-0053-000|8359537113294|8359734501089|197387795|1585593106|00000978
1585593101-0053-000|8359537113294|8359734501089|197387795|1585593106|00000972
1585593101-0053-000|8359537113294|8359734501089|197387795|1585593106|00000910
1585593101-0053-000|8359537113294|8359734501089|197387795|1585593106|00000912
1585593101-0053-000|8359537113294|8359734501089|197387795|1585593106|00000968
1585593101-0053-000|8359537113294|8359734501089|197387795|1585593106|00001038
1585593101-0053-000|8359537113294|8359734501089|197387795|1585593106|00000963
1585593101-0053-000|8359537113294|8359734501089|197387795|1585593106|00001022
1585593101-0053-000|8359537113294|8359734501089|197387795|1585593106|00001052
1585593101-0053-000|8359537113294|8359734501089|197387795|1585593106|00000954
1585593101-0053-000|8359537113294|8359734501089|197387795|1585593106|00001084
1585593101-0053-000|8359537113294|8359734501089|197387795|1585593106|00001021
1585593101-0053-000|8359537113294|8359734501089|197387795|1585593106|00000994
1585593101-0053-000|8359537113294|8359734501089|197387795|1585593106|00001053
1585593101-0053-000|8359537113294|8359734501089|197387795|1585593106|00001009
1585593101-0053-000|8359537113294|8359734501089|197387795|1585593106|00000907
1585593101-0053-000|8359537113294|8359734501089|197387795|1585593106|00001054
1585593101-0053-000|8359537113294|8359734501089|197387795|1585593106|00000957
1585593101-0053-000|8359537113294|8359734501089|197387795|1585593106|00001119
1585593101-0053-000|8359537113294|8359734501089|197387795|1585593106|00000972
1585593101-0053-000|8359537113294|8359734501089|197387795|1585593106|00000980
1585593101-0053-000|8359537113294|8359734501089|197387795|1585593106|00001071
1585593101-0053-000|8359537113294|8359734501089|197387795|1585593106|00001028
1585593101-0053-000|8359537113294|8359734501089|197387795|1585593106|00000911
1585593101-0053-000|8359537113294|8359734501089|197387795|1585593106|00000967
1585593101-0053-000|8359537113294|8359734501089|197387795|1585593106|00001065
1585593101-0053-000|8359537113294|8359734501089|197387795|1585593106|00001088
1585593101-0053-000|8359537113294|8359734501089|197387795|1585593106|00001011
1585593101-0053-000|8359537113294|8359734501089|197387795|1585593106|00001037
1585593101-0053-000|8359537113294|8359734501089|197387795|1585593106|00001110
1585593101-0053-000|8359537113294|8359734501089|197387795|1585593106|00001014
1585593101-0053-000|8359537113294|8359734501089|197387795|1585593106|00001039
1585593101-0053-000|8359537113294|8359734501089|197387795|1585593106|00001067
1585593101-0053-000|8359537113294|8359734501089|197387795|1585593106|00000966
1585593101-0053-000|8359537113294|8359734501089|197387795|1585593106|00000930
1585593101-0053-000|8359537113294|8359734501089|197387795|1585593106|00000975
1585593101-0053-000|8359537113294|8359734501089|197387795|1585593106|00000948
1585593101-0053-000|8359537113294|8359734501089|197387795|1585593106|00000802
1585593101-0053-000|8359537113294|8359734501089|197387795|1585593106|00001010
1585593101-0053-000|8359537113294|8359734501089|197387795|1585593106|00000982
1585593101-0053-000|8359537113294|8359734501089|197387795|1585593106|00000916
1585593101-0053-000|8359537113294|8359734501089|197387795|1585593106|00000973
1585593101-0053-000|8359537113294|8359734501089|197387795|1585593106|00000918
1585593101-0053-000|8359537113294|8359734501089|197387795|1585593106|00001030
1585593101-0053-000|8359537113294|8359734501089|197387795|1585593106|00000937
1585593101-0053-000|8359537113294|8359734501089|197387795|1585593106|00000958
1585593101-0053-000|8359537113294|8359734501089|197387795|1585593106|00000930
1585593101-0053-000|8359537113294|8359734501089|197387795|1585593106|00001136
1585593101-0053-000|8359537113294|8359734501089|197387795|1585593106|00001009
1585593101-0053-000|8359537113294|8359734501089|197387795|1585593106|00000993
1585593101-0053-000|8359537113294|8359734501089|197387795|1585593106|00000979
1585593101-0053-000|8359537113294|8359734501089|197387795|1585593106|00000992
1585593101-0053-000|8359537113294|8359734501089|197387795|1585593106|00001049
1585593101-0053-000|8359537113294|8359734501089|197387795|1585593106|00000896
1585593101-0053-000|8359537113294|8359734501089|197387795|1585593106|00001683
1585593101-0053-000|8359537113294|8359734501089|197387795|1585593106|00001350
1585593101-0053-000|8359537113294|8359734501089|197387795|1585593106|00001947
1585593101-0053-000|8359537113294|8359734501089|197387795|1585593106|00001438
1585593101-0053-000|8359537113294|8359734501089|197387795|1585593106|00001234
1585593101-0053-000|8359537113294|8359734501089|197387795|1585593106|00005357
1585593101-0053-000|8359537113294|8359734501089|197387795|1585593106|00001790
