1585593101-0118-000|8360700601546|8360888105924|187504378|1585593107|05830530
1585593101-0118-000|8360700601546|8360888105924|187504378|1585593107|03039452
1585593101-0118-000|8360700601546|8360888105924|187504378|1585593107|00001162
1585593101-0118-000|8360700601546|8360888105924|187504378|1585593107|00001175
1585593101-0118-000|8360700601546|8360888105924|187504378|1585593107|01021526
1585593101-0118-000|8360700601546|8360888105924|187504378|1585593107|00001123
1585593101-0118-000|8360700601546|8360888105924|187504378|1585593107|00001157
1585593101-0118-000|8360700601546|8360888105924|187504378|1585593107|00001018
1585593101-0118-000|8360700601546|8360888105924|187504378|1585593107|00001309
1585593101-0118-000|8360700601546|8360888105924|187504378|1585593107|00001325
1585593101-0118-000|8360700601546|8360888105924|187504378|1585593107|00001979
1585593101-0118-000|8360700601546|8360888105924|187504378|1585593107|00001183
1585593101-0118-000|8360700601546|8360888105924|187504378|1585593107|00001581
1585593101-0118-000|8360700601546|8360888105924|187504378|1585593107|00001069
1585593101-0118-000|8360700601546|8360888105924|187504378|1585593107|00001051
1585593101-0118-000|8360700601546|8360888105924|187504378|1585593107|00001029
1585593101-0118-000|8360700601546|8360888105924|187504378|1585593107|01008603
1585593101-0118-000|8360700601546|8360888105924|187504378|1585593107|00001025
1585593101-0118-000|8360700601546|8360888105924|187504378|1585593107|00000985
1585593101-0118-000|8360700601546|8360888105924|187504378|1585593107|00000998
1585593101-0118-000|8360700601546|8360888105924|187504378|1585593107|00001320
1585593101-0118-000|8360700601546|8360888105924|187504378|1585593107|00001070
1585593101-0118-000|8360700601546|8360888105924|187504378|1585593107|00001241
1585593101-0118-000|8360700601546|8360888105924|187504378|1585593107|00004118
1585593101-0118-000|8360700601546|8360888105924|187504378|1585593107|00001056
1585593101-0118-000|8360700601546|8360888105924|187504378|1585593107|00001045
1585593101-0118-000|8360700601546|8360888105924|187504378|1585593107|00000983
1585593101-0118-000|8360700601546|8360888105924|187504378|1585593107|00000894
1585593101-0118-000|8360700601546|8360888105924|187504378|1585593107|00000991
1585593101-0118-000|8360700601546|8360888105924|187504378|1585593107|00000865
1585593101-0118-000|8360700601546|8360888105924|187504378|1585593107|00000908
1585593101-0118-000|8360700601546|8360888105924|187504378|1585593107|00000952
1585593101-0118-000|8360700601546|8360888105924|187504378|1585593107|00001080
1585593101-0118-000|8360700601546|8360888105924|187504378|1585593107|00000998
1585593101-0118-000|8360700601546|8360888105924|187504378|1585593107|00001066
1585593101-0118-000|8360700601546|8360888105924|187504378|1585593107|00000942
1585593101-0118-000|8360700601546|8360888105924|187504378|1585593107|00001134
1585593101-0118-000|8360700601546|8360888105924|187504378|1585593107|00001016
1585593101-0118-000|8360700601546|8360888105924|187504378|1585593107|00000901
1585593101-0118-000|8360700601546|8360888105924|187504378|1585593107|00000966
1585593101-0118-000|8360700601546|8360888105924|187504378|1585593107|00001002
1585593101-0118-000|8360700601546|8360888105924|187504378|1585593107|00001095
1585593101-0118-000|8360700601546|8360888105924|187504378|1585593107|00001051
1585593101-0118-000|8360700601546|8360888105924|187504378|1585593107|00000992
1585593101-0118-000|8360700601546|8360888105924|187504378|1585593107|00001133
1585593101-0118-000|8360700601546|8360888105924|187504378|1585593107|00001134
1585593101-0118-000|8360700601546|8360888105924|187504378|1585593107|00001245
1585593101-0118-000|8360700601546|8360888105924|187504378|1585593107|00001336
1585593101-0118-000|8360700601546|8360888105924|187504378|1585593107|00001172
1585593101-0118-000|8360700601546|8360888105924|187504378|1585593107|00001122
1585593101-0118-000|8360700601546|8360888105924|187504378|1585593107|00001035
1585593101-0118-000|8360700601546|8360888105924|187504378|1585593107|00001072
1585593101-0118-000|8360700601546|8360888105924|187504378|1585593107|00001101
1585593101-0118-000|8360700601546|8360888105924|187504378|1585593107|00001092
1585593101-0118-000|8360700601546|8360888105924|187504378|1585593107|01010263
1585593101-0118-000|8360700601546|8360888105924|187504378|1585593107|00001152
1585593101-0118-000|8360700601546|8360888105924|187504378|1585593107|00001238
1585593101-0118-000|8360700601546|8360888105924|187504378|1585593107|00001313
1585593101-0118-000|8360700601546|8360888105924|187504378|1585593107|00001115
1585593101-0118-000|8360700601546|8360888105924|187504378|1585593107|00001136
1585593101-0118-000|8360700601546|8360888105924|187504378|1585593107|00001080
1585593101-0118-000|8360700601546|8360888105924|187504378|1585593107|00001101
1585593101-0118-000|8360700601546|8360888105924|187504378|1585593107|00001113
1585593101-0118-000|8360700601546|8360888105924|187504378|1585593107|00001096
1585593101-0118-000|8360700601546|8360888105924|187504378|1585593107|00001098
1585593101-0118-000|8360700601546|8360888105924|187504378|1585593107|00001097
1585593101-0118-000|8360700601546|8360888105924|187504378|1585593107|00001179
1585593101-0118-000|8360700601546|8360888105924|187504378|1585593107|01008790
1585593101-0118-000|8360700601546|8360888105924|187504378|1585593107|00000994
1585593101-0118-000|8360700601546|8360888105924|187504378|1585593107|00000981
1585593101-0118-000|8360700601546|8360888105924|187504378|1585593107|00001053
1585593101-0118-000|8360700601546|8360888105924|187504378|1585593107|00000916
1585593101-0118-000|8360700601546|8360888105924|187504378|1585593107|00000898
1585593101-0118-000|8360700601546|8360888105924|187504378|1585593107|00000886
1585593101-0118-000|8360700601546|8360888105924|187504378|1585593107|00000896
1585593101-0118-000|8360700601546|8360888105924|187504378|1585593107|00000920
1585593101-0118-000|8360700601546|8360888105924|187504378|1585593107|00000937
1585593101-0118-000|8360700601546|8360888105924|187504378|1585593107|00001095
1585593101-0118-000|8360700601546|8360888105924|187504378|1585593107|00000929
1585593101-0118-000|8360700601546|8360888105924|187504378|1585593107|00000815
1585593101-0118-000|8360700601546|8360888105924|187504378|1585593107|00001071
1585593101-0118-000|8360700601546|8360888105924|187504378|1585593107|00000975
1585593101-0118-000|8360700601546|8360888105924|187504378|1585593107|00000935
1585593101-0118-000|8360700601546|8360888105924|187504378|1585593107|00000860
1585593101-0118-000|8360700601546|8360888105924|187504378|1585593107|00000901
1585593101-0118-000|8360700601546|8360888105924|187504378|1585593107|00000913
1585593101-0118-000|8360700601546|8360888105924|187504378|1585593107|00000897
1585593101-0118-000|8360700601546|8360888105924|187504378|1585593107|00000958
1585593101-0118-000|8360700601546|8360888105924|187504378|1585593107|00001024
1585593101-0118-000|8360700601546|8360888105924|187504378|1585593107|00001012
1585593101-0118-000|8360700601546|8360888105924|187504378|1585593107|00000974
1585593101-0118-000|8360700601546|8360888105924|187504378|1585593107|00001090
1585593101-0118-000|8360700601546|8360888105924|187504378|1585593107|00001045
1585593101-0118-000|8360700601546|8360888105924|187504378|1585593107|00001112
1585593101-0118-000|8360700601546|8360888105924|187504378|1585593107|00000913
1585593101-0118-000|8360700601546|8360888105924|187504378|1585593107|00000893
1585593101-0118-000|8360700601546|8360888105924|187504378|1585593107|00001046
1585593101-0118-000|8360700601546|8360888105924|187504378|1585593107|00001063
1585593101-0118-000|8360700601546|8360888105924|187504378|1585593107|00000967
1585593101-0118-000|8360700601546|8360888105924|187504378|1585593107|00001104
