1585593101-0124-000|8356100923362|8356199372565|98449203|1585593103|01250977
1585593101-0124-000|8356100923362|8356199372565|98449203|1585593103|00001033
1585593101-0124-000|8356100923362|8356199372565|98449203|1585593103|00001093
1585593101-0124-000|8356100923362|8356199372565|98449203|1585593103|00001181
1585593101-0124-000|8356100923362|8356199372565|98449203|1585593103|00001105
1585593101-0124-000|8356100923362|8356199372565|98449203|1585593103|00001038
1585593101-0124-000|8356100923362|8356199372565|98449203|1585593103|00001044
1585593101-0124-000|8356100923362|8356199372565|98449203|1585593103|00000926
1585593101-0124-000|8356100923362|8356199372565|98449203|1585593103|00000865
1585593101-0124-000|8356100923362|8356199372565|98449203|1585593103|00000990
1585593101-0124-000|8356100923362|8356199372565|98449203|1585593103|00001024
1585593101-0124-000|8356100923362|8356199372565|98449203|1585593103|00001144
1585593101-0124-000|8356100923362|8356199372565|98449203|1585593103|00000984
1585593101-0124-000|8356100923362|8356199372565|98449203|1585593103|00000902
1585593101-0124-000|8356100923362|8356199372565|98449203|1585593103|00001111
1585593101-0124-000|8356100923362|8356199372565|98449203|1585593103|00001011
1585593101-0124-000|8356100923362|8356199372565|98449203|1585593103|00001074
1585593101-0124-000|8356100923362|8356199372565|98449203|1585593103|00000840
1585593101-0124-000|8356100923362|8356199372565|98449203|1585593103|00000947
1585593101-0124-000|8356100923362|8356199372565|98449203|1585593103|00001005
1585593101-0124-000|8356100923362|8356199372565|98449203|1585593103|00001038
1585593101-0124-000|8356100923362|8356199372565|98449203|1585593103|00001020
1585593101-0124-000|8356100923362|8356199372565|98449203|1585593103|00001060
1585593101-0124-000|8356100923362|8356199372565|98449203|1585593103|00000874
1585593101-0124-000|8356100923362|8356199372565|98449203|1585593103|00001107
1585593101-0124-000|8356100923362|8356199372565|98449203|1585593103|00000964
1585593101-0124-000|8356100923362|8356199372565|98449203|1585593103|00000924
1585593101-0124-000|8356100923362|8356199372565|98449203|1585593103|00001166
1585593101-0124-000|8356100923362|8356199372565|98449203|1585593103|00001057
1585593101-0124-000|8356100923362|8356199372565|98449203|1585593103|00000987
1585593101-0124-000|8356100923362|8356199372565|98449203|1585593103|00001061
1585593101-0124-000|8356100923362|8356199372565|98449203|1585593103|00000986
1585593101-0124-000|8356100923362|8356199372565|98449203|1585593103|00000946
1585593101-0124-000|8356100923362|8356199372565|98449203|1585593103|00001055
1585593101-0124-000|8356100923362|8356199372565|98449203|1585593103|00000948
1585593101-0124-000|8356100923362|8356199372565|98449203|1585593103|00001099
1585593101-0124-000|8356100923362|8356199372565|98449203|1585593103|00000942
1585593101-0124-000|8356100923362|8356199372565|98449203|1585593103|00001149
1585593101-0124-000|8356100923362|8356199372565|98449203|1585593103|00001215
1585593101-0124-000|8356100923362|8356199372565|98449203|1585593103|00001058
1585593101-0124-000|8356100923362|8356199372565|98449203|1585593103|00000936
1585593101-0124-000|8356100923362|8356199372565|98449203|1585593103|00001020
1585593101-0124-000|8356100923362|8356199372565|98449203|1585593103|00001004
1585593101-0124-000|8356100923362|8356199372565|98449203|1585593103|00001209
1585593101-0124-000|8356100923362|8356199372565|98449203|1585593103|00000861
1585593101-0124-000|8356100923362|8356199372565|98449203|1585593103|00001091
1585593101-0124-000|8356100923362|8356199372565|98449203|1585593103|00001040
1585593101-0124-000|8356100923362|8356199372565|98449203|1585593103|00001282
1585593101-0124-000|8356100923362|8356199372565|98449203|1585593103|00001071
1585593101-0124-000|8356100923362|8356199372565|98449203|1585593103|00000967
1585593101-0124-000|8356100923362|8356199372565|98449203|1585593103|00001132
1585593101-0124-000|8356100923362|8356199372565|98449203|1585593103|00001108
1585593101-0124-000|8356100923362|8356199372565|98449203|1585593103|00001039
1585593101-0124-000|8356100923362|8356199372565|98449203|1585593103|00001142
1585593101-0124-000|8356100923362|8356199372565|98449203|1585593103|00001006
1585593101-0124-000|8356100923362|8356199372565|98449203|1585593103|00001183
1585593101-0124-000|8356100923362|8356199372565|98449203|1585593103|00001046
1585593101-0124-000|8356100923362|8356199372565|98449203|1585593103|00001007
1585593101-0124-000|8356100923362|8356199372565|98449203|1585593103|00000941
1585593101-0124-000|8356100923362|8356199372565|98449203|1585593103|00001111
1585593101-0124-000|8356100923362|8356199372565|98449203|1585593103|00001083
1585593101-0124-000|8356100923362|8356199372565|98449203|1585593103|00000901
1585593101-0124-000|8356100923362|8356199372565|98449203|1585593103|00000922
1585593101-0124-000|8356100923362|8356199372565|98449203|1585593103|00001439
1585593101-0124-000|8356100923362|8356199372565|98449203|1585593103|00001063
1585593101-0124-000|8356100923362|8356199372565|98449203|1585593103|00001022
1585593101-0124-000|8356100923362|8356199372565|98449203|1585593103|00001346
1585593101-0124-000|8356100923362|8356199372565|98449203|1585593103|00001235
1585593101-0124-000|8356100923362|8356199372565|98449203|1585593103|00001161
1585593101-0124-000|8356100923362|8356199372565|98449203|1585593103|00001016
1585593101-0124-000|8356100923362|8356199372565|98449203|1585593103|00001055
1585593101-0124-000|8356100923362|8356199372565|98449203|1585593103|00001105
1585593101-0124-000|8356100923362|8356199372565|98449203|1585593103|00001041
1585593101-0124-000|8356100923362|8356199372565|98449203|1585593103|00001064
1585593101-0124-000|8356100923362|8356199372565|98449203|1585593103|00001292
1585593101-0124-000|8356100923362|8356199372565|98449203|1585593103|00001006
1585593101-0124-000|8356100923362|8356199372565|98449203|1585593103|00001060
1585593101-0124-000|8356100923362|8356199372565|98449203|1585593103|00001130
1585593101-0124-000|8356100923362|8356199372565|98449203|1585593103|00001152
1585593101-0124-000|8356100923362|8356199372565|98449203|1585593103|00001043
1585593101-0124-000|8356100923362|8356199372565|98449203|1585593103|00001196
1585593101-0124-000|8356100923362|8356199372565|98449203|1585593103|00001067
1585593101-0124-000|8356100923362|8356199372565|98449203|1585593103|00000843
1585593101-0124-000|8356100923362|8356199372565|98449203|1585593103|00001107
1585593101-0124-000|8356100923362|8356199372565|98449203|1585593103|00001143
1585593101-0124-000|8356100923362|8356199372565|98449203|1585593103|00000920
1585593101-0124-000|8356100923362|8356199372565|98449203|1585593103|00000921
1585593101-0124-000|8356100923362|8356199372565|98449203|1585593103|01019991
1585593101-0124-000|8356100923362|8356199372565|98449203|1585593103|00001104
1585593101-0124-000|8356100923362|8356199372565|98449203|1585593103|00001116
1585593101-0124-000|8356100923362|8356199372565|98449203|1585593103|00001128
1585593101-0124-000|8356100923362|8356199372565|98449203|1585593103|00001172
1585593101-0124-000|8356100923362|8356199372565|98449203|1585593103|00001338
1585593101-0124-000|8356100923362|8356199372565|98449203|1585593103|00001572
1585593101-0124-000|8356100923362|8356199372565|98449203|1585593103|00005082
1585593101-0124-000|8356100923362|8356199372565|98449203|1585593103|00005358
1585593101-0124-000|8356100923362|8356199372565|98449203|1585593103|00001285
1585593101-0124-000|8356100923362|8356199372565|98449203|1585593103|00000943
1585593101-0124-000|8356100923362|8356199372565|98449203|1585593103|00001005
1585593101-0124-000|8356100923362|8356199372565|98449203|1585593103|00000859
