1585593101-0059-000|8357231175065|8357433743790|202568725|1585593104|02458796
1585593101-0059-000|8357231175065|8357433743790|202568725|1585593104|00001085
1585593101-0059-000|8357231175065|8357433743790|202568725|1585593104|00001042
1585593101-0059-000|8357231175065|8357433743790|202568725|1585593104|00001032
1585593101-0059-000|8357231175065|8357433743790|202568725|1585593104|00000910
1585593101-0059-000|8357231175065|8357433743790|202568725|1585593104|00000914
1585593101-0059-000|8357231175065|8357433743790|202568725|1585593104|00000998
1585593101-0059-000|8357231175065|8357433743790|202568725|1585593104|00000935
1585593101-0059-000|8357231175065|8357433743790|202568725|1585593104|00001052
1585593101-0059-000|8357231175065|8357433743790|202568725|1585593104|00000979
1585593101-0059-000|8357231175065|8357433743790|202568725|1585593104|00000987
1585593101-0059-000|8357231175065|8357433743790|202568725|1585593104|00000949
1585593101-0059-000|8357231175065|8357433743790|202568725|1585593104|00000897
1585593101-0059-000|8357231175065|8357433743790|202568725|1585593104|00001041
1585593101-0059-000|8357231175065|8357433743790|202568725|1585593104|00000910
1585593101-0059-000|8357231175065|8357433743790|202568725|1585593104|00001052
1585593101-0059-000|8357231175065|8357433743790|202568725|1585593104|00001083
1585593101-0059-000|8357231175065|8357433743790|202568725|1585593104|00000984
1585593101-0059-000|8357231175065|8357433743790|202568725|1585593104|00000921
1585593101-0059-000|8357231175065|8357433743790|202568725|1585593104|00001020
1585593101-0059-000|8357231175065|8357433743790|202568725|1585593104|00001357
1585593101-0059-000|8357231175065|8357433743790|202568725|1585593104|00001052
1585593101-0059-000|8357231175065|8357433743790|202568725|1585593104|00000897
1585593101-0059-000|8357231175065|8357433743790|202568725|1585593104|00001272
1585593101-0059-000|8357231175065|8357433743790|202568725|1585593104|00001045
1585593101-0059-000|8357231175065|8357433743790|202568725|1585593104|00001006
1585593101-0059-000|8357231175065|8357433743790|202568725|1585593104|00001105
1585593101-0059-000|8357231175065|8357433743790|202568725|1585593104|00001190
1585593101-0059-000|8357231175065|8357433743790|202568725|1585593104|00001067
1585593101-0059-000|8357231175065|8357433743790|202568725|1585593104|00001063
1585593101-0059-000|8357231175065|8357433743790|202568725|1585593104|00000904
1585593101-0059-000|8357231175065|8357433743790|202568725|1585593104|00001008
1585593101-0059-000|8357231175065|8357433743790|202568725|1585593104|00001045
1585593101-0059-000|8357231175065|8357433743790|202568725|1585593104|00000980
1585593101-0059-000|8357231175065|8357433743790|202568725|1585593104|00001073
1585593101-0059-000|8357231175065|8357433743790|202568725|1585593104|00000893
1585593101-0059-000|8357231175065|8357433743790|202568725|1585593104|00000934
1585593101-0059-000|8357231175065|8357433743790|202568725|1585593104|00001137
1585593101-0059-000|8357231175065|8357433743790|202568725|1585593104|00001120
1585593101-0059-000|8357231175065|8357433743790|202568725|1585593104|00000983
1585593101-0059-000|8357231175065|8357433743790|202568725|1585593104|00000935
1585593101-0059-000|8357231175065|8357433743790|202568725|1585593104|00000976
1585593101-0059-000|8357231175065|8357433743790|202568725|1585593104|00001133
1585593101-0059-000|8357231175065|8357433743790|202568725|1585593104|00000977
1585593101-0059-000|8357231175065|8357433743790|202568725|1585593104|00001120
1585593101-0059-000|8357231175065|8357433743790|202568725|1585593104|00000845
1585593101-0059-000|8357231175065|8357433743790|202568725|1585593104|00001070
1585593101-0059-000|8357231175065|8357433743790|202568725|1585593104|00000951
1585593101-0059-000|8357231175065|8357433743790|202568725|1585593104|00001080
1585593101-0059-000|8357231175065|8357433743790|202568725|1585593104|00000934
1585593101-0059-000|8357231175065|8357433743790|202568725|1585593104|00000985
1585593101-0059-000|8357231175065|8357433743790|202568725|1585593104|00001064
1585593101-0059-000|8357231175065|8357433743790|202568725|1585593104|00001048
1585593101-0059-000|8357231175065|8357433743790|202568725|1585593104|00001095
1585593101-0059-000|8357231175065|8357433743790|202568725|1585593104|00001140
1585593101-0059-000|8357231175065|8357433743790|202568725|1585593104|00000958
1585593101-0059-000|8357231175065|8357433743790|202568725|1585593104|00001045
1585593101-0059-000|8357231175065|8357433743790|202568725|1585593104|00000912
1585593101-0059-000|8357231175065|8357433743790|202568725|1585593104|00001048
1585593101-0059-000|8357231175065|8357433743790|202568725|1585593104|00001068
1585593101-0059-000|8357231175065|8357433743790|202568725|1585593104|00000960
1585593101-0059-000|8357231175065|8357433743790|202568725|1585593104|00001338
1585593101-0059-000|8357231175065|8357433743790|202568725|1585593104|00001155
1585593101-0059-000|8357231175065|8357433743790|202568725|1585593104|00001057
1585593101-0059-000|8357231175065|8357433743790|202568725|1585593104|00001000
1585593101-0059-000|8357231175065|8357433743790|202568725|1585593104|00001106
1585593101-0059-000|8357231175065|8357433743790|202568725|1585593104|00000984
1585593101-0059-000|8357231175065|8357433743790|202568725|1585593104|00001100
1585593101-0059-000|8357231175065|8357433743790|202568725|1585593104|00001163
1585593101-0059-000|8357231175065|8357433743790|202568725|1585593104|00001056
1585593101-0059-000|8357231175065|8357433743790|202568725|1585593104|00001212
1585593101-0059-000|8357231175065|8357433743790|202568725|1585593104|00001056
1585593101-0059-000|8357231175065|8357433743790|202568725|1585593104|00000983
1585593101-0059-000|8357231175065|8357433743790|202568725|1585593104|00001156
1585593101-0059-000|8357231175065|8357433743790|202568725|1585593104|00001026
1585593101-0059-000|8357231175065|8357433743790|202568725|1585593104|00001174
1585593101-0059-000|8357231175065|8357433743790|202568725|1585593104|00001087
1585593101-0059-000|8357231175065|8357433743790|202568725|1585593104|00001343
1585593101-0059-000|8357231175065|8357433743790|202568725|1585593104|00001091
1585593101-0059-000|8357231175065|8357433743790|202568725|1585593104|00000972
1585593101-0059-000|8357231175065|8357433743790|202568725|1585593104|00000993
1585593101-0059-000|8357231175065|8357433743790|202568725|1585593104|00001095
1585593101-0059-000|8357231175065|8357433743790|202568725|1585593104|00001062
1585593101-0059-000|8357231175065|8357433743790|202568725|1585593104|00000991
1585593101-0059-000|8357231175065|8357433743790|202568725|1585593104|00001151
1585593101-0059-000|8357231175065|8357433743790|202568725|1585593104|00000983
1585593101-0059-000|8357231175065|8357433743790|202568725|1585593104|00001080
1585593101-0059-000|8357231175065|8357433743790|202568725|1585593104|00000915
1585593101-0059-000|8357231175065|8357433743790|202568725|1585593104|00001021
1585593101-0059-000|8357231175065|8357433743790|202568725|1585593104|00001122
1585593101-0059-000|8357231175065|8357433743790|202568725|1585593104|07078219
1585593101-0059-000|8357231175065|8357433743790|202568725|1585593104|01023358
1585593101-0059-000|8357231175065|8357433743790|202568725|1585593104|00001094
1585593101-0059-000|8357231175065|8357433743790|202568725|1585593104|00001109
1585593101-0059-000|8357231175065|8357433743790|202568725|1585593104|00001138
1585593101-0059-000|8357231175065|8357433743790|202568725|1585593104|00001681
1585593101-0059-000|8357231175065|8357433743790|202568725|1585593104|00001082
1585593101-0059-000|8357231175065|8357433743790|202568725|1585593104|00001426
1585593101-0059-000|8357231175065|8357433743790|202568725|1585593104|00001294
1585593101-0059-000|8357231175065|8357433743790|202568725|1585593104|00001082
