1585593101-0117-000|8358832563219|8358997401809|164838590|1585593105|04004117
1585593101-0117-000|8358832563219|8358997401809|164838590|1585593105|00001124
1585593101-0117-000|8358832563219|8358997401809|164838590|1585593105|00001041
1585593101-0117-000|8358832563219|8358997401809|164838590|1585593105|00001217
1585593101-0117-000|8358832563219|8358997401809|164838590|1585593105|00001102
1585593101-0117-000|8358832563219|8358997401809|164838590|1585593105|00001101
1585593101-0117-000|8358832563219|8358997401809|164838590|1585593105|00001098
1585593101-0117-000|8358832563219|8358997401809|164838590|1585593105|00001267
1585593101-0117-000|8358832563219|8358997401809|164838590|1585593105|00001217
1585593101-0117-000|8358832563219|8358997401809|164838590|1585593105|00001267
1585593101-0117-000|8358832563219|8358997401809|164838590|1585593105|00001018
1585593101-0117-000|8358832563219|8358997401809|164838590|1585593105|00001124
1585593101-0117-000|8358832563219|8358997401809|164838590|1585593105|00001082
1585593101-0117-000|8358832563219|8358997401809|164838590|1585593105|00001259
1585593101-0117-000|8358832563219|8358997401809|164838590|1585593105|00001349
1585593101-0117-000|8358832563219|8358997401809|164838590|1585593105|00001091
1585593101-0117-000|8358832563219|8358997401809|164838590|1585593105|00001304
1585593101-0117-000|8358832563219|8358997401809|164838590|1585593105|00001234
1585593101-0117-000|8358832563219|8358997401809|164838590|1585593105|00001153
1585593101-0117-000|8358832563219|8358997401809|164838590|1585593105|00001300
1585593101-0117-000|8358832563219|8358997401809|164838590|1585593105|00001243
1585593101-0117-000|8358832563219|8358997401809|164838590|1585593105|00001131
1585593101-0117-000|8358832563219|8358997401809|164838590|1585593105|00001289
1585593101-0117-000|8358832563219|8358997401809|164838590|1585593105|00001090
1585593101-0117-000|8358832563219|8358997401809|164838590|1585593105|00001240
1585593101-0117-000|8358832563219|8358997401809|164838590|1585593105|00001047
1585593101-0117-000|8358832563219|8358997401809|164838590|1585593105|00001273
1585593101-0117-000|8358832563219|8358997401809|164838590|1585593105|00001137
1585593101-0117-000|8358832563219|8358997401809|164838590|1585593105|00001005
1585593101-0117-000|8358832563219|8358997401809|164838590|1585593105|00000999
1585593101-0117-000|8358832563219|8358997401809|164838590|1585593105|00001388
1585593101-0117-000|8358832563219|8358997401809|164838590|1585593105|00001122
1585593101-0117-000|8358832563219|8358997401809|164838590|1585593105|00000982
1585593101-0117-000|8358832563219|8358997401809|164838590|1585593105|00001169
1585593101-0117-000|8358832563219|8358997401809|164838590|1585593105|00001099
1585593101-0117-000|8358832563219|8358997401809|164838590|1585593105|00001096
1585593101-0117-000|8358832563219|8358997401809|164838590|1585593105|00001006
1585593101-0117-000|8358832563219|8358997401809|164838590|1585593105|00000963
1585593101-0117-000|8358832563219|8358997401809|164838590|1585593105|00001108
1585593101-0117-000|8358832563219|8358997401809|164838590|1585593105|00001162
1585593101-0117-000|8358832563219|8358997401809|164838590|1585593105|00001168
1585593101-0117-000|8358832563219|8358997401809|164838590|1585593105|00001110
1585593101-0117-000|8358832563219|8358997401809|164838590|1585593105|00001364
1585593101-0117-000|8358832563219|8358997401809|164838590|1585593105|00000993
1585593101-0117-000|8358832563219|8358997401809|164838590|1585593105|00001122
1585593101-0117-000|8358832563219|8358997401809|164838590|1585593105|00001050
1585593101-0117-000|8358832563219|8358997401809|164838590|1585593105|00001077
1585593101-0117-000|8358832563219|8358997401809|164838590|1585593105|00001160
1585593101-0117-000|8358832563219|8358997401809|164838590|1585593105|00001158
1585593101-0117-000|8358832563219|8358997401809|164838590|1585593105|00001413
1585593101-0117-000|8358832563219|8358997401809|164838590|1585593105|00001872
1585593101-0117-000|8358832563219|8358997401809|164838590|1585593105|00001164
1585593101-0117-000|8358832563219|8358997401809|164838590|1585593105|00001087
1585593101-0117-000|8358832563219|8358997401809|164838590|1585593105|00001172
1585593101-0117-000|8358832563219|8358997401809|164838590|1585593105|00001214
1585593101-0117-000|8358832563219|8358997401809|164838590|1585593105|00001107
1585593101-0117-000|8358832563219|8358997401809|164838590|1585593105|00001067
1585593101-0117-000|8358832563219|8358997401809|164838590|1585593105|00001193
1585593101-0117-000|8358832563219|8358997401809|164838590|1585593105|00001016
1585593101-0117-000|8358832563219|8358997401809|164838590|1585593105|00001454
1585593101-0117-000|8358832563219|8358997401809|164838590|1585593105|00001313
1585593101-0117-000|8358832563219|8358997401809|164838590|1585593105|00001126
1585593101-0117-000|8358832563219|8358997401809|164838590|1585593105|00001382
1585593101-0117-000|8358832563219|8358997401809|164838590|1585593105|00001034
1585593101-0117-000|8358832563219|8358997401809|164838590|1585593105|00001217
1585593101-0117-000|8358832563219|8358997401809|164838590|1585593105|00001274
1585593101-0117-000|8358832563219|8358997401809|164838590|1585593105|00001170
1585593101-0117-000|8358832563219|8358997401809|164838590|1585593105|01018156
1585593101-0117-000|8358832563219|8358997401809|164838590|1585593105|00003592
1585593101-0117-000|8358832563219|8358997401809|164838590|1585593105|00001472
1585593101-0117-000|8358832563219|8358997401809|164838590|1585593105|00002112
1585593101-0117-000|8358832563219|8358997401809|164838590|1585593105|00004434
1585593101-0117-000|8358832563219|8358997401809|164838590|1585593105|00001376
1585593101-0117-000|8358832563219|8358997401809|164838590|1585593105|00010581
1585593101-0117-000|8358832563219|8358997401809|164838590|1585593105|01030726
1585593101-0117-000|8358832563219|8358997401809|164838590|1585593105|00001083
1585593101-0117-000|8358832563219|8358997401809|164838590|1585593105|00001260
1585593101-0117-000|8358832563219|8358997401809|164838590|1585593105|00001249
1585593101-0117-000|8358832563219|8358997401809|164838590|1585593105|00001125
1585593101-0117-000|8358832563219|8358997401809|164838590|1585593105|00001000
1585593101-0117-000|8358832563219|8358997401809|164838590|1585593105|00001223
1585593101-0117-000|8358832563219|8358997401809|164838590|1585593105|00001154
1585593101-0117-000|8358832563219|8358997401809|164838590|1585593105|00000984
1585593101-0117-000|8358832563219|8358997401809|164838590|1585593105|00000991
1585593101-0117-000|8358832563219|8358997401809|164838590|1585593105|00001106
1585593101-0117-000|8358832563219|8358997401809|164838590|1585593105|00001117
1585593101-0117-000|8358832563219|8358997401809|164838590|1585593105|00001030
1585593101-0117-000|8358832563219|8358997401809|164838590|1585593105|00001041
1585593101-0117-000|8358832563219|8358997401809|164838590|1585593105|00000984
1585593101-0117-000|8358832563219|8358997401809|164838590|1585593105|00000979
1585593101-0117-000|8358832563219|8358997401809|164838590|1585593105|00001214
1585593101-0117-000|8358832563219|8358997401809|164838590|1585593105|00001205
1585593101-0117-000|8358832563219|8358997401809|164838590|1585593105|00000991
1585593101-0117-000|8358832563219|8358997401809|164838590|1585593105|00001243
1585593101-0117-000|8358832563219|8358997401809|164838590|1585593105|00001289
1585593101-0117-000|8358832563219|8358997401809|164838590|1585593105|00000935
1585593101-0117-000|8358832563219|8358997401809|164838590|1585593105|00001027
1585593101-0117-000|8358832563219|8358997401809|164838590|1585593105|00001448
1585593101-0117-000|8358832563219|8358997401809|164838590|1585593105|00000998
1585593101-0117-000|8358832563219|8358997401809|164838590|1585593105|00001104
