1585593101-0128-000|8360622436244|8360806128149|183691905|1585593107|05754795
1585593101-0128-000|8360622436244|8360806128149|183691905|1585593107|00001069
1585593101-0128-000|8360622436244|8360806128149|183691905|1585593107|00000954
1585593101-0128-000|8360622436244|8360806128149|183691905|1585593107|00001087
1585593101-0128-000|8360622436244|8360806128149|183691905|1585593107|00000945
1585593101-0128-000|8360622436244|8360806128149|183691905|1585593107|00000900
1585593101-0128-000|8360622436244|8360806128149|183691905|1585593107|00001110
1585593101-0128-000|8360622436244|8360806128149|183691905|1585593107|00001106
1585593101-0128-000|8360622436244|8360806128149|183691905|1585593107|00001001
1585593101-0128-000|8360622436244|8360806128149|183691905|1585593107|00000984
1585593101-0128-000|8360622436244|8360806128149|183691905|1585593107|00000974
1585593101-0128-000|8360622436244|8360806128149|183691905|1585593107|00001011
1585593101-0128-000|8360622436244|8360806128149|183691905|1585593107|00000883
1585593101-0128-000|8360622436244|8360806128149|183691905|1585593107|00001014
1585593101-0128-000|8360622436244|8360806128149|183691905|1585593107|00000928
1585593101-0128-000|8360622436244|8360806128149|183691905|1585593107|00000982
1585593101-0128-000|8360622436244|8360806128149|183691905|1585593107|00000989
1585593101-0128-000|8360622436244|8360806128149|183691905|1585593107|00000947
1585593101-0128-000|8360622436244|8360806128149|183691905|1585593107|00000954
1585593101-0128-000|8360622436244|8360806128149|183691905|1585593107|00001088
1585593101-0128-000|8360622436244|8360806128149|183691905|1585593107|00000928
1585593101-0128-000|8360622436244|8360806128149|183691905|1585593107|00000921
1585593101-0128-000|8360622436244|8360806128149|183691905|1585593107|00001321
1585593101-0128-000|8360622436244|8360806128149|183691905|1585593107|00000850
1585593101-0128-000|8360622436244|8360806128149|183691905|1585593107|00001048
1585593101-0128-000|8360622436244|8360806128149|183691905|1585593107|00000882
1585593101-0128-000|8360622436244|8360806128149|183691905|1585593107|00001039
1585593101-0128-000|8360622436244|8360806128149|183691905|1585593107|00001255
1585593101-0128-000|8360622436244|8360806128149|183691905|1585593107|00001214
1585593101-0128-000|8360622436244|8360806128149|183691905|1585593107|00001067
1585593101-0128-000|8360622436244|8360806128149|183691905|1585593107|00001025
1585593101-0128-000|8360622436244|8360806128149|183691905|1585593107|00001050
1585593101-0128-000|8360622436244|8360806128149|183691905|1585593107|00001204
1585593101-0128-000|8360622436244|8360806128149|183691905|1585593107|00001119
1585593101-0128-000|8360622436244|8360806128149|183691905|1585593107|00001190
1585593101-0128-000|8360622436244|8360806128149|183691905|1585593107|00001158
1585593101-0128-000|8360622436244|8360806128149|183691905|1585593107|00001270
1585593101-0128-000|8360622436244|8360806128149|183691905|1585593107|00000998
1585593101-0128-000|8360622436244|8360806128149|183691905|1585593107|03043563
1585593101-0128-000|8360622436244|8360806128149|183691905|1585593107|00000969
1585593101-0128-000|8360622436244|8360806128149|183691905|1585593107|00001426
1585593101-0128-000|8360622436244|8360806128149|183691905|1585593107|00001244
1585593101-0128-000|8360622436244|8360806128149|183691905|1585593107|00000987
1585593101-0128-000|8360622436244|8360806128149|183691905|1585593107|00001293
1585593101-0128-000|8360622436244|8360806128149|183691905|1585593107|00001137
1585593101-0128-000|8360622436244|8360806128149|183691905|1585593107|00001271
1585593101-0128-000|8360622436244|8360806128149|183691905|1585593107|00000963
1585593101-0128-000|8360622436244|8360806128149|183691905|1585593107|00001060
1585593101-0128-000|8360622436244|8360806128149|183691905|1585593107|00000958
1585593101-0128-000|8360622436244|8360806128149|183691905|1585593107|00001091
1585593101-0128-000|8360622436244|8360806128149|183691905|1585593107|00001627
1585593101-0128-000|8360622436244|8360806128149|183691905|1585593107|00001550
1585593101-0128-000|8360622436244|8360806128149|183691905|1585593107|00001341
1585593101-0128-000|8360622436244|8360806128149|183691905|1585593107|01006121
1585593101-0128-000|8360622436244|8360806128149|183691905|1585593107|00000968
1585593101-0128-000|8360622436244|8360806128149|183691905|1585593107|00000888
1585593101-0128-000|8360622436244|8360806128149|183691905|1585593107|00000851
1585593101-0128-000|8360622436244|8360806128149|183691905|1585593107|00001145
1585593101-0128-000|8360622436244|8360806128149|183691905|1585593107|00001028
1585593101-0128-000|8360622436244|8360806128149|183691905|1585593107|00001092
1585593101-0128-000|8360622436244|8360806128149|183691905|1585593107|00001323
1585593101-0128-000|8360622436244|8360806128149|183691905|1585593107|00001031
1585593101-0128-000|8360622436244|8360806128149|183691905|1585593107|00001039
1585593101-0128-000|8360622436244|8360806128149|183691905|1585593107|00001003
1585593101-0128-000|8360622436244|8360806128149|183691905|1585593107|00001016
1585593101-0128-000|8360622436244|8360806128149|183691905|1585593107|00001203
1585593101-0128-000|8360622436244|8360806128149|183691905|1585593107|00001074
1585593101-0128-000|8360622436244|8360806128149|183691905|1585593107|00001092
1585593101-0128-000|8360622436244|8360806128149|183691905|1585593107|00000995
1585593101-0128-000|8360622436244|8360806128149|183691905|1585593107|00000987
1585593101-0128-000|8360622436244|8360806128149|183691905|1585593107|00001047
1585593101-0128-000|8360622436244|8360806128149|183691905|1585593107|00001399
1585593101-0128-000|8360622436244|8360806128149|183691905|1585593107|00001277
1585593101-0128-000|8360622436244|8360806128149|183691905|1585593107|00001038
1585593101-0128-000|8360622436244|8360806128149|183691905|1585593107|00000952
1585593101-0128-000|8360622436244|8360806128149|183691905|1585593107|00001057
1585593101-0128-000|8360622436244|8360806128149|183691905|1585593107|00000855
1585593101-0128-000|8360622436244|8360806128149|183691905|1585593107|00000935
1585593101-0128-000|8360622436244|8360806128149|183691905|1585593107|00000994
1585593101-0128-000|8360622436244|8360806128149|183691905|1585593107|00001064
1585593101-0128-000|8360622436244|8360806128149|183691905|1585593107|00001084
1585593101-0128-000|8360622436244|8360806128149|183691905|1585593107|00001299
1585593101-0128-000|8360622436244|8360806128149|183691905|1585593107|00001515
1585593101-0128-000|8360622436244|8360806128149|183691905|1585593107|00001124
1585593101-0128-000|8360622436244|8360806128149|183691905|1585593107|00001097
1585593101-0128-000|8360622436244|8360806128149|183691905|1585593107|00001411
1585593101-0128-000|8360622436244|8360806128149|183691905|1585593107|00000990
1585593101-0128-000|8360622436244|8360806128149|183691905|1585593107|00001211
1585593101-0128-000|8360622436244|8360806128149|183691905|1585593107|00001299
1585593101-0128-000|8360622436244|8360806128149|183691905|1585593107|00001122
1585593101-0128-000|8360622436244|8360806128149|183691905|1585593107|00001009
1585593101-0128-000|8360622436244|8360806128149|183691905|1585593107|00002597
1585593101-0128-000|8360622436244|8360806128149|183691905|1585593107|00000958
1585593101-0128-000|8360622436244|8360806128149|183691905|1585593107|01007937
1585593101-0128-000|8360622436244|8360806128149|183691905|1585593107|00001402
1585593101-0128-000|8360622436244|8360806128149|183691905|1585593107|00001008
1585593101-0128-000|8360622436244|8360806128149|183691905|1585593107|00001168
1585593101-0128-000|8360622436244|8360806128149|183691905|1585593107|00001234
1585593101-0128-000|8360622436244|8360806128149|183691905|1585593107|00001158
1585593101-0128-000|8360622436244|8360806128149|183691905|1585593107|00000981
