1585593101-0027-000|8355138679957|8355267676953|128996996|1585593102|00325617
1585593101-0027-000|8355138679957|8355267676953|128996996|1585593102|00001093
1585593101-0027-000|8355138679957|8355267676953|128996996|1585593102|00001146
1585593101-0027-000|8355138679957|8355267676953|128996996|1585593102|00001337
1585593101-0027-000|8355138679957|8355267676953|128996996|1585593102|00001451
1585593101-0027-000|8355138679957|8355267676953|128996996|1585593102|00001305
1585593101-0027-000|8355138679957|8355267676953|128996996|1585593102|00001075
1585593101-0027-000|8355138679957|8355267676953|128996996|1585593102|00001017
1585593101-0027-000|8355138679957|8355267676953|128996996|1585593102|00001174
1585593101-0027-000|8355138679957|8355267676953|128996996|1585593102|00000958
1585593101-0027-000|8355138679957|8355267676953|128996996|1585593102|00001225
1585593101-0027-000|8355138679957|8355267676953|128996996|1585593102|00001536
1585593101-0027-000|8355138679957|8355267676953|128996996|1585593102|00001290
1585593101-0027-000|8355138679957|8355267676953|128996996|1585593102|00001319
1585593101-0027-000|8355138679957|8355267676953|128996996|1585593102|00001163
1585593101-0027-000|8355138679957|8355267676953|128996996|1585593102|00001059
1585593101-0027-000|8355138679957|8355267676953|128996996|1585593102|00001239
1585593101-0027-000|8355138679957|8355267676953|128996996|1585593102|00001299
1585593101-0027-000|8355138679957|8355267676953|128996996|1585593102|00000947
1585593101-0027-000|8355138679957|8355267676953|128996996|1585593102|00001031
1585593101-0027-000|8355138679957|8355267676953|128996996|1585593102|00001347
1585593101-0027-000|8355138679957|8355267676953|128996996|1585593102|00001355
1585593101-0027-000|8355138679957|8355267676953|128996996|1585593102|00001116
1585593101-0027-000|8355138679957|8355267676953|128996996|1585593102|00001208
1585593101-0027-000|8355138679957|8355267676953|128996996|1585593102|00001140
1585593101-0027-000|8355138679957|8355267676953|128996996|1585593102|00001451
1585593101-0027-000|8355138679957|8355267676953|128996996|1585593102|00001144
1585593101-0027-000|8355138679957|8355267676953|128996996|1585593102|00001188
1585593101-0027-000|8355138679957|8355267676953|128996996|1585593102|00001138
1585593101-0027-000|8355138679957|8355267676953|128996996|1585593102|00001170
1585593101-0027-000|8355138679957|8355267676953|128996996|1585593102|00001293
1585593101-0027-000|8355138679957|8355267676953|128996996|1585593102|00000992
1585593101-0027-000|8355138679957|8355267676953|128996996|1585593102|00001137
1585593101-0027-000|8355138679957|8355267676953|128996996|1585593102|00001074
1585593101-0027-000|8355138679957|8355267676953|128996996|1585593102|00001169
1585593101-0027-000|8355138679957|8355267676953|128996996|1585593102|00001599
1585593101-0027-000|8355138679957|8355267676953|128996996|1585593102|00001570
1585593101-0027-000|8355138679957|8355267676953|128996996|1585593102|00001309
1585593101-0027-000|8355138679957|8355267676953|128996996|1585593102|00001250
1585593101-0027-000|8355138679957|8355267676953|128996996|1585593102|00001182
1585593101-0027-000|8355138679957|8355267676953|128996996|1585593102|00001168
1585593101-0027-000|8355138679957|8355267676953|128996996|1585593102|00001278
1585593101-0027-000|8355138679957|8355267676953|128996996|1585593102|00001266
1585593101-0027-000|8355138679957|8355267676953|128996996|1585593102|00001424
1585593101-0027-000|8355138679957|8355267676953|128996996|1585593102|00001281
1585593101-0027-000|8355138679957|8355267676953|128996996|1585593102|00001092
1585593101-0027-000|8355138679957|8355267676953|128996996|1585593102|00001420
1585593101-0027-000|8355138679957|8355267676953|128996996|1585593102|00001234
1585593101-0027-000|8355138679957|8355267676953|128996996|1585593102|00001100
1585593101-0027-000|8355138679957|8355267676953|128996996|1585593102|00000979
1585593101-0027-000|8355138679957|8355267676953|128996996|1585593102|00001313
1585593101-0027-000|8355138679957|8355267676953|128996996|1585593102|00001442
1585593101-0027-000|8355138679957|8355267676953|128996996|1585593102|00001054
1585593101-0027-000|8355138679957|8355267676953|128996996|1585593102|00001104
1585593101-0027-000|8355138679957|8355267676953|128996996|1585593102|00001201
1585593101-0027-000|8355138679957|8355267676953|128996996|1585593102|00001165
1585593101-0027-000|8355138679957|8355267676953|128996996|1585593102|00001193
1585593101-0027-000|8355138679957|8355267676953|128996996|1585593102|00001775
1585593101-0027-000|8355138679957|8355267676953|128996996|1585593102|00000978
1585593101-0027-000|8355138679957|8355267676953|128996996|1585593102|00001255
1585593101-0027-000|8355138679957|8355267676953|128996996|1585593102|00001103
1585593101-0027-000|8355138679957|8355267676953|128996996|1585593102|00001291
1585593101-0027-000|8355138679957|8355267676953|128996996|1585593102|00001156
1585593101-0027-000|8355138679957|8355267676953|128996996|1585593102|00001309
1585593101-0027-000|8355138679957|8355267676953|128996996|1585593102|00001076
1585593101-0027-000|8355138679957|8355267676953|128996996|1585593102|00001119
1585593101-0027-000|8355138679957|8355267676953|128996996|1585593102|00001237
1585593101-0027-000|8355138679957|8355267676953|128996996|1585593102|00001080
1585593101-0027-000|8355138679957|8355267676953|128996996|1585593102|00001296
1585593101-0027-000|8355138679957|8355267676953|128996996|1585593102|00001201
1585593101-0027-000|8355138679957|8355267676953|128996996|1585593102|00001325
1585593101-0027-000|8355138679957|8355267676953|128996996|1585593102|00001304
1585593101-0027-000|8355138679957|8355267676953|128996996|1585593102|00001022
1585593101-0027-000|8355138679957|8355267676953|128996996|1585593102|00001175
1585593101-0027-000|8355138679957|8355267676953|128996996|1585593102|00001147
1585593101-0027-000|8355138679957|8355267676953|128996996|1585593102|00001262
1585593101-0027-000|8355138679957|8355267676953|128996996|1585593102|00001139
1585593101-0027-000|8355138679957|8355267676953|128996996|1585593102|00001061
1585593101-0027-000|8355138679957|8355267676953|128996996|1585593102|00001127
1585593101-0027-000|8355138679957|8355267676953|128996996|1585593102|00001176
1585593101-0027-000|8355138679957|8355267676953|128996996|1585593102|00001078
1585593101-0027-000|8355138679957|8355267676953|128996996|1585593102|00001063
1585593101-0027-000|8355138679957|8355267676953|128996996|1585593102|00001084
1585593101-0027-000|8355138679957|8355267676953|128996996|1585593102|00001093
1585593101-0027-000|8355138679957|8355267676953|128996996|1585593102|00001369
1585593101-0027-000|8355138679957|8355267676953|128996996|1585593102|00001184
1585593101-0027-000|8355138679957|8355267676953|128996996|1585593102|00001385
1585593101-0027-000|8355138679957|8355267676953|128996996|1585593102|00001091
1585593101-0027-000|8355138679957|8355267676953|128996996|1585593102|00001070
1585593101-0027-000|8355138679957|8355267676953|128996996|1585593102|00001179
1585593101-0027-000|8355138679957|8355267676953|128996996|1585593102|00001197
1585593101-0027-000|8355138679957|8355267676953|128996996|1585593102|00001145
1585593101-0027-000|8355138679957|8355267676953|128996996|1585593102|00001303
1585593101-0027-000|8355138679957|8355267676953|128996996|1585593102|00001371
1585593101-0027-000|8355138679957|8355267676953|128996996|1585593102|00006928
1585593101-0027-000|8355138679957|8355267676953|128996996|1585593102|00001179
1585593101-0027-000|8355138679957|8355267676953|128996996|1585593102|00001318
1585593101-0027-000|8355138679957|8355267676953|128996996|1585593102|00001093
1585593101-0027-000|8355138679957|8355267676953|128996996|1585593102|00001266
1585593101-0027-000|8355138679957|8355267676953|128996996|1585593102|00001088
