1585593101-0034-000|8356241070569|8356429745236|188674667|1585593103|01464656
1585593101-0034-000|8356241070569|8356429745236|188674667|1585593103|00001017
1585593101-0034-000|8356241070569|8356429745236|188674667|1585593103|00001101
1585593101-0034-000|8356241070569|8356429745236|188674667|1585593103|00001151
1585593101-0034-000|8356241070569|8356429745236|188674667|1585593103|00001016
1585593101-0034-000|8356241070569|8356429745236|188674667|1585593103|00001074
1585593101-0034-000|8356241070569|8356429745236|188674667|1585593103|00001094
1585593101-0034-000|8356241070569|8356429745236|188674667|1585593103|00001115
1585593101-0034-000|8356241070569|8356429745236|188674667|1585593103|00001023
1585593101-0034-000|8356241070569|8356429745236|188674667|1585593103|00001094
1585593101-0034-000|8356241070569|8356429745236|188674667|1585593103|00000957
1585593101-0034-000|8356241070569|8356429745236|188674667|1585593103|00000960
1585593101-0034-000|8356241070569|8356429745236|188674667|1585593103|00000995
1585593101-0034-000|8356241070569|8356429745236|188674667|1585593103|00001222
1585593101-0034-000|8356241070569|8356429745236|188674667|1585593103|00000947
1585593101-0034-000|8356241070569|8356429745236|188674667|1585593103|00001094
1585593101-0034-000|8356241070569|8356429745236|188674667|1585593103|00001033
1585593101-0034-000|8356241070569|8356429745236|188674667|1585593103|00001147
1585593101-0034-000|8356241070569|8356429745236|188674667|1585593103|00001221
1585593101-0034-000|8356241070569|8356429745236|188674667|1585593103|00000944
1585593101-0034-000|8356241070569|8356429745236|188674667|1585593103|00001273
1585593101-0034-000|8356241070569|8356429745236|188674667|1585593103|00001097
1585593101-0034-000|8356241070569|8356429745236|188674667|1585593103|00000952
1585593101-0034-000|8356241070569|8356429745236|188674667|1585593103|00000994
1585593101-0034-000|8356241070569|8356429745236|188674667|1585593103|00001197
1585593101-0034-000|8356241070569|8356429745236|188674667|1585593103|00001139
1585593101-0034-000|8356241070569|8356429745236|188674667|1585593103|00000987
1585593101-0034-000|8356241070569|8356429745236|188674667|1585593103|00000964
1585593101-0034-000|8356241070569|8356429745236|188674667|1585593103|00000979
1585593101-0034-000|8356241070569|8356429745236|188674667|1585593103|00001078
1585593101-0034-000|8356241070569|8356429745236|188674667|1585593103|00001020
1585593101-0034-000|8356241070569|8356429745236|188674667|1585593103|00001131
1585593101-0034-000|8356241070569|8356429745236|188674667|1585593103|00001137
1585593101-0034-000|8356241070569|8356429745236|188674667|1585593103|00001029
1585593101-0034-000|8356241070569|8356429745236|188674667|1585593103|00002539
1585593101-0034-000|8356241070569|8356429745236|188674667|1585593103|00001341
1585593101-0034-000|8356241070569|8356429745236|188674667|1585593103|00001108
1585593101-0034-000|8356241070569|8356429745236|188674667|1585593103|00001128
1585593101-0034-000|8356241070569|8356429745236|188674667|1585593103|00001106
1585593101-0034-000|8356241070569|8356429745236|188674667|1585593103|00001023
1585593101-0034-000|8356241070569|8356429745236|188674667|1585593103|00001026
1585593101-0034-000|8356241070569|8356429745236|188674667|1585593103|00001256
1585593101-0034-000|8356241070569|8356429745236|188674667|1585593103|00001096
1585593101-0034-000|8356241070569|8356429745236|188674667|1585593103|00001121
1585593101-0034-000|8356241070569|8356429745236|188674667|1585593103|00001480
1585593101-0034-000|8356241070569|8356429745236|188674667|1585593103|00001026
1585593101-0034-000|8356241070569|8356429745236|188674667|1585593103|00001019
1585593101-0034-000|8356241070569|8356429745236|188674667|1585593103|00001018
1585593101-0034-000|8356241070569|8356429745236|188674667|1585593103|00001018
1585593101-0034-000|8356241070569|8356429745236|188674667|1585593103|00001005
1585593101-0034-000|8356241070569|8356429745236|188674667|1585593103|00001245
1585593101-0034-000|8356241070569|8356429745236|188674667|1585593103|00001430
1585593101-0034-000|8356241070569|8356429745236|188674667|1585593103|00001061
1585593101-0034-000|8356241070569|8356429745236|188674667|1585593103|00001059
1585593101-0034-000|8356241070569|8356429745236|188674667|1585593103|00000981
1585593101-0034-000|8356241070569|8356429745236|188674667|1585593103|00001024
1585593101-0034-000|8356241070569|8356429745236|188674667|1585593103|00001040
1585593101-0034-000|8356241070569|8356429745236|188674667|1585593103|00000864
1585593101-0034-000|8356241070569|8356429745236|188674667|1585593103|00000995
1585593101-0034-000|8356241070569|8356429745236|188674667|1585593103|00001085
1585593101-0034-000|8356241070569|8356429745236|188674667|1585593103|00001050
1585593101-0034-000|8356241070569|8356429745236|188674667|1585593103|00000855
1585593101-0034-000|8356241070569|8356429745236|188674667|1585593103|00001017
1585593101-0034-000|8356241070569|8356429745236|188674667|1585593103|00000857
1585593101-0034-000|8356241070569|8356429745236|188674667|1585593103|00001152
1585593101-0034-000|8356241070569|8356429745236|188674667|1585593103|00001106
1585593101-0034-000|8356241070569|8356429745236|188674667|1585593103|00001186
1585593101-0034-000|8356241070569|8356429745236|188674667|1585593103|00001069
1585593101-0034-000|8356241070569|8356429745236|188674667|1585593103|00000988
1585593101-0034-000|8356241070569|8356429745236|188674667|1585593103|00001086
1585593101-0034-000|8356241070569|8356429745236|188674667|1585593103|00001161
1585593101-0034-000|8356241070569|8356429745236|188674667|1585593103|00001094
1585593101-0034-000|8356241070569|8356429745236|188674667|1585593103|00001105
1585593101-0034-000|8356241070569|8356429745236|188674667|1585593103|00000991
1585593101-0034-000|8356241070569|8356429745236|188674667|1585593103|00000940
1585593101-0034-000|8356241070569|8356429745236|188674667|1585593103|00001011
1585593101-0034-000|8356241070569|8356429745236|188674667|1585593103|00000913
1585593101-0034-000|8356241070569|8356429745236|188674667|1585593103|00000941
1585593101-0034-000|8356241070569|8356429745236|188674667|1585593103|00001111
1585593101-0034-000|8356241070569|8356429745236|188674667|1585593103|00001188
1585593101-0034-000|8356241070569|8356429745236|188674667|1585593103|00001063
1585593101-0034-000|8356241070569|8356429745236|188674667|1585593103|00001063
1585593101-0034-000|8356241070569|8356429745236|188674667|1585593103|00001096
1585593101-0034-000|8356241070569|8356429745236|188674667|1585593103|00000952
1585593101-0034-000|8356241070569|8356429745236|188674667|1585593103|00001030
1585593101-0034-000|8356241070569|8356429745236|188674667|1585593103|00000951
1585593101-0034-000|8356241070569|8356429745236|188674667|1585593103|00000899
1585593101-0034-000|8356241070569|8356429745236|188674667|1585593103|00001241
1585593101-0034-000|8356241070569|8356429745236|188674667|1585593103|00000897
1585593101-0034-000|8356241070569|8356429745236|188674667|1585593103|03030219
1585593101-0034-000|8356241070569|8356429745236|188674667|1585593103|00000975
1585593101-0034-000|8356241070569|8356429745236|188674667|1585593103|00000962
1585593101-0034-000|8356241070569|8356429745236|188674667|1585593103|00001025
1585593101-0034-000|8356241070569|8356429745236|188674667|1585593103|00001033
1585593101-0034-000|8356241070569|8356429745236|188674667|1585593103|00001009
1585593101-0034-000|8356241070569|8356429745236|188674667|1585593103|00001197
1585593101-0034-000|8356241070569|8356429745236|188674667|1585593103|00001207
1585593101-0034-000|8356241070569|8356429745236|188674667|1585593103|00001078
1585593101-0034-000|8356241070569|8356429745236|188674667|1585593103|00001148
1585593101-0034-000|8356241070569|8356429745236|188674667|1585593103|00000969
