1585593101-0088-000|8359975337267|8360151354198|176016931|1585593107|05121473
1585593101-0088-000|8359975337267|8360151354198|176016931|1585593107|01022028
1585593101-0088-000|8359975337267|8360151354198|176016931|1585593107|00001223
1585593101-0088-000|8359975337267|8360151354198|176016931|1585593107|00001235
1585593101-0088-000|8359975337267|8360151354198|176016931|1585593107|00000888
1585593101-0088-000|8359975337267|8360151354198|176016931|1585593107|00000851
1585593101-0088-000|8359975337267|8360151354198|176016931|1585593107|00001200
1585593101-0088-000|8359975337267|8360151354198|176016931|1585593107|00001151
1585593101-0088-000|8359975337267|8360151354198|176016931|1585593107|00000964
1585593101-0088-000|8359975337267|8360151354198|176016931|1585593107|00001423
1585593101-0088-000|8359975337267|8360151354198|176016931|1585593107|00000915
1585593101-0088-000|8359975337267|8360151354198|176016931|1585593107|00001035
1585593101-0088-000|8359975337267|8360151354198|176016931|1585593107|00001203
1585593101-0088-000|8359975337267|8360151354198|176016931|1585593107|00000838
1585593101-0088-000|8359975337267|8360151354198|176016931|1585593107|00000792
1585593101-0088-000|8359975337267|8360151354198|176016931|1585593107|00000838
1585593101-0088-000|8359975337267|8360151354198|176016931|1585593107|01007744
1585593101-0088-000|8359975337267|8360151354198|176016931|1585593107|00000888
1585593101-0088-000|8359975337267|8360151354198|176016931|1585593107|00000997
1585593101-0088-000|8359975337267|8360151354198|176016931|1585593107|00001086
1585593101-0088-000|8359975337267|8360151354198|176016931|1585593107|00001248
1585593101-0088-000|8359975337267|8360151354198|176016931|1585593107|00001052
1585593101-0088-000|8359975337267|8360151354198|176016931|1585593107|00000901
1585593101-0088-000|8359975337267|8360151354198|176016931|1585593107|00001133
1585593101-0088-000|8359975337267|8360151354198|176016931|1585593107|00001284
1585593101-0088-000|8359975337267|8360151354198|176016931|1585593107|00000906
1585593101-0088-000|8359975337267|8360151354198|176016931|1585593107|00001212
1585593101-0088-000|8359975337267|8360151354198|176016931|1585593107|00001263
1585593101-0088-000|8359975337267|8360151354198|176016931|1585593107|00001121
1585593101-0088-000|8359975337267|8360151354198|176016931|1585593107|00001223
1585593101-0088-000|8359975337267|8360151354198|176016931|1585593107|00001265
1585593101-0088-000|8359975337267|8360151354198|176016931|1585593107|00001270
1585593101-0088-000|8359975337267|8360151354198|176016931|1585593107|00002087
1585593101-0088-000|8359975337267|8360151354198|176016931|1585593107|00001268
1585593101-0088-000|8359975337267|8360151354198|176016931|1585593107|01002236
1585593101-0088-000|8359975337267|8360151354198|176016931|1585593107|00001093
1585593101-0088-000|8359975337267|8360151354198|176016931|1585593107|00000975
1585593101-0088-000|8359975337267|8360151354198|176016931|1585593107|00001008
1585593101-0088-000|8359975337267|8360151354198|176016931|1585593107|00001034
1585593101-0088-000|8359975337267|8360151354198|176016931|1585593107|00000895
1585593101-0088-000|8359975337267|8360151354198|176016931|1585593107|00000901
1585593101-0088-000|8359975337267|8360151354198|176016931|1585593107|00001003
1585593101-0088-000|8359975337267|8360151354198|176016931|1585593107|00001034
1585593101-0088-000|8359975337267|8360151354198|176016931|1585593107|00001052
1585593101-0088-000|8359975337267|8360151354198|176016931|1585593107|00001108
1585593101-0088-000|8359975337267|8360151354198|176016931|1585593107|00001214
1585593101-0088-000|8359975337267|8360151354198|176016931|1585593107|00001040
1585593101-0088-000|8359975337267|8360151354198|176016931|1585593107|00001159
1585593101-0088-000|8359975337267|8360151354198|176016931|1585593107|00001242
1585593101-0088-000|8359975337267|8360151354198|176016931|1585593107|00001624
1585593101-0088-000|8359975337267|8360151354198|176016931|1585593107|00001631
1585593101-0088-000|8359975337267|8360151354198|176016931|1585593107|00001339
1585593101-0088-000|8359975337267|8360151354198|176016931|1585593107|00002433
1585593101-0088-000|8359975337267|8360151354198|176016931|1585593107|00001229
1585593101-0088-000|8359975337267|8360151354198|176016931|1585593107|00001291
1585593101-0088-000|8359975337267|8360151354198|176016931|1585593107|00001948
1585593101-0088-000|8359975337267|8360151354198|176016931|1585593107|00001325
1585593101-0088-000|8359975337267|8360151354198|176016931|1585593107|00001165
1585593101-0088-000|8359975337267|8360151354198|176016931|1585593107|00001315
1585593101-0088-000|8359975337267|8360151354198|176016931|1585593107|00001265
1585593101-0088-000|8359975337267|8360151354198|176016931|1585593107|00003283
1585593101-0088-000|8359975337267|8360151354198|176016931|1585593107|00001469
1585593101-0088-000|8359975337267|8360151354198|176016931|1585593107|00001335
1585593101-0088-000|8359975337267|8360151354198|176016931|1585593107|01016879
1585593101-0088-000|8359975337267|8360151354198|176016931|1585593107|00002611
1585593101-0088-000|8359975337267|8360151354198|176016931|1585593107|00001420
1585593101-0088-000|8359975337267|8360151354198|176016931|1585593107|00001249
1585593101-0088-000|8359975337267|8360151354198|176016931|1585593107|00001399
1585593101-0088-000|8359975337267|8360151354198|176016931|1585593107|00002974
1585593101-0088-000|8359975337267|8360151354198|176016931|1585593107|01013149
1585593101-0088-000|8359975337267|8360151354198|176016931|1585593107|00000894
1585593101-0088-000|8359975337267|8360151354198|176016931|1585593107|00001078
1585593101-0088-000|8359975337267|8360151354198|176016931|1585593107|00001003
1585593101-0088-000|8359975337267|8360151354198|176016931|1585593107|00001077
1585593101-0088-000|8359975337267|8360151354198|176016931|1585593107|00001413
1585593101-0088-000|8359975337267|8360151354198|176016931|1585593107|00001066
1585593101-0088-000|8359975337267|8360151354198|176016931|1585593107|00000953
1585593101-0088-000|8359975337267|8360151354198|176016931|1585593107|00001235
1585593101-0088-000|8359975337267|8360151354198|176016931|1585593107|00001095
1585593101-0088-000|8359975337267|8360151354198|176016931|1585593107|00001308
1585593101-0088-000|8359975337267|8360151354198|176016931|1585593107|00001405
1585593101-0088-000|8359975337267|8360151354198|176016931|1585593107|00003774
1585593101-0088-000|8359975337267|8360151354198|176016931|1585593107|00001209
1585593101-0088-000|8359975337267|8360151354198|176016931|1585593107|00000986
1585593101-0088-000|8359975337267|8360151354198|176016931|1585593107|00001170
1585593101-0088-000|8359975337267|8360151354198|176016931|1585593107|00002346
1585593101-0088-000|8359975337267|8360151354198|176016931|1585593107|00001336
1585593101-0088-000|8359975337267|8360151354198|176016931|1585593107|03046311
1585593101-0088-000|8359975337267|8360151354198|176016931|1585593107|00001353
1585593101-0088-000|8359975337267|8360151354198|176016931|1585593107|00004302
1585593101-0088-000|8359975337267|8360151354198|176016931|1585593107|00001502
1585593101-0088-000|8359975337267|8360151354198|176016931|1585593107|00001112
1585593101-0088-000|8359975337267|8360151354198|176016931|1585593107|00005472
1585593101-0088-000|8359975337267|8360151354198|176016931|1585593107|00001477
1585593101-0088-000|8359975337267|8360151354198|176016931|1585593107|00006961
1585593101-0088-000|8359975337267|8360151354198|176016931|1585593107|03049501
1585593101-0088-000|8359975337267|8360151354198|176016931|1585593107|00005085
1585593101-0088-000|8359975337267|8360151354198|176016931|1585593107|00001042
1585593101-0088-000|8359975337267|8360151354198|176016931|1585593107|00001030
1585593101-0088-000|8359975337267|8360151354198|176016931|1585593107|00001097
