
openmpi-master|1586169640422|1586169640524|102|1586169640|1586169640534
openmpi-master|1586169640535|1586169640598|63|1586169640|1586169640592
openmpi-master|1586169640608|1586169640665|57|1586169640|1586169640659
openmpi-master|1586169640675|1586169640734|59|1586169640|1586169640728
openmpi-master|1586169640744|1586169640801|57|1586169640|1586169640794
openmpi-master|1586169640811|1586169640865|54|1586169640|1586169640859
openmpi-master|1586169640876|1586169640933|57|1586169640|1586169640928
openmpi-master|1586169640944|1586169640999|55|1586169640|1586169640993
openmpi-master|1586169641010|1586169641070|60|1586169641|1586169641064
openmpi-master|1586169641080|1586169641143|63|1586169641|1586169641137
openmpi-master|1586169641154|1586169641215|61|1586169641|1586169641210
openmpi-master|1586169641226|1586169641289|63|1586169641|1586169641283
openmpi-master|1586169641300|1586169641372|72|1586169641|1586169641366
openmpi-master|1586169641383|1586169641442|59|1586169641|1586169641436
openmpi-master|1586169641452|1586169641528|76|1586169641|1586169641522
openmpi-master|1586169641538|1586169641628|90|1586169641|1586169641623
openmpi-master|1586169641639|1586169641719|80|1586169641|1586169641714
openmpi-master|1586169641730|1586169641801|71|1586169641|1586169641795
openmpi-master|1586169641812|1586169641868|56|1586169641|1586169641862
openmpi-master|1586169641878|1586169641936|58|1586169641|1586169641930
openmpi-master|1586169641946|1586169642034|88|1586169642|1586169642028
openmpi-master|1586169642045|1586169642134|89|1586169642|1586169642129
openmpi-master|1586169642145|1586169642201|56|1586169642|1586169642195
openmpi-master|1586169642212|1586169642283|71|1586169642|1586169642277
openmpi-master|1586169642293|1586169642357|64|1586169642|1586169642351
openmpi-master|1586169642367|1586169642444|77|1586169642|1586169642439
openmpi-master|1586169642455|1586169642532|77|1586169642|1586169642526
openmpi-master|1586169642543|1586169642619|76|1586169642|1586169642613
openmpi-master|1586169642629|1586169642705|76|1586169642|1586169642699
openmpi-master|1586169642716|1586169642792|76|1586169642|1586169642787
openmpi-master|1586169642803|1586169642879|76|1586169642|1586169642874
openmpi-master|1586169642890|1586169642970|80|1586169642|1586169642964
openmpi-master|1586169642981|1586169643057|76|1586169643|1586169643052
openmpi-master|1586169643068|1586169643135|67|1586169643|1586169643129
openmpi-master|1586169643145|1586169643201|56|1586169643|1586169643195
openmpi-master|1586169643212|1586169643272|60|1586169643|1586169643267
openmpi-master|1586169643283|1586169643345|62|1586169643|1586169643339
openmpi-master|1586169643359|1586169643416|57|1586169643|1586169643410
openmpi-master|1586169643426|1586169643484|58|1586169643|1586169643478
openmpi-master|1586169643494|1586169643559|65|1586169643|1586169643553
openmpi-master|1586169643569|1586169643627|58|1586169643|1586169643621
openmpi-master|1586169643637|1586169643693|56|1586169643|1586169643687
openmpi-master|1586169643703|1586169643763|60|1586169643|1586169643756
openmpi-master|1586169643773|1586169643830|57|1586169643|1586169643825
openmpi-master|1586169643841|1586169643898|57|1586169643|1586169643892
openmpi-master|1586169643909|1586169643966|57|1586169643|1586169643960
openmpi-master|1586169643976|1586169644035|59|1586169644|1586169644029
openmpi-master|1586169644045|1586169644104|59|1586169644|1586169644098
openmpi-master|1586169644115|1586169644174|59|1586169644|1586169644168
openmpi-master|1586169644185|1586169644247|62|1586169644|1586169644241
openmpi-master|1586169644258|1586169644318|60|1586169644|1586169644312
openmpi-master|1586169644329|1586169644386|57|1586169644|1586169644380
openmpi-master|1586169644397|1586169644459|62|1586169644|1586169644453
openmpi-master|1586169644469|1586169644536|67|1586169644|1586169644530
openmpi-master|1586169644546|1586169644638|92|1586169644|1586169644633
openmpi-master|1586169644649|1586169644741|92|1586169644|1586169644734
openmpi-master|1586169644751|1586169644836|85|1586169644|1586169644830
openmpi-master|1586169644846|1586169644911|65|1586169644|1586169644906
openmpi-master|1586169644922|1586169644981|59|1586169644|1586169644976
openmpi-master|1586169644992|1586169645053|61|1586169645|1586169645047
openmpi-master|1586169645064|1586169645119|55|1586169645|1586169645113
openmpi-master|1586169645129|1586169645191|62|1586169645|1586169645185
openmpi-master|1586169645202|1586169645268|66|1586169645|1586169645267
openmpi-master|1586169645279|1586169645343|64|1586169645|1586169645338
openmpi-master|1586169645354|1586169645412|58|1586169645|1586169645406
openmpi-master|1586169645423|1586169645485|62|1586169645|1586169645479
openmpi-master|1586169645496|1586169645553|57|1586169645|1586169645547
openmpi-master|1586169645563|1586169645619|56|1586169645|1586169645613
openmpi-master|1586169645630|1586169645689|59|1586169645|1586169645683
openmpi-master|1586169645700|1586169645755|55|1586169645|1586169645750
openmpi-master|1586169645766|1586169645824|58|1586169645|1586169645820
openmpi-master|1586169645834|1586169645891|57|1586169645|1586169645885
openmpi-master|1586169645902|1586169645957|55|1586169645|1586169645951
openmpi-master|1586169645967|1586169646059|92|1586169646|1586169646053
openmpi-master|1586169646070|1586169646160|90|1586169646|1586169646154
openmpi-master|1586169646170|1586169646261|91|1586169646|1586169646254
openmpi-master|1586169646271|1586169646361|90|1586169646|1586169646355
openmpi-master|1586169646371|1586169646453|82|1586169646|1586169646447
openmpi-master|1586169646464|1586169646555|91|1586169646|1586169646550
openmpi-master|1586169646566|1586169646654|88|1586169646|1586169646649
openmpi-master|1586169646665|1586169646745|80|1586169646|1586169646740
openmpi-master|1586169646756|1586169646837|81|1586169646|1586169646831
openmpi-master|1586169646847|1586169646928|81|1586169646|1586169646924
openmpi-master|1586169646939|1586169647021|82|1586169647|1586169647016
openmpi-master|1586169647032|1586169647122|90|1586169647|1586169647116
openmpi-master|1586169647133|1586169647208|75|1586169647|1586169647202
openmpi-master|1586169647218|1586169647308|90|1586169647|1586169647302
openmpi-master|1586169647318|1586169647402|84|1586169647|1586169647396
openmpi-master|1586169647413|1586169647496|83|1586169647|1586169647490
openmpi-master|1586169647507|1586169647590|83|1586169647|1586169647584
openmpi-master|1586169647600|1586169647675|75|1586169647|1586169647669
openmpi-master|1586169647686|1586169647745|59|1586169647|1586169647739
openmpi-master|1586169647755|1586169647812|57|1586169647|1586169647806
openmpi-master|1586169647822|1586169647878|56|1586169647|1586169647871
openmpi-master|1586169647888|1586169647953|65|1586169647|1586169647947
openmpi-master|1586169647963|1586169648024|61|1586169648|1586169648018
openmpi-master|1586169648034|1586169648094|60|1586169648|1586169648088
openmpi-master|1586169648105|1586169648194|89|1586169648|1586169648189
openmpi-master|1586169648205|1586169648292|87|1586169648|1586169648286
openmpi-master|1586169648302|1586169648363|61|1586169648|1586169648357