1585591155-0002-000|1585096258783451|1585096430253175|171469724|1585591158|02477609
1585591155-0002-000|1585099904383353|1585100045316909|140933556|1585591161|03517547
1585591155-0002-000|1585103490721144|1585103634173530|143452386|1585591165|03496471
1585591155-0002-000|1585107020620185|1585107155739988|135119803|1585591168|03414884
1585591155-0002-000|1585110685618417|1585110824925926|139307509|1585591172|03569049
1585591155-0002-000|1585114372410277|1585114506393712|133983435|1585591176|03591373
1585591155-0002-000|1585117958799717|1585118105626140|146826423|1585591179|03486061
1585591155-0002-000|1585121568090084|1585121708239335|140149251|1585591183|03504967
1585591155-0002-000|1585125167938711|1585125311417406|143478695|1585591187|03511866
1585591155-0002-000|1585128764229058|1585128908580850|144351792|1585591190|03487678
1585591155-0002-000|1585132419757959|1585132588341636|168583677|1585591194|03576406
1585591155-0002-000|1585136074700169|1585136221924139|147223970|1585591197|03539318
1585591155-0002-000|1585139989293279|1585140153798146|164504867|1585591201|03826063
1585591155-0002-000|1585144409814605|1585144576376329|166561724|1585591206|04329754
1585591155-0002-000|1585148512877418|1585148649863361|136985943|1585591210|03975675
1585591155-0002-000|1585152263995610|1585152413807691|149812081|1585591214|03663791
1585591155-0002-000|1585156047003515|1585156200664650|153661135|1585591217|03683986
1585591155-0002-000|1585159828670309|1585159964643598|135973289|1585591221|03663781
1585591155-0002-000|1585163537179621|1585163679116975|141937354|1585591225|03607814
1585591155-0002-000|1585167187502656|1585167330272828|142770172|1585591229|03559751
1585591155-0002-000|1585170927455570|1585171077713233|150257663|1585591232|03651875
1585591155-0002-000|1585174654621121|1585174810301839|155680718|1585591236|03623775
1585591155-0002-000|1585178448716078|1585178597676736|148960658|1585591240|03683830
1585591155-0002-000|1585182156443751|1585182304922605|148478854|1585591244|03605027
1585591155-0002-000|1585185874643472|1585186054079752|179436280|1585591247|03654738
1585591155-0002-000|1585189646748875|1585189802323336|155574461|1585591251|03655865
1585591155-0002-000|1585193398630617|1585193561887595|163256978|1585591255|03659772
1585591155-0002-000|1585197293690789|1585197446871652|153180863|1585591259|03787915
1585591155-0002-000|1585201246197930|1585201442067773|195869843|1585591263|03883601
1585591155-0002-000|1585205243219890|1585205411657855|168437965|1585591267|03883231
1585591155-0002-000|1585209030366980|1585209187434243|157067263|1585591270|03664580
1585591155-0002-000|1585212683553770|1585212849722086|166168316|1585591274|03567702
1585591155-0002-000|1585216251404780|1585216397943612|146538832|1585591278|03437060
1585591155-0002-000|1585219804213111|1585219923668206|119455095|1585591281|03438659
1585591155-0002-000|1585223334625389|1585223489177949|154552560|1585591285|03449180
1585591155-0002-000|1585226879488493|1585227028462110|148973617|1585591288|03443436
1585591155-0002-000|1585230566432536|1585230713316384|146883848|1585591292|03586796
1585591155-0002-000|1585234307791150|1585234474444609|166653459|1585591296|03664057
1585591155-0002-000|1585238023879297|1585238197619018|173739721|1585591299|03615637
1585591155-0002-000|1585241623811505|1585241768289318|144477813|1585591303|03475766
1585591155-0002-000|1585245329060235|1585245473845485|144785250|1585591307|03608643
1585591155-0002-000|1585248993083642|1585249140783858|147700216|1585591310|03559060
1585591155-0002-000|1585252743224788|1585252905656209|162431421|1585591314|03667874
1585591155-0002-000|1585256434946829|1585256589655791|154708962|1585591318|03587811
1585591155-0002-000|1585260223960547|1585260397225630|173265083|1585591322|03697431
1585591155-0002-000|1585264170736403|1585264334902495|164166092|1585591326|03854125
1585591155-0002-000|1585267952498460|1585268085601927|133103467|1585591329|03640053
1585591155-0002-000|1585271649989746|1585271798514500|148524754|1585591333|03607599
1585591155-0002-000|1585275353905170|1585275494395080|140489910|1585591337|03609234
1585591155-0002-000|1585279002302003|1585279139679991|137377988|1585591340|03543475
1585591155-0002-000|1585282588614669|1585282730460141|141845472|1585591344|03486744
1585591155-0002-000|1585286221421723|1585286361991509|140569786|1585591348|03531949
1585591155-0002-000|1585289926680805|1585290061720687|135039882|1585591351|03603745
1585591155-0002-000|1585293614444515|1585293755265919|140821404|1585591355|03595901
1585591155-0002-000|1585297378828921|1585297532493425|153664504|1585591359|03660472
1585591155-0002-000|1585301086138032|1585301230422611|144284579|1585591362|03607076
1585591155-0002-000|1585304784997575|1585304915312308|130314733|1585591366|03590074
1585591155-0002-000|1585308471835224|1585308613902970|142067746|1585591370|03597651
1585591155-0002-000|1585312095925195|1585312246976827|151051632|1585591373|03527750
1585591155-0002-000|1585315967719712|1585316111699386|143979674|1585591377|03765474
1585591155-0002-000|1585319830379548|1585320003011693|172632145|1585591381|03798083
1585591155-0002-000|1585324022712884|1585324186676781|163963897|1585591385|04067906
1585591155-0002-000|1585327963168063|1585328122405451|159237388|1585591389|03851969
1585591155-0002-000|1585331787841858|1585331936434572|148592714|1585591393|03703620
1585591155-0002-000|1585335415466396|1585335558924187|143457791|1585591397|03527833
1585591155-0002-000|1585338975774014|1585339133566717|157792703|1585591400|03467936
1585591155-0002-000|1585342677249438|1585342826412081|149162643|1585591404|03603744
1585591155-0002-000|1585346539979888|1585346700123427|160143539|1585591408|03756277
1585591155-0002-000|1585350196912674|1585350327263597|130350923|1585591412|03531408
1585591155-0002-000|1585353767321942|1585353916778861|149456919|1585591415|03494671
1585591155-0002-000|1585357394820511|1585357540236922|145416411|1585591419|03516935
1585591155-0002-000|1585360922331099|1585361053703709|131372610|1585591422|03423942
1585591155-0002-000|1585364447614033|1585364595616641|148002608|1585591426|03447680
1585591155-0002-000|1585368087944147|1585368237272995|149328848|1585591429|03531896
1585591155-0002-000|1585371635480988|1585371789052297|153571309|1585591433|03447789
1585591155-0002-000|1585375315664679|1585375463756426|148091747|1585591437|03575777
1585591155-0002-000|1585378950711052|1585379099066486|148355434|1585591440|03538073
1585591155-0002-000|1585382910347937|1585383068772678|158424741|1585591444|03865660
1585591155-0002-000|1585386672998240|1585386821781454|148783214|1585591448|03651819
1585591155-0002-000|1585390304878724|1585390467539463|162660739|1585591452|03541338
1585591155-0002-000|1585393997683794|1585394125232008|127548214|1585591455|03563108
1585591155-0002-000|1585397662148854|1585397809145020|146996166|1585591459|03578763
1585591155-0002-000|1585401274752078|1585401419605822|144853744|1585591463|03520033
1585591155-0002-000|1585404890357985|1585405042626366|152268381|1585591466|03511932
1585591155-0002-000|1585408634750441|1585408784474416|149723975|1585591470|03643766
1585591155-0002-000|1585412341430135|1585412493337445|151907310|1585591474|03611823
1585591155-0002-000|1585416074635826|1585416239159412|164523586|1585591477|03647908
1585591155-0002-000|1585419914500434|1585420068737805|154237371|1585591481|03731838
1585591155-0002-000|1585423749883440|1585423889829360|139945920|1585591485|03715656
1585591155-0002-000|1585427377524603|1585427546404982|168880379|1585591489|03560004
1585591155-0002-000|1585431004780842|1585431143149542|138368700|1585591492|03496915
1585591155-0002-000|1585434754240256|1585434895539025|141298769|1585591496|03654638
1585591155-0002-000|1585438482626062|1585438656040282|173414220|1585591500|03648268
1585591155-0002-000|1585442486335510|1585442638669610|152334100|1585591504|03891432
1585591155-0002-000|1585446361094991|1585446503652305|142557314|1585591508|03771920
1585591155-0002-000|1585449996526555|1585450128777104|132250549|1585591511|03523831
1585591155-0002-000|1585453742902928|1585453890408742|147505814|1585591515|03653725
1585591155-0002-000|1585457316126632|1585457