1585574462-0037-000|1568403410913836|1568403551415514|140501678|1585574465|02199177
1585574462-0037-000|1568405464177867|1568405591807187|127629320|1585574467|02035780
1585574462-0037-000|1568407510507624|1568407664295022|153787398|1585574469|02059903
1585574462-0037-000|1568409621874585|1568409773617752|151743167|1585574471|02116596
1585574462-0037-000|1568411694755720|1568411865745680|170989960|1585574473|02091176
1585574462-0037-000|1568413861366474|1568414000699649|139333175|1585574475|02127833
1585574462-0037-000|1568415850206337|1568416006159001|155952664|1585574477|02007872
1585574462-0037-000|1568417866640358|1568417999984315|133343957|1585574479|02008226
1585574462-0037-000|1568419900526165|1568420048095889|147569724|1585574481|02027789
1585574462-0037-000|1568421872489489|1568422011720202|139230713|1585574483|01979628
1585574462-0037-000|1568423813939138|1568423953910437|139971299|1585574485|01931715
1585574462-0037-000|1568425771237351|1568425909994484|138757133|1585574487|01963911
1585574462-0037-000|1568427722522975|1568427865679855|143156880|1585574489|01951774
1585574462-0037-000|1568429731623444|1568429890339636|158716192|1585574491|02015804
1585574462-0037-000|1568431771632558|1568431925717391|154084833|1585574493|02048204
1585574462-0037-000|1568433749971991|1568433893795269|143823278|1585574495|01959546
1585574462-0037-000|1568435756560263|1568435894904172|138343909|1585574497|02008066
1585574462-0037-000|1568437798613116|1568437939102256|140489140|1585574499|02041059
1585574462-0037-000|1568439799428773|1568439949895969|150467196|1585574501|02001674
1585574462-0037-000|1568441725920983|1568441867152731|141231748|1585574503|01934342
1585574462-0037-000|1568443781472418|1568443925304409|143831991|1585574505|02050348
1585574462-0037-000|1568445773779269|1568445927253749|153474480|1585574507|02005433
1585574462-0037-000|1568447710435405|1568447843169440|132734035|1585574509|01913027
1585574462-0037-000|1568449664798362|1568449805201051|140402689|1585574511|01954233
1585574462-0037-000|1568451587067819|1568451749446020|162378201|1585574513|01946641
1585574462-0037-000|1568453618603306|1568453758085157|139481851|1585574515|02012821
1585574462-0037-000|1568455573962285|1568455702784782|128822497|1585574517|01943056
1585574462-0037-000|1568457505352909|1568457648547472|143194563|1585574519|01939779
1585574462-0037-000|1568459500966304|1568459645509696|144543392|1585574521|01993672
1585574462-0037-000|1568461619636244|1568461751933651|132297407|1585574523|02133988
1585574462-0037-000|1568463702012078|1568463844597948|142585870|1585574525|02071782
1585574462-0037-000|1568465664422467|1568465786458630|122036163|1585574527|01952153
1585574462-0037-000|1568467656394500|1568467790290987|133896487|1585574529|01991683
1585574462-0037-000|1568469613916092|1568469753431375|139515283|1585574531|01967812
1585574462-0037-000|1568471526567765|1568471688525108|161957343|1585574533|01926742
1585574462-0037-000|1568473586428418|1568473726485893|140057475|1585574535|02050238
1585574462-0037-000|1568475549961191|1568475699475090|149513899|1585574537|01960196
1585574462-0037-000|1568477508653085|1568477634990035|126336950|1585574539|01950972
1585574462-0037-000|1568479486633582|1568479641917071|155283489|1585574541|01995071
1585574462-0037-000|1568481402749476|1568481559418828|156669352|1585574543|01913182
1585574462-0037-000|1568483577165248|1568483714143553|136978305|1585574545|02162666
1585574462-0037-000|1568485610309998|1568485757961809|147651811|1585574547|02035803
1585574462-0037-000|1568487533663431|1568487672245001|138581570|1585574549|01913166
1585574462-0037-000|1568489544193339|1568489720486426|176293087|1585574551|02047336
1585574462-0037-000|1568491510882987|1568491655550911|144667924|1585574553|01949638
1585574462-0037-000|1568493545708237|1568493689282674|143574437|1585574555|02018742
1585574462-0037-000|1568495516904272|1568495673911103|157006831|1585574557|01984409
1585574462-0037-000|1568497479169181|1568497627048081|147878900|1585574559|01962590
1585574462-0037-000|1568499489812033|1568499623580402|133768369|1585574561|02000688
1585574462-0037-000|1568501443209348|1568501598853684|155644336|1585574563|01967117
1585574462-0037-000|1568503420367463|1568503566093479|145726016|1585574565|01975185
1585574462-0037-000|1568505416873932|1568505572722835|155848903|1585574567|01992662
1585574462-0037-000|1568507390131835|1568507537582495|147450660|1585574569|01966876
1585574462-0037-000|1568509347369503|1568509511697243|164327740|1585574571|01983856
1585574462-0037-000|1568511387181091|1568511525325244|138144153|1585574573|02003792
1585574462-0037-000|1568513341186681|1568513485479109|144292428|1585574575|01964201
1585574462-0037-000|1568515336321241|1568515492233453|155912212|1585574577|01999975
1585574462-0037-000|1568517265978194|1568517409624225|143646031|1585574579|01927378
1585574462-0037-000|1568519277997280|1568519436303841|158306561|1585574581|02016418
1585574462-0037-000|1568521382208028|1568521559344875|177136847|1585574583|02139372
1585574462-0037-000|1568523630811591|1568523830485259|199673668|1585574585|02267872
1585574462-0037-000|1568525669555957|1568525819895464|150339507|1585574587|01979815
1585574462-0037-000|1568527649416803|1568527800483695|151066892|1585574589|01976639
1585574462-0037-000|1568529648525839|1568529791810089|143284250|1585574591|02003949
1585574462-0037-000|1568531577415399|1568531724738560|147323161|1585574593|01926917
1585574462-0037-000|1568533531942648|1568533663410121|131467473|1585574595|01951967
1585574462-0037-000|1568535475839586|1568535628251501|152411915|1585574597|01947680
1585574462-0037-000|1568537454526615|1568537604322430|149795815|1585574599|01973646
1585574462-0037-000|1568539445040657|1568539594378266|149337609|1585574601|01991353
1585574462-0037-000|1568541393074197|1568541536394922|143320725|1585574603|01939104
1585574462-0037-000|1568543302603370|1568543448315423|145712053|1585574605|01911998
1585574462-0037-000|1568545230423371|1568545378741117|148317746|1585574607|01944189
1585574462-0037-000|1568547170374627|1568547317074929|146700302|1585574609|01924169
1585574462-0037-000|1568549106671990|1568549253689560|147017570|1585574610|01943491
1585574462-0037-000|1568551066317822|1568551226738944|160421122|1585574612|01979640
1585574462-0037-000|1568553079161044|1568553246755877|167594833|1585574614|02019240
1585574462-0037-000|1568555060694138|1568555213611159|152917021|1585574616|01955868
1585574462-0037-000|1568557051864883|1568557190374090|138509207|1585574618|01991787
1585574462-0037-000|1568559123927242|1568559270068585|146141343|1585574620|02067089
1585574462-0037-000|1568561065268678|1568561209140977|143872299|1585574622|01936794
1585574462-0037-000|1568563116976957|1568563263850681|146873724|1585574624|02070076
1585574462-0037-000|1568565114373054|1568565251642122|137269068|1585574626|01985496
1585574462-0037-000|1568567038010675|1568567174541133|136530458|1585574628|01907470
1585574462-0037-000|1568568953498401|1568569082852026|129353625|1585574630|01921228
1585574462-0037-000|1568570922232646|1568571057617742|135385096|1585574632|01967977
1585574462-0037-000|1568572877561562|1568573024506286|146944724|1585574634|01964768
1585574462-0037-000|1568574908908156|1568575049278059|140369903|1585574636|02019425
1585574462-0037-000|1568576917720681|1568577047487331|129766650|1585574638|02014338
1585574462-0037-000|1568578874627076|1568579019127558|144500482|1585574640|01971903
1585574462-0037-000|1568581065673466|1568581227193624|161520158|1585574642|02207938
1585574462-0037-000|1568583349755092|1568583508915342|159160250|1585574645|02275727
1585574462-0037-000|1568585338093174|1568585480397117|142303943|1585574647|01967818
1585574462-0037-000|1568587284447411|1568587433753357|149305946|1585574649|01951936
1585574462-0037-000|1568589207749847|1568589338419670|130669823|1585574651|01915854
1585574462-0037-000|1568591202963564|1568591346811413|143847849|1585574653|02003857
1585574462-0037-000|1568593176773220|1568593308963123|132189903|1585574655|01948926
1585574462-0037-000|1568595085831334|1568595267725538|181894204|1585574656|01974891
1585574462-0037-000|1568597062309481|1568597202679638|140370157|1585574658|01929724
1585574462-0037-000|1568599009978285|1568599151444540|141466255|1585574660|01949786
1585574462-0037-000|1568600914732809|1568601005730470|90997661|1585574662|01841940
