1585575171-0064-000|1569111918412841|1569112030452058|112039217|1585575173|01819247
1585575171-0064-000|1569115033151420|1569115174190145|141038725|1585575176|03143003
1585575171-0064-000|1569118170145251|1569118324452789|154307538|1585575180|03143856
1585575171-0064-000|1569121589159085|1569121742389123|153230038|1585575183|03419838
1585575171-0064-000|1569124978498204|1569125132557686|154059482|1585575186|03396050
1585575171-0064-000|1569128042319240|1569128178535664|136216424|1585575189|03047929
1585575171-0064-000|1569131147805217|1569131305505296|157700079|1585575193|03117044
1585575171-0064-000|1569134250556651|1569134412672022|162115371|1585575196|03106415
1585575171-0064-000|1569137234466952|1569137389889439|155422487|1585575199|02974972
1585575171-0064-000|1569140266722169|1569140414672643|147950474|1585575202|03036722
1585575171-0064-000|1569143271596191|1569143411891251|140295060|1585575205|03008271
1585575171-0064-000|1569146366737466|1569146506899456|140161990|1585575208|03087631
1585575171-0064-000|1569149338199041|1569149480773162|142574121|1585575211|02957046
1585575171-0064-000|1569152278370906|1569152426289915|147919009|1585575214|02953235
1585575171-0064-000|1569155408580168|1569155560777997|152197829|1585575217|03126314
1585575171-0064-000|1569158469868999|1569158615709837|145840838|1585575220|03066866
1585575171-0064-000|1569161425401363|1569161588302839|162901476|1585575223|02962154
1585575171-0064-000|1569164443899919|1569164600368426|156468507|1585575226|03010106
1585575171-0064-000|1569167442214054|1569167600202673|157988619|1585575229|02999787
1585575171-0064-000|1569170485038667|1569170626442251|141403584|1585575232|03028343
1585575171-0064-000|1569173529489604|1569173683116236|153626632|1585575235|03070948
1585575171-0064-000|1569176716882352|1569176864605070|147722718|1585575238|03167900
1585575171-0064-000|1569179818384130|1569179971806530|153422400|1585575241|03120082
1585575171-0064-000|1569183302171543|1569183480624137|178452594|1585575245|03499644
1585575171-0064-000|1569186286197015|1569186444042870|157845855|1585575248|02956178
1585575171-0064-000|1569189314547431|1569189455547608|141000177|1585575251|03023631
1585575171-0064-000|1569192318764148|1569192466119748|147355600|1585575254|03003849
1585575171-0064-000|1569195369831753|1569195511983408|142151655|1585575257|03056066
1585575171-0064-000|1569198254124148|1569198393128968|139004820|1585575260|02871712
1585575171-0064-000|1569201102396533|1569201256922097|154525564|1585575262|02861427
1585575171-0064-000|1569203947705205|1569204089609760|141904555|1585575265|02839883
1585575171-0064-000|1569207026153719|1569207168586660|142432941|1585575268|03067512
1585575171-0064-000|1569209980263219|1569210110728014|130464795|1585575271|02954622
1585575171-0064-000|1569213001911747|1569213149936856|148025109|1585575274|03028032
1585575171-0064-000|1569215904059908|1569216035228568|131168660|1585575277|02884790
1585575171-0064-000|1569218806473231|1569218955572566|149099335|1585575280|02918622
1585575171-0064-000|1569221809007020|1569221956914858|147907838|1585575283|03010287
1585575171-0064-000|1569224650885664|1569224795856100|144970436|1585575286|02849767
1585575171-0064-000|1569227580358440|1569227723186564|142828124|1585575289|02924005
1585575171-0064-000|1569230603099226|1569230769152902|166053676|1585575292|03029797
1585575171-0064-000|1569233573518010|1569233723874339|150356329|1585575295|02969928
1585575171-0064-000|1569236667810918|1569236821481407|153670489|1585575298|03081486
1585575171-0064-000|1569239691727366|1569239902748123|211020757|1585575301|03098236
1585575171-0064-000|1569243232575192|1569243375178455|142603263|1585575305|03463787
1585575171-0064-000|1569246616998099|1569246768578165|151580066|1585575308|03384851
1585575171-0064-000|1569249589376865|1569249731066614|141689749|1585575311|02962160
1585575171-0064-000|1569252594489999|1569252735130741|140640742|1585575314|03012739
1585575171-0064-000|1569255506206975|1569255653801986|147595011|1585575317|02911781
1585575171-0064-000|1569258435851437|1569258584167947|148316510|1585575320|02928321
1585575171-0064-000|1569261444176253|1569261581441424|137265171|1585575323|02999499
1585575171-0064-000|1569264454964301|1569264612763617|157799316|1585575326|03031958
1585575171-0064-000|1569267588811082|1569267743036576|154225494|1585575329|03127002
1585575171-0064-000|1569270680517666|1569270815246085|134728419|1585575332|03086511
1585575171-0064-000|1569273686749240|1569273831088536|144339296|1585575335|03015469
1585575171-0064-000|1569276725569712|1569276888668117|163098405|1585575338|03048095
1585575171-0064-000|1569279807157448|1569279951111561|143954113|1585575341|03070258
1585575171-0064-000|1569282919957821|1569283083196431|163238610|1585575344|03131931
1585575171-0064-000|1569286112633797|1569286247273621|134639824|1585575347|03167997
1585575171-0064-000|1569289173250417|1569289332202254|158951837|1585575351|03071648
1585575171-0064-000|1569292279880928|1569292434477503|154596575|1585575354|03098761
1585575171-0064-000|1569295490513127|1569295642502410|151989283|1585575357|03213216
1585575171-0064-000|1569298670182436|1569298825531287|155348851|1585575360|03179732
1585575171-0064-000|1569301883396247|1569302051147603|167751356|1585575363|03239992
1585575171-0064-000|1569305228953510|1569305395312924|166359414|1585575367|03339895
1585575171-0064-000|1569308308713666|1569308446974729|138261063|1585575370|03052005
1585575171-0064-000|1569311337445832|1569311481044097|143598265|1585575373|03024807
1585575171-0064-000|1569314413965062|1569314558611383|144646321|1585575376|03090887
1585575171-0064-000|1569317325961759|1569317473179620|147217861|1585575379|02899665
1585575171-0064-000|1569320246998401|1569320387006299|140007898|1585575382|02927962
1585575171-0064-000|1569323170802954|1569323315207564|144404610|1585575385|02923892
1585575171-0064-000|1569326070004444|1569326209966448|139962004|1585575387|02887852
1585575171-0064-000|1569329037891483|1569329171365569|133474086|1585575390|02968243
1585575171-0064-000|1569332010483648|1569332156273809|145790161|1585575393|02972004
1585575171-0064-000|1569335006366714|1569335150325460|143958746|1585575396|03003359
1585575171-0064-000|1569337954314715|1569338094958938|140644223|1585575399|02947998
1585575171-0064-000|1569340861492441|1569341002722379|141229938|1585575402|02915808
1585575171-0064-000|1569343728226104|1569343880227235|152001131|1585575405|02856402
1585575171-0064-000|1569346626541930|1569346776808884|150266954|1585575408|02899379
1585575171-0064-000|1569349536723783|1569349683314672|146590889|1585575411|02919913
1585575171-0064-000|1569352454311637|1569352597950607|143638970|1585575414|02907807
1585575171-0064-000|1569355397504590|1569355536826726|139322136|1585575417|02935896
1585575171-0064-000|1569358357580922|1569358516513896|158932974|1585575420|02979974
1585575171-0064-000|1569361478244253|1569361642389394|164145141|1585575423|03124839
1585575171-0064-000|1569364614526814|1569364759655903|145129089|1585575426|03126922
1585575171-0064-000|1569367523336890|1569367668704533|145367643|1585575429|02896902
1585575171-0064-000|1569370454540480|1569370593816987|139276507|1585575432|02926768
1585575171-0064-000|1569373462579205|1569373616290834|153711629|1585575435|03016597
1585575171-0064-000|1569376374363464|1569376517043742|142680278|1585575438|02907236
1585575171-0064-000|1569379337595966|1569379480889890|143293924|1585575441|02959425
1585575171-0064-000|1569382297309400|1569382445680009|148370609|1585575444|02964315
1585575171-0064-000|1569385328972798|1569385459585278|130612480|1585575447|03031939
1585575171-0064-000|1569388304881132|1569388454999697|150118565|1585575450|02981556
1585575171-0064-000|1569391302097830|1569391462079577|159981747|1585575453|03002096
1585575171-0064-000|1569394274102012|1569394429103918|155001906|1585575456|02965379
1585575171-0064-000|1569397225364727|1569397355944428|130579701|1585575459|02942890
1585575171-0064-000|1569400106322284|1569400254824104|148501820|1585575461|02895555
1585575171-0064-000|1569403000840747|1569403127234630|126393883|1585575464|02875927
1585575171-0064-000|1569405813665783|1569405946073373|132407590|1585575467|02808119
1585575171-0064-000|1569408589739589|1569408718687944|128948355|1585575470|02784633
1585575171-0064-000|1569411546199450|1569411692464336|146264886|1585575473|02955125
