1585575171-0048-000|1569112358393550|1569112516403835|158010285|1585575174|02283388
1585575171-0048-000|1569115470410258|1569115632429024|162018766|1585575177|03112565
1585575171-0048-000|1569118563210852|1569118717844201|154633349|1585575180|03091100
1585575171-0048-000|1569122010603080|1569122183111049|172507969|1585575183|03483178
1585575171-0048-000|1569125379495476|1569125578225975|198730499|1585575187|03388593
1585575171-0048-000|1569128484336714|1569128614656217|130319503|1585575190|03031866
1585575171-0048-000|1569131605987737|1569131747314116|141326379|1585575193|03131868
1585575171-0048-000|1569134756604750|1569134900508904|143904154|1585575196|03147845
1585575171-0048-000|1569137714457424|1569137869297466|154840042|1585575199|02966481
1585575171-0048-000|1569140780518195|1569140922218624|141700429|1585575202|03049116
1585575171-0048-000|1569143790196505|1569143940528041|150331536|1585575205|03017873
1585575171-0048-000|1569146860979696|1569147009430153|148450457|1585575208|03070005
1585575171-0048-000|1569149828082219|1569149955590453|127508234|1585575211|02958448
1585575171-0048-000|1569152788653780|1569152936325389|147671609|1585575214|02966942
1585575171-0048-000|1569155955262215|1569156106149766|150887551|1585575217|03178474
1585575171-0048-000|1569158947999279|1569159086933240|138933961|1585575220|02982898
1585575171-0048-000|1569161923005017|1569162067499094|144494077|1585575223|02988610
1585575171-0048-000|1569164907332922|1569165082494088|175161166|1585575226|02999800
1585575171-0048-000|1569167931962508|1569168082941395|150978887|1585575229|03005803
1585575171-0048-000|1569170989477686|1569171115969089|126491403|1585575232|03040837
1585575171-0048-000|1569174098640820|1569174252606814|153965994|1585575235|03129653
1585575171-0048-000|1569177234764748|1569177446277706|211512958|1585575239|03181882
1585575171-0048-000|1569180399444488|1569180578637263|179192775|1585575242|03145280
1585575171-0048-000|1569183862500796|1569183995815309|133314513|1585575245|03423289
1585575171-0048-000|1569186794658569|1569186944515907|149857338|1585575248|02936420
1585575171-0048-000|1569189819313045|1569189971020787|151707742|1585575251|03023961
1585575171-0048-000|1569192802402700|1569192954730911|152328211|1585575254|02981851
1585575171-0048-000|1569195862402010|1569196004529751|142127741|1585575257|03049849
1585575171-0048-000|1569198731937470|1569198863617885|131680415|1585575260|02871789
1585575171-0048-000|1569201600876187|1569201748774680|147898493|1585575263|02875899
1585575171-0048-000|1569204511211136|1569204658934589|147723453|1585575266|02914505
1585575171-0048-000|1569207498068474|1569207649036726|150968252|1585575269|02985355
1585575171-0048-000|1569210474788930|1569210633697858|158908928|1585575272|02983894
1585575171-0048-000|1569213476076449|1569213603335048|127258599|1585575275|02979875
1585575171-0048-000|1569216385741515|1569216524965135|139223620|1585575278|02909473
1585575171-0048-000|1569219313158109|1569219465945623|152787514|1585575281|02938275
1585575171-0048-000|1569222305459097|1569222448821144|143362047|1585575284|02982610
1585575171-0048-000|1569225154682097|1569225294176080|139493983|1585575287|02857055
1585575171-0048-000|1569228074019923|1569228218103422|144083499|1585575289|02910886
1585575171-0048-000|1569231125871143|1569231268534384|142663241|1585575292|03053989
1585575171-0048-000|1569234064664694|1569234195104396|130439702|1585575295|02934776
1585575171-0048-000|1569237141062353|1569237322411444|181349091|1585575299|03124010
1585575171-0048-000|1569240285686598|1569240473435337|187748739|1585575302|03147024
1585575171-0048-000|1569243770641327|1569243933019045|162377718|1585575305|03456589
1585575171-0048-000|1569247066227847|1569247214660616|148432769|1585575308|03283810
1585575171-0048-000|1569250069301045|1569250222904388|153603343|1585575311|03009919
1585575171-0048-000|1569253088160902|1569253215403058|127242156|1585575314|03001835
1585575171-0048-000|1569256040037846|1569256188454381|148416535|1585575317|02956659
1585575171-0048-000|1569258974096108|1569259144222765|170126657|1585575320|02955665
1585575171-0048-000|1569261981394324|1569262120348467|138954143|1585575323|02980573
1585575171-0048-000|1569265016268376|1569265147369544|131101168|1585575326|03038597
1585575171-0048-000|1569268082408993|1569268229077277|146668284|1585575329|03066733
1585575171-0048-000|1569271178333121|1569271328171698|149838577|1585575333|03106221
1585575171-0048-000|1569274202210944|1569274339811959|137601015|1585575336|03014873
1585575171-0048-000|1569277229886658|1569277376939023|147052365|1585575339|03024822
1585575171-0048-000|1569280265631704|1569280406169164|140537460|1585575342|03038784
1585575171-0048-000|1569283391601259|1569283555891063|164289804|1585575345|03152030
1585575171-0048-000|1569286537410419|1569286682220357|144809938|1585575348|03131861
1585575171-0048-000|1569289589523497|1569289739973990|150450493|1585575351|03050843
1585575171-0048-000|1569292695950873|1569292847121485|151170612|1585575354|03104701
1585575171-0048-000|1569295966148674|1569296161217687|195069013|1585575357|03308346
1585575171-0048-000|1569299113087583|1569299264941815|151854232|1585575360|03100892
1585575171-0048-000|1569302371683519|1569302534392777|162709258|1585575364|03286384
1585575171-0048-000|1569305826880021|1569305978082954|151202933|1585575367|03435878
1585575171-0048-000|1569308798121215|1569308960126762|162005547|1585575370|02972161
1585575171-0048-000|1569311822235190|1569311971340808|149105618|1585575373|03023632
1585575171-0048-000|1569314915949844|1569315081264663|165314819|1585575376|03103794
1585575171-0048-000|1569317801795721|1569317936171101|134375380|1585575379|02848147
1585575171-0048-000|1569320714456812|1569320851513285|137056473|1585575382|02931577
1585575171-0048-000|1569323660171100|1569323801930963|141759863|1585575385|02939963
1585575171-0048-000|1569326563337953|1569326719039970|155702017|1585575388|02923822
1585575171-0048-000|1569329507724267|1569329660898882|153174615|1585575391|02929132
1585575171-0048-000|1569332481813545|1569332633073629|151260084|1585575394|02971926
1585575171-0048-000|1569335477652657|1569335606609079|128956422|1585575397|02990595
1585575171-0048-000|1569338436063064|1569338566813914|130750850|1585575400|02953947
1585575171-0048-000|1569341343585911|1569341483181215|139595304|1585575403|02920656
1585575171-0048-000|1569344197464853|1569344323056717|125591864|1585575406|02837027
1585575171-0048-000|1569347067148637|1569347204307206|137158569|1585575408|02869192
1585575171-0048-000|1569349934088577|1569350081976250|147887673|1585575411|02886366
1585575171-0048-000|1569352844035289|1569352981466126|137430837|1585575414|02897990
1585575171-0048-000|1569355790558529|1569355946698206|156139677|1585575417|02965770
1585575171-0048-000|1569358772194684|1569358913232559|141037875|1585575420|02963885
1585575171-0048-000|1569361985438135|1569362149578409|164140274|1585575423|03235894
1585575171-0048-000|1569365056621302|1569365189066175|132444873|1585575426|03036679
1585575171-0048-000|1569367952556753|1569368091028438|138471685|1585575429|02910996
1585575171-0048-000|1569370850509900|1569370983768079|133258179|1585575432|02899907
1585575171-0048-000|1569373834896080|1569373974673173|139777093|1585575435|02981055
1585575171-0048-000|1569376697182681|1569376826650796|129468115|1585575438|02855392
1585575171-0048-000|1569379650765388|1569379791457346|140691958|1585575441|02967180
1585575171-0048-000|1569382630159055|1569382774340907|144181852|1585575444|02966450
1585575171-0048-000|1569385652583475|1569385783826796|131243321|1585575447|03025307
1585575171-0048-000|1569388642367145|1569388800343005|157975860|1585575450|03001333
1585575171-0048-000|1569391626378688|1569391801410152|175031464|1585575453|03003823
1585575171-0048-000|1569394598275125|1569394743029867|144754742|1585575456|02950386
1585575171-0048-000|1569397552323405|1569397689355581|137032176|1585575459|02939932
1585575171-0048-000|1569400423788498|1569400566593281|142804783|1585575462|02881543
1585575171-0048-000|1569403321217105|1569403468718161|147501056|1585575465|02891142
1585575171-0048-000|1569406113749505|1569406253122661|139373156|1585575467|02787934
1585575171-0048-000|1569408894142278|1569409031089884|136947606|1585575470|02786770
1585575171-0048-000|1569411855006599|1569411989376973|134370374|1585575473|02955830
