openmpi-slave1|2876470639481|2876534514485|63875004|1585925131|00009589
openmpi-slave1|2876470639481|2876534514485|63875004|1585925131|00004116
openmpi-slave1|2876470639481|2876534514485|63875004|1585925131|00001745
openmpi-slave1|2876470639481|2876534514485|63875004|1585925131|00001844
openmpi-slave1|2876470639481|2876534514485|63875004|1585925131|00001280
openmpi-slave1|2876470639481|2876534514485|63875004|1585925131|00002754
openmpi-slave1|2876470639481|2876534514485|63875004|1585925131|00004234
openmpi-slave1|2876470639481|2876534514485|63875004|1585925131|00001797
openmpi-slave1|2876470639481|2876534514485|63875004|1585925131|00002455
openmpi-slave1|2876470639481|2876534514485|63875004|1585925131|00001784
openmpi-slave1|2876470639481|2876534514485|63875004|1585925131|00001281
openmpi-slave1|2876470639481|2876534514485|63875004|1585925131|00003743
openmpi-slave1|2876470639481|2876534514485|63875004|1585925131|00003136
openmpi-slave1|2876470639481|2876534514485|63875004|1585925131|00004841
openmpi-slave1|2876470639481|2876534514485|63875004|1585925131|00001792
openmpi-slave1|2876470639481|2876534514485|63875004|1585925131|00003149
openmpi-slave1|2876470639481|2876534514485|63875004|1585925131|00002346
openmpi-slave1|2876470639481|2876534514485|63875004|1585925131|00002098
openmpi-slave1|2876470639481|2876534514485|63875004|1585925131|00001626
openmpi-slave1|2876470639481|2876534514485|63875004|1585925131|00001588
openmpi-slave1|2876470639481|2876534514485|63875004|1585925131|00002630
openmpi-slave1|2876470639481|2876534514485|63875004|1585925131|00003873
openmpi-slave1|2876470639481|2876534514485|63875004|1585925131|00001614
openmpi-slave1|2876470639481|2876534514485|63875004|1585925131|00002448
openmpi-slave1|2876470639481|2876534514485|63875004|1585925131|00003750
openmpi-slave1|2876470639481|2876534514485|63875004|1585925131|00002937
openmpi-slave1|2887854209783|2887920649455|66439672|1585925142|00007307
openmpi-slave1|2887854209783|2887920649455|66439672|1585925142|00006918
openmpi-slave1|2887854209783|2887920649455|66439672|1585925142|00002441
openmpi-slave1|2887854209783|2887920649455|66439672|1585925142|00001314
openmpi-slave1|2887854209783|2887920649455|66439672|1585925142|00004217
openmpi-slave1|2887854209783|2887920649455|66439672|1585925142|00002217
openmpi-slave1|2887854209783|2887920649455|66439672|1585925142|00001851
openmpi-slave1|2887854209783|2887920649455|66439672|1585925142|00003150
openmpi-slave1|2887854209783|2887920649455|66439672|1585925142|00001488
openmpi-slave1|2887854209783|2887920649455|66439672|1585925142|00001549
openmpi-slave1|2887854209783|2887920649455|66439672|1585925142|00001303
openmpi-slave1|2887854209783|2887920649455|66439672|1585925142|00002020
openmpi-slave1|2887854209783|2887920649455|66439672|1585925142|00003900
openmpi-slave1|2887854209783|2887920649455|66439672|1585925142|00002451
openmpi-slave1|2887854209783|2887920649455|66439672|1585925142|00001760
openmpi-slave1|2887854209783|2887920649455|66439672|1585925142|00001281
openmpi-slave1|2887854209783|2887920649455|66439672|1585925142|00001957
openmpi-slave1|2887854209783|2887920649455|66439672|1585925142|00001951
openmpi-slave1|2887854209783|2887920649455|66439672|1585925142|00001270
openmpi-slave1|2887854209783|2887920649455|66439672|1585925142|00002761
openmpi-slave1|2887854209783|2887920649455|66439672|1585925142|00002351
openmpi-slave1|2887854209783|2887920649455|66439672|1585925142|00002641
openmpi-slave1|2887854209783|2887920649455|66439672|1585925142|00002435
openmpi-slave1|2887854209783|2887920649455|66439672|1585925142|00001353
openmpi-slave1|2887854209783|2887920649455|66439672|1585925142|00002211
openmpi-slave1|2887854209783|2887920649455|66439672|1585925142|00005453
openmpi-slave1|2887854209783|2887920649455|66439672|1585925142|00003360
openmpi-slave1|2887854209783|2887920649455|66439672|1585925142|00002615
openmpi-slave1|2887854209783|2887920649455|66439672|1585925142|00001780
openmpi-slave1|2887854209783|2887920649455|66439672|1585925142|00002546
openmpi-slave1|2887854209783|2887920649455|66439672|1585925142|00001897
openmpi-slave1|2887854209783|2887920649455|66439672|1585925142|00003047
openmpi-slave1|2887854209783|2887920649455|66439672|1585925142|00002664
openmpi-slave1|2887854209783|2887920649455|66439672|1585925142|00002920
openmpi-slave1|2887854209783|2887920649455|66439672|1585925142|00004235
openmpi-slave1|2887854209783|2887920649455|66439672|1585925142|00002256
openmpi-slave1|2887854209783|2887920649455|66439672|1585925142|00001612
openmpi-slave1|2887854209783|2887920649455|66439672|1585925142|00002452
openmpi-slave1|2887854209783|2887920649455|66439672|1585925142|00001466
openmpi-slave1|2887854209783|2887920649455|66439672|1585925142|00002541
openmpi-slave1|2887854209783|2887920649455|66439672|1585925142|00001194
openmpi-slave1|2887854209783|2887920649455|66439672|1585925142|00001830
openmpi-slave1|2887854209783|2887920649455|66439672|1585925142|00002438
openmpi-slave1|2887854209783|2887920649455|66439672|1585925142|00003082
openmpi-slave1|2887854209783|2887920649455|66439672|1585925142|00001982
openmpi-slave1|2887854209783|2887920649455|66439672|1585925142|00002386
openmpi-slave1|2887854209783|2887920649455|66439672|1585925142|00001751
openmpi-slave1|2887854209783|2887920649455|66439672|1585925142|00002658
openmpi-slave1|2887854209783|2887920649455|66439672|1585925142|00003337
openmpi-slave1|2887854209783|2887920649455|66439672|1585925142|00001973
openmpi-slave1|2887854209783|2887920649455|66439672|1585925142|00003188
openmpi-slave1|2887854209783|2887920649455|66439672|1585925142|00002484
openmpi-slave1|2887854209783|2887920649455|66439672|1585925142|00002234
openmpi-slave1|2887854209783|2887920649455|66439672|1585925142|00003236
openmpi-slave1|2887854209783|2887920649455|66439672|1585925142|00001752
openmpi-slave1|2887854209783|2887920649455|66439672|1585925142|00003131
openmpi-slave1|2887854209783|2887920649455|66439672|1585925142|00003803
openmpi-slave1|2887854209783|2887920649455|66439672|1585925142|00013883
openmpi-slave1|2887854209783|2887920649455|66439672|1585925142|00007310
openmpi-slave1|2887854209783|2887920649455|66439672|1585925142|00002681
openmpi-slave1|2887854209783|2887920649455|66439672|1585925142|00002169
openmpi-slave1|2887854209783|2887920649455|66439672|1585925142|00002974
openmpi-slave1|2887854209783|2887920649455|66439672|1585925142|00001615
openmpi-slave1|2887854209783|2887920649455|66439672|1585925142|00002390
openmpi-slave1|2887854209783|2887920649455|66439672|1585925142|00003327
openmpi-slave1|2887854209783|2887920649455|66439672|1585925142|00001396
openmpi-slave1|2887854209783|2887920649455|66439672|1585925142|00001924
openmpi-slave1|2887854209783|2887920649455|66439672|1585925142|00002096
openmpi-slave1|2887854209783|2887920649455|66439672|1585925142|00001255
openmpi-slave1|2887854209783|2887920649455|66439672|1585925142|00001883
openmpi-slave1|2887854209783|2887920649455|66439672|1585925142|00001210
openmpi-slave1|2887854209783|2887920649455|66439672|1585925142|00001812
openmpi-slave1|2887854209783|2887920649455|66439672|1585925142|00002255
openmpi-slave1|2887854209783|2887920649455|66439672|1585925142|00002601
