openmpi-slave3|2882079348220|2882147460956|68112736|1585925136|00007587
openmpi-slave3|2882079348220|2882147460956|68112736|1585925136|00003125
openmpi-slave3|2882079348220|2882147460956|68112736|1585925136|00008822
openmpi-slave3|2882079348220|2882147460956|68112736|1585925136|00002341
openmpi-slave3|2882079348220|2882147460956|68112736|1585925136|00004623
openmpi-slave3|2882079348220|2882147460956|68112736|1585925136|00001908
openmpi-slave3|2882079348220|2882147460956|68112736|1585925136|00003144
openmpi-slave3|2882079348220|2882147460956|68112736|1585925136|00002549
openmpi-slave3|2882079348220|2882147460956|68112736|1585925136|00004140
openmpi-slave3|2882079348220|2882147460956|68112736|1585925136|00001728
openmpi-slave3|2882079348220|2882147460956|68112736|1585925136|00001589
openmpi-slave3|2882079348220|2882147460956|68112736|1585925136|00004387
openmpi-slave3|2882079348220|2882147460956|68112736|1585925136|00007993
openmpi-slave3|2882079348220|2882147460956|68112736|1585925136|00002369
openmpi-slave3|2882079348220|2882147460956|68112736|1585925136|00002076
openmpi-slave3|2882079348220|2882147460956|68112736|1585925136|00001343
openmpi-slave3|2882079348220|2882147460956|68112736|1585925136|00001561
openmpi-slave3|2882079348220|2882147460956|68112736|1585925136|00001427
openmpi-slave3|2882079348220|2882147460956|68112736|1585925136|00002310
openmpi-slave3|2882079348220|2882147460956|68112736|1585925136|00004386
openmpi-slave3|2882079348220|2882147460956|68112736|1585925136|00003604
openmpi-slave3|2882079348220|2882147460956|68112736|1585925136|00001090
openmpi-slave3|2882079348220|2882147460956|68112736|1585925136|00003492
openmpi-slave3|2882079348220|2882147460956|68112736|1585925136|00002073
openmpi-slave3|2882079348220|2882147460956|68112736|1585925136|00002101
openmpi-slave3|2882079348220|2882147460956|68112736|1585925136|00003586
openmpi-slave3|2882079348220|2882147460956|68112736|1585925136|00001655
openmpi-slave3|2882079348220|2882147460956|68112736|1585925136|00006912
openmpi-slave3|2882079348220|2882147460956|68112736|1585925136|00001536
openmpi-slave3|2882079348220|2882147460956|68112736|1585925136|00002559
openmpi-slave3|2882079348220|2882147460956|68112736|1585925136|00001947
openmpi-slave3|2882079348220|2882147460956|68112736|1585925136|00001576
openmpi-slave3|2882079348220|2882147460956|68112736|1585925136|00001926
openmpi-slave3|2882079348220|2882147460956|68112736|1585925136|00003566
openmpi-slave3|2882079348220|2882147460956|68112736|1585925136|00001689
openmpi-slave3|2882079348220|2882147460956|68112736|1585925136|00003406
openmpi-slave3|2882079348220|2882147460956|68112736|1585925136|00002476
openmpi-slave3|2882079348220|2882147460956|68112736|1585925136|00001665
openmpi-slave3|2882079348220|2882147460956|68112736|1585925136|00002019
openmpi-slave3|2882079348220|2882147460956|68112736|1585925136|00003137
openmpi-slave3|2882079348220|2882147460956|68112736|1585925136|00002982
openmpi-slave3|2882079348220|2882147460956|68112736|1585925136|00002091
openmpi-slave3|2882079348220|2882147460956|68112736|1585925136|00011302
openmpi-slave3|2882079348220|2882147460956|68112736|1585925136|00002421
openmpi-slave3|2882079348220|2882147460956|68112736|1585925136|00002479
openmpi-slave3|2882079348220|2882147460956|68112736|1585925136|00001853
openmpi-slave3|2882079348220|2882147460956|68112736|1585925136|00002271
openmpi-slave3|2882079348220|2882147460956|68112736|1585925136|00002949
openmpi-slave3|2882079348220|2882147460956|68112736|1585925136|00002155
openmpi-slave3|2882079348220|2882147460956|68112736|1585925136|00002448
openmpi-slave3|2882079348220|2882147460956|68112736|1585925136|00003366
openmpi-slave3|2882079348220|2882147460956|68112736|1585925136|00003442
openmpi-slave3|2882079348220|2882147460956|68112736|1585925136|00001402
openmpi-slave3|2882079348220|2882147460956|68112736|1585925136|00001616
openmpi-slave3|2882079348220|2882147460956|68112736|1585925136|00002662
openmpi-slave3|2882079348220|2882147460956|68112736|1585925136|00001340
openmpi-slave3|2882079348220|2882147460956|68112736|1585925136|00002840
openmpi-slave3|2882079348220|2882147460956|68112736|1585925136|00002464
openmpi-slave3|2882079348220|2882147460956|68112736|1585925136|00002997
openmpi-slave3|2882079348220|2882147460956|68112736|1585925136|00002588
openmpi-slave3|2882079348220|2882147460956|68112736|1585925136|00001388
openmpi-slave3|2882079348220|2882147460956|68112736|1585925136|00001909
openmpi-slave3|2882079348220|2882147460956|68112736|1585925136|00002899
openmpi-slave3|2882079348220|2882147460956|68112736|1585925136|00002262
openmpi-slave3|2882079348220|2882147460956|68112736|1585925136|00002253
openmpi-slave3|2882079348220|2882147460956|68112736|1585925136|00003574
openmpi-slave3|2882079348220|2882147460956|68112736|1585925136|00009827
openmpi-slave3|2882079348220|2882147460956|68112736|1585925136|00003703
openmpi-slave3|2882079348220|2882147460956|68112736|1585925136|00003212
openmpi-slave3|2882079348220|2882147460956|68112736|1585925136|00002156
openmpi-slave3|2882079348220|2882147460956|68112736|1585925136|00001566
openmpi-slave3|2882079348220|2882147460956|68112736|1585925136|00009703
openmpi-slave3|2882079348220|2882147460956|68112736|1585925136|00002378
openmpi-slave3|2882079348220|2882147460956|68112736|1585925136|00001390
openmpi-slave3|2882079348220|2882147460956|68112736|1585925136|00002904
openmpi-slave3|2882079348220|2882147460956|68112736|1585925136|00004802
openmpi-slave3|2882079348220|2882147460956|68112736|1585925136|00002682
openmpi-slave3|2882079348220|2882147460956|68112736|1585925136|00001839
openmpi-slave3|2882079348220|2882147460956|68112736|1585925136|00002204
openmpi-slave3|2882079348220|2882147460956|68112736|1585925136|00002225
openmpi-slave3|2882079348220|2882147460956|68112736|1585925136|00001987
openmpi-slave3|2882079348220|2882147460956|68112736|1585925136|00001374
openmpi-slave3|2882079348220|2882147460956|68112736|1585925136|00001786
openmpi-slave3|2882079348220|2882147460956|68112736|1585925136|00001998
openmpi-slave3|2882079348220|2882147460956|68112736|1585925136|00001793
openmpi-slave3|2882079348220|2882147460956|68112736|1585925136|00001283
openmpi-slave3|2882079348220|2882147460956|68112736|1585925136|00001845
openmpi-slave3|2882079348220|2882147460956|68112736|1585925136|00001355
openmpi-slave3|2882079348220|2882147460956|68112736|1585925136|00001209
openmpi-slave3|2882079348220|2882147460956|68112736|1585925136|00001587
openmpi-slave3|2882079348220|2882147460956|68112736|1585925136|00001543
openmpi-slave3|2882079348220|2882147460956|68112736|1585925136|00001861
openmpi-slave3|2882079348220|2882147460956|68112736|1585925136|00001214
openmpi-slave3|2882079348220|2882147460956|68112736|1585925136|00001411
openmpi-slave3|2882079348220|2882147460956|68112736|1585925136|00001317
openmpi-slave3|2882079348220|2882147460956|68112736|1585925136|00001040
openmpi-slave3|2882079348220|2882147460956|68112736|1585925136|00001244
openmpi-slave3|2882079348220|2882147460956|68112736|1585925136|00001106
openmpi-slave3|2882079348220|2882147460956|68112736|1585925136|00001129
openmpi-slave3|2882079348220|2882147460956|68112736|1585925136|00001224
