openmpi-master|2884937274101|2885061172149|123898048|1585925139|00005843
openmpi-master|2884937274101|2885061172149|123898048|1585925139|00001128
openmpi-master|2884937274101|2885061172149|123898048|1585925139|00004550
openmpi-master|2884937274101|2885061172149|123898048|1585925139|00003888
openmpi-master|2884937274101|2885061172149|123898048|1585925139|00001858
openmpi-master|2884937274101|2885061172149|123898048|1585925139|00001580
openmpi-master|2884937274101|2885061172149|123898048|1585925139|00002291
openmpi-master|2884937274101|2885061172149|123898048|1585925139|00001658
openmpi-master|2884937274101|2885061172149|123898048|1585925139|00005108
openmpi-master|2884937274101|2885061172149|123898048|1585925139|00003193
openmpi-master|2884937274101|2885061172149|123898048|1585925139|00002280
openmpi-master|2884937274101|2885061172149|123898048|1585925139|00001413
openmpi-master|2884937274101|2885061172149|123898048|1585925139|00004124
openmpi-master|2884937274101|2885061172149|123898048|1585925139|00002830
openmpi-master|2884937274101|2885061172149|123898048|1585925139|00004583
openmpi-master|2884937274101|2885061172149|123898048|1585925139|00002008
openmpi-master|2884937274101|2885061172149|123898048|1585925139|00003131
openmpi-master|2884937274101|2885061172149|123898048|1585925139|00002231
openmpi-master|2884937274101|2885061172149|123898048|1585925139|00002588
openmpi-master|2884937274101|2885061172149|123898048|1585925139|00001976
openmpi-master|2884937274101|2885061172149|123898048|1585925139|00007948
openmpi-master|2884937274101|2885061172149|123898048|1585925139|00008009
openmpi-master|2884937274101|2885061172149|123898048|1585925139|00002284
openmpi-master|2884937274101|2885061172149|123898048|1585925139|00002508
openmpi-master|2884937274101|2885061172149|123898048|1585925139|00002975
openmpi-master|2884937274101|2885061172149|123898048|1585925139|00001645
openmpi-master|2884937274101|2885061172149|123898048|1585925139|00007118
openmpi-master|2884937274101|2885061172149|123898048|1585925139|00002203
openmpi-master|2884937274101|2885061172149|123898048|1585925139|00001299
openmpi-master|2884937274101|2885061172149|123898048|1585925139|00002649
openmpi-master|2884937274101|2885061172149|123898048|1585925139|00001273
openmpi-master|2884937274101|2885061172149|123898048|1585925139|00001855
openmpi-master|2884937274101|2885061172149|123898048|1585925139|00001565
openmpi-master|2884937274101|2885061172149|123898048|1585925139|00002987
openmpi-master|2884937274101|2885061172149|123898048|1585925139|00001890
openmpi-master|2884937274101|2885061172149|123898048|1585925139|00002070
openmpi-master|2884937274101|2885061172149|123898048|1585925139|00001162
openmpi-master|2884937274101|2885061172149|123898048|1585925139|00002625
openmpi-master|2884937274101|2885061172149|123898048|1585925139|00002109
openmpi-master|2884937274101|2885061172149|123898048|1585925139|00003154
openmpi-master|2884937274101|2885061172149|123898048|1585925139|00002046
openmpi-master|2884937274101|2885061172149|123898048|1585925139|00001403
openmpi-master|2884937274101|2885061172149|123898048|1585925139|00002365
openmpi-master|2884937274101|2885061172149|123898048|1585925139|00002274
openmpi-master|2884937274101|2885061172149|123898048|1585925139|00001684
openmpi-master|2884937274101|2885061172149|123898048|1585925139|00001245
openmpi-master|2884937274101|2885061172149|123898048|1585925139|00002356
openmpi-master|2884937274101|2885061172149|123898048|1585925139|00003323
openmpi-master|2884937274101|2885061172149|123898048|1585925139|00005645
openmpi-master|2884937274101|2885061172149|123898048|1585925139|00001648
openmpi-master|2884937274101|2885061172149|123898048|1585925139|00001461
openmpi-master|2884937274101|2885061172149|123898048|1585925139|00001249
openmpi-master|2884937274101|2885061172149|123898048|1585925139|00005331
openmpi-master|2884937274101|2885061172149|123898048|1585925139|00002464
openmpi-master|2884937274101|2885061172149|123898048|1585925139|00001715
openmpi-master|2884937274101|2885061172149|123898048|1585925139|00001906
openmpi-master|2884937274101|2885061172149|123898048|1585925139|00001756
openmpi-master|2884937274101|2885061172149|123898048|1585925139|00003380
openmpi-master|2884937274101|2885061172149|123898048|1585925139|00002193
openmpi-master|2884937274101|2885061172149|123898048|1585925139|00003489
openmpi-master|2884937274101|2885061172149|123898048|1585925139|00002678
openmpi-master|2884937274101|2885061172149|123898048|1585925139|00002551
openmpi-master|2884937274101|2885061172149|123898048|1585925139|00002355
openmpi-master|2884937274101|2885061172149|123898048|1585925139|00001476
openmpi-master|2884937274101|2885061172149|123898048|1585925139|00002858
openmpi-master|2884937274101|2885061172149|123898048|1585925139|00002500
openmpi-master|2884937274101|2885061172149|123898048|1585925139|00002600
openmpi-master|2884937274101|2885061172149|123898048|1585925139|00001426
openmpi-master|2884937274101|2885061172149|123898048|1585925139|00002570
openmpi-master|2884937274101|2885061172149|123898048|1585925139|00001309
openmpi-master|2884937274101|2885061172149|123898048|1585925139|00001454
openmpi-master|2884937274101|2885061172149|123898048|1585925139|00002788
openmpi-master|2884937274101|2885061172149|123898048|1585925139|00001687
openmpi-master|2884937274101|2885061172149|123898048|1585925139|00001975
openmpi-master|2884937274101|2885061172149|123898048|1585925139|00002194
openmpi-master|2884937274101|2885061172149|123898048|1585925139|00001242
openmpi-master|2884937274101|2885061172149|123898048|1585925139|00002675
openmpi-master|2884937274101|2885061172149|123898048|1585925139|00001912
openmpi-master|2884937274101|2885061172149|123898048|1585925139|00001745
openmpi-master|2884937274101|2885061172149|123898048|1585925139|00002296
openmpi-master|2884937274101|2885061172149|123898048|1585925139|00002428
openmpi-master|2884937274101|2885061172149|123898048|1585925139|00002062
openmpi-master|2884937274101|2885061172149|123898048|1585925139|00003017
openmpi-master|2884937274101|2885061172149|123898048|1585925139|00003828
openmpi-master|2884937274101|2885061172149|123898048|1585925139|00001272
openmpi-master|2884937274101|2885061172149|123898048|1585925139|00000958
openmpi-master|2884937274101|2885061172149|123898048|1585925139|00003654
openmpi-master|2884937274101|2885061172149|123898048|1585925139|00001361
openmpi-master|2884937274101|2885061172149|123898048|1585925139|00002039
openmpi-master|2884937274101|2885061172149|123898048|1585925139|00002106
openmpi-master|2884937274101|2885061172149|123898048|1585925139|00001752
openmpi-master|2884937274101|2885061172149|123898048|1585925139|00002096
openmpi-master|2884937274101|2885061172149|123898048|1585925139|00004245
openmpi-master|2884937274101|2885061172149|123898048|1585925139|00001148
openmpi-master|2884937274101|2885061172149|123898048|1585925139|00001298
openmpi-master|2884937274101|2885061172149|123898048|1585925139|00003059
openmpi-master|2884937274101|2885061172149|123898048|1585925139|00001960
openmpi-master|2884937274101|2885061172149|123898048|1585925139|00003059
openmpi-master|2884937274101|2885061172149|123898048|1585925139|00005556
openmpi-master|2884937274101|2885061172149|123898048|1585925139|00001908
