
openmpi-master|1586172031572|1586172031645|73|1586172031|1586172031642
openmpi-master|1586172031826|1586172031900|74|1586172031|1586172031892
openmpi-master|1586172032015|1586172032082|67|1586172032|1586172032074
openmpi-master|1586172032312|1586172032464|152|1586172032|1586172032456
openmpi-master|1586172032648|1586172032711|63|1586172032|1586172032703
openmpi-master|1586172032901|1586172032959|58|1586172032|1586172032951
openmpi-master|1586172033205|1586172033252|47|1586172033|1586172033243
openmpi-master|1586172033448|1586172033560|112|1586172033|1586172033552
openmpi-master|1586172033685|1586172033750|65|1586172033|1586172033742
openmpi-master|1586172033940|1586172034047|107|1586172034|1586172034038
openmpi-master|1586172034237|1586172034317|80|1586172034|1586172034309
openmpi-master|1586172034505|1586172034580|75|1586172034|1586172034572
openmpi-master|1586172034740|1586172034809|69|1586172034|1586172034800
openmpi-master|1586172034959|1586172035057|98|1586172035|1586172035049
openmpi-master|1586172035228|1586172035271|43|1586172035|1586172035263
openmpi-master|1586172035412|1586172035471|59|1586172035|1586172035463
openmpi-master|1586172035681|1586172035734|53|1586172035|1586172035726
openmpi-master|1586172035878|1586172035939|61|1586172035|1586172035931
openmpi-master|1586172036127|1586172036201|74|1586172036|1586172036193
openmpi-master|1586172036342|1586172036368|26|1586172036|1586172036360
openmpi-master|1586172036589|1586172036667|78|1586172036|1586172036658
openmpi-master|1586172036832|1586172036909|77|1586172036|1586172036901
openmpi-master|1586172037024|1586172037099|75|1586172037|1586172037091
openmpi-master|1586172037331|1586172037392|61|1586172037|1586172037383
openmpi-master|1586172037532|1586172037590|58|1586172037|1586172037582
openmpi-master|1586172037732|1586172037798|66|1586172037|1586172037790
openmpi-master|1586172037896|1586172037975|79|1586172037|1586172037967
openmpi-master|1586172038185|1586172038248|63|1586172038|1586172038239
openmpi-master|1586172038452|1586172038507|55|1586172038|1586172038499
openmpi-master|1586172038721|1586172038794|73|1586172038|1586172038785
openmpi-master|1586172038936|1586172038992|56|1586172038|1586172038984
openmpi-master|1586172039135|1586172039190|55|1586172039|1586172039182
openmpi-master|1586172039336|1586172039375|39|1586172039|1586172039367