1585590818-0016-000|1584759718583201|1584759870515206|151932005|1585590821|03370585
1585590818-0016-000|1584763122611871|1584763278360481|155748610|1585590824|03315320
1585590818-0016-000|1584766595753883|1584766745447123|149693240|1585590828|03359770
1585590818-0016-000|1584769926612260|1584770071484852|144872592|1585590831|03239765
1585590818-0016-000|1584773292989663|1584773455449313|162459650|1585590835|03275915
1585590818-0016-000|1584776671916672|1584776811570149|139653477|1585590838|03256743
1585590818-0016-000|1584780199450951|1584780359937740|160486789|1585590842|03451348
1585590818-0016-000|1584783834173597|1584783983641764|149468167|1585590845|03508994
1585590818-0016-000|1584787207663629|1584787363374009|155710380|1585590849|03282196
1585590818-0016-000|1584790591143338|1584790735411932|144268594|1585590852|03284029
1585590818-0016-000|1584793923942965|1584794069415668|145472703|1585590855|03223710
1585590818-0016-000|1584797137992947|1584797278316021|140323074|1585590858|03114829
1585590818-0016-000|1584800473928741|1584800624395612|150466871|1585590862|03237868
1585590818-0016-000|1584803695441703|1584803841969992|146528289|1585590865|03118604
1585590818-0016-000|1584807087755217|1584807231942132|144186915|1585590868|03300422
1585590818-0016-000|1584810335485161|1584810500821440|165336279|1585590872|03159317
1585590818-0016-000|1584813647480455|1584813798034943|150554488|1585590875|03191956
1585590818-0016-000|1584816830670376|1584816967589954|136919578|1585590878|03071830
1585590818-0016-000|1584820147193375|1584820316899678|169706303|1585590882|03247824
1585590818-0016-000|1584823418306998|1584823554708714|136401716|1585590885|03148860
1585590818-0016-000|1584826638964234|1584826774240230|135275996|1585590888|03118735
1585590818-0016-000|1584829894810004|1584830051679175|156869171|1585590891|03179742
1585590818-0016-000|1584833210728727|1584833354191897|143463170|1585590895|03200044
1585590818-0016-000|1584836572599404|1584836706721508|134122104|1585590898|03251818
1585590818-0016-000|1584839942105912|1584840112319948|170214036|1585590901|03293401
1585590818-0016-000|1584843702698771|1584843857393448|154694677|1585590905|03650382
1585590818-0016-000|1584847379850935|1584847535168133|155317198|1585590909|03587690
1585590818-0016-000|1584850788207714|1584850921025155|132817441|1585590912|03276025
1585590818-0016-000|1584854058906402|1584854202202149|143295747|1585590915|03187631
1585590818-0016-000|1584857380043227|1584857513544001|133500774|1585590919|03199682
1585590818-0016-000|1584860595371212|1584860738509398|143138186|1585590922|03137142
1585590818-0016-000|1584863926375729|1584864076394547|150018818|1585590925|03230647
1585590818-0016-000|1584867207869722|1584867359396423|151526701|1585590929|03191856
1585590818-0016-000|1584870566678152|1584870736261336|169583184|1585590932|03263886
1585590818-0016-000|1584873905779626|1584874045952931|140173305|1585590935|03219837
1585590818-0016-000|1584877290521515|1584877445173726|154652211|1585590939|03287669
1585590818-0016-000|1584880692500770|1584880833560639|141059869|1585590942|03295932
1585590818-0016-000|1584883982364004|1584884146508582|164144578|1585590945|03203827
1585590818-0016-000|1584887304598789|1584887477226182|172627393|1585590949|03239766
1585590818-0016-000|1584890786566682|1584890926642287|140075605|1585590952|03356116
1585590818-0016-000|1584894243960451|1584894413142113|169181662|1585590956|03375768
1585590818-0016-000|1584897666232531|1584897812848112|146615581|1585590959|03295765
1585590818-0016-000|1584901088926024|1584901245626711|156700687|1585590962|03335878
1585590818-0016-000|1584904615826303|1584904759107194|143280891|1585590966|03415259
1585590818-0016-000|1584907889617331|1584908029320206|139702875|1585590969|03165207
1585590818-0016-000|1584911223161686|1584911392895654|169733968|1585590973|03262963
1585590818-0016-000|1584914557072686|1584914699320158|142247472|1585590976|03211838
1585590818-0016-000|1584917804305136|1584917944237807|139932671|1585590979|03139777
1585590818-0016-000|1584920994548936|1584921142077338|147528402|1585590982|03100613
1585590818-0016-000|1584924250353821|1584924395280965|144927144|1585590986|03152091
1585590818-0016-000|1584927527242124|1584927676860319|149618195|1585590989|03178695
1585590818-0016-000|1584930862231756|1584931002646729|140414973|1585590992|03232863
1585590818-0016-000|1584934131109770|1584934280781905|149672135|1585590996|03171062
1585590818-0016-000|1584937447424288|1584937583737604|136313316|1585590999|03215813
1585590818-0016-000|1584940706865201|1584940855090364|148225163|1585591002|03159735
1585590818-0016-000|1584944015716725|1584944173123100|157406375|1585591005|03219863
1585590818-0016-000|1584947309263031|1584947445302949|136039918|1585591009|03172693
1585590818-0016-000|1584950566797648|1584950720271224|153473576|1585591012|03170891
1585590818-0016-000|1584953950685910|1584954094573691|143887781|1585591015|03279764
1585590818-0016-000|1584957340499771|1584957489684613|149184842|1585591019|03291985
1585590818-0016-000|1584960782911352|1584960934888613|151977261|1585591022|03355892
1585590818-0016-000|1584964394431382|1584964538375056|143943674|1585591026|03495568
1585590818-0016-000|1584967659751741|1584967808898913|149147172|1585591029|03168031
1585590818-0016-000|1584970882254157|1584971031045485|148791328|1585591032|03123746
1585590818-0016-000|1584974119319259|1584974267373976|148054717|1585591035|03128459
1585590818-0016-000|1584977307408505|1584977466339471|158930966|1585591039|03099306
1585590818-0016-000|1584980519968575|1584980669982582|150014007|1585591042|03107859
1585590818-0016-000|1584983803760715|1584983961324261|157563546|1585591045|03185340
1585590818-0016-000|1584987080234255|1584987211805949|131571694|1585591048|03162381
1585590818-0016-000|1584990301923720|1584990443790075|141866355|1585591052|03136789
1585590818-0016-000|1584993550134008|1584993683682928|133548920|1585591055|03134761
1585590818-0016-000|1584996804483852|1584996944595346|140111494|1585591058|03148793
1585590818-0016-000|1585000074717623|1585000232153390|157435767|1585591061|03187343
1585590818-0016-000|1585003399839695|1585003541584632|141744937|1585591065|03217440
1585590818-0016-000|1585006631708466|1585006798763841|167055375|1585591068|03158084
1585590818-0016-000|1585009942366690|1585010071941026|129574336|1585591071|03179681
1585590818-0016-000|1585013188837428|1585013346729471|157892043|1585591075|03159888
1585590818-0016-000|1585016455579817|1585016602506188|146926371|1585591078|03170881
1585590818-0016-000|1585019793935670|1585019996777688|202842018|1585591081|03279125
1585590818-0016-000|1585023534170566|1585023689291209|155120643|1585591085|03605286
1585590818-0016-000|1585026835791502|1585026984716947|148925445|1585591088|03180793
1585590818-0016-000|1585030185612332|1585030333041736|147429404|1585591092|03250950
1585590818-0016-000|1585033561790013|1585033704462315|142672302|1585591095|03275853
1585590818-0016-000|1585036802421147|1585036942503859|140082712|1585591098|03139567
1585590818-0016-000|1585040012945590|1585040154844293|141898703|1585591101|03115668
1585590818-0016-000|1585043274869642|1585043436388725|161519083|1585591105|03168794
1585590818-0016-000|1585046511711564|1585046672236985|160525421|1585591108|03135613
1585590818-0016-000|1585049774772047|1585049932903975|158131928|1585591111|03160402
1585590818-0016-000|1585053108752188|1585053253211108|144458920|1585591114|03222789
1585590818-0016-000|1585056403167157|1585056553870778|150703621|1585591118|03207870
1585590818-0016-000|1585059703733431|1585059867959143|164225712|1585591121|03216108
1585590818-0016-000|1585063067978615|1585063220446448|152467833|1585591124|03243557
1585590818-0016-000|1585066368231061|1585066499867357|131636296|1585591128|03192024
1585590818-0016-000|1585069635912131|1585069786030269|150118138|1585591131|03173232
1585590818-0016-000|1585072876207525|1585073005711232|129503707|1585591134|03122253
1585590818-0016-000|1585076047492438|1585076202539067|155046629|1585591137|03104911
1585590818-0016-000|1585079410391979|1585079554753800|144361821|1585591141|03245832
1585590818-0016-000|1585083049480390|1585083218431454|168951064|1585591144|03565220
1585590818-0016-000|1585086427272337|1585086586874095|159601758|1585591148|03268453
1585590818-0016-000|1585089829163442|1585089957672265|128508823|1585591151|03266753
