1585576773-0116-000|1570715812568368|1570715965682273|153113905|1585576777|03610342
1585576773-0116-000|1570719914253047|1570720076059036|161805989|1585576781|04103027
1585576773-0116-000|1570723920998467|1570724068455046|147456579|1585576785|03992510
1585576773-0116-000|1570727911999144|1570728053648306|141649162|1585576789|03991032
1585576773-0116-000|1570731797990515|1570731938022774|140032259|1585576793|03883773
1585576773-0116-000|1570735867747199|1570735996845592|129098393|1585576797|04062305
1585576773-0116-000|1570739822455091|1570739971360866|148905775|1585576801|03974695
1585576773-0116-000|1570744707479951|1570744878217476|170737525|1585576806|04910757
1585576773-0116-000|1570749102091239|1570749247621272|145530033|1585576810|04369299
1585576773-0116-000|1570753070556283|1570753222851173|152294890|1585576814|03966523
1585576773-0116-000|1570756994068996|1570757151213343|157144347|1585576818|03938377
1585576773-0116-000|1570761074294069|1570761222932832|148638763|1585576822|04071315
1585576773-0116-000|1570765263825892|1570765403274874|139448982|1585576827|04173862
1585576773-0116-000|1570769383948071|1570769544986577|161038506|1585576831|04134917
1585576773-0116-000|1570773533919864|1570773678257314|144337450|1585576835|04140709
1585576773-0116-000|1570777505342990|1570777655064779|149721789|1585576839|03991823
1585576773-0116-000|1570781666488549|1570781812284219|145795670|1585576843|04134209
1585576773-0116-000|1570785738408542|1570785885891135|147482593|1585576847|04085608
1585576773-0116-000|1570789760470042|1570789901783669|141313627|1585576851|04006212
1585576773-0116-000|1570793762655842|1570793907195858|144540016|1585576855|04017086
1585576773-0116-000|1570797831828380|1570798042651850|210823470|1585576859|04128238
1585576773-0116-000|1570802212634050|1570802401239779|188605729|1585576864|04355976
1585576773-0116-000|1570806605500317|1570806743021496|137521179|1585576868|04347314
1585576773-0116-000|1570810726685391|1570810879270086|152584695|1585576872|04136539
1585576773-0116-000|1570814715348183|1570814876602481|161254298|1585576876|03987695
1585576773-0116-000|1570818570279232|1570818714670081|144390849|1585576880|03848010
1585576773-0116-000|1570822458920320|1570822590970499|132050179|1585576884|03878080
1585576773-0116-000|1570826347878669|1570826508302819|160424150|1585576888|03905447
1585576773-0116-000|1570830353119630|1570830482949530|129829900|1585576892|03984036
1585576773-0116-000|1570834329084488|1570834463064052|133979564|1585576896|03980629
1585576773-0116-000|1570838218147276|1570838357860713|139713437|1585576900|03886975
1585576773-0116-000|1570842050278336|1570842194503089|144224753|1585576903|03839880
1585576773-0116-000|1570845918566000|1570846062130732|143564732|1585576907|03864400
1585576773-0116-000|1570849840216867|1570849970597411|130380544|1585576911|03919456
1585576773-0116-000|1570853756779850|1570853890832978|134053128|1585576915|03919835
1585576773-0116-000|1570857725039372|1570857864335437|139296065|1585576919|03956401
1585576773-0116-000|1570861859683720|1570862041546199|181862479|1585576923|04179835
1585576773-0116-000|1570866182523769|1570866323569179|141045410|1585576928|04291409
1585576773-0116-000|1570870198063417|1570870346759448|148696031|1585576932|04018209
1585576773-0116-000|1570874211351936|1570874362328320|150976384|1585576936|04017535
1585576773-0116-000|1570878336287731|1570878463933768|127646037|1585576940|04108151
1585576773-0116-000|1570882331223071|1570882466536140|135313069|1585576944|03999508
1585576773-0116-000|1570886181653914|1570886322416638|140762724|1585576948|03859829
1585576773-0116-000|1570890117985299|1570890265957577|147972278|1585576951|03935901
1585576773-0116-000|1570894039747233|1570894179728281|139981048|1585576955|03921420
1585576773-0116-000|1570897951142555|1570898087337387|136194832|1585576959|03906278
1585576773-0116-000|1570901790434946|1570901919955592|129520646|1585576963|03840240
1585576773-0116-000|1570905640109990|1570905763183640|123073650|1585576967|03828473
1585576773-0116-000|1570909507958778|1570909663222305|155263527|1585576971|03906920
1585576773-0116-000|1570913545117313|1570913700202866|155085553|1585576975|04020268
1585576773-0116-000|1570917598829562|1570917731256677|132427115|1585576979|04043470
1585576773-0116-000|1570921714681756|1570921878346039|163664283|1585576983|04147947
1585576773-0116-000|1570925967199071|1570926118637526|151438455|1585576987|04239888
1585576773-0116-000|1570929963859806|1570930111887559|148027753|1585576991|03996087
1585576773-0116-000|1570933848809429|1570934000359035|151549606|1585576995|03872215
1585576773-0116-000|1570937741537937|1570937883264682|141726745|1585576999|03882766
1585576773-0116-000|1570941638408436|1570941783218176|144809740|1585577003|03908372
1585576773-0116-000|1570945605981783|1570945753033381|147051598|1585577007|03962305
1585576773-0116-000|1570949554302246|1570949701463753|147161507|1585577011|03950407
1585576773-0116-000|1570953598628022|1570953753566683|154938661|1585577015|04054941
1585576773-0116-000|1570957844991573|1570957979094324|134102751|1585577019|04232030
1585576773-0116-000|1570961889729127|1570962033119862|143390735|1585577023|04043728
1585576773-0116-000|1570965834144210|1570965993289707|159145497|1585577027|03959905
1585576773-0116-000|1570969746183809|1570969914225362|168041553|1585577031|03922930
1585576773-0116-000|1570973786216017|1570973938907544|152691527|1585577035|04029836
1585576773-0116-000|1570977783420406|1570977943037815|159617409|1585577039|03999948
1585576773-0116-000|1570982057126053|1570982229346703|172220650|1585577043|04282883
1585576773-0116-000|1570986317450994|1570986472612192|155161198|1585577048|04248001
1585576773-0116-000|1570990376280616|1570990507060457|130779841|1585577052|04043806
1585576773-0116-000|1570994346469244|1570994493999608|147530364|1585577056|03983801
1585576773-0116-000|1570998331062508|1570998493991339|162928831|1585577060|04003951
1585576773-0116-000|1571002238526727|1571002385840081|147313354|1585577064|03879898
1585576773-0116-000|1571006319353634|1571006464508862|145155228|1585577068|04075740
1585576773-0116-000|1571010327020741|1571010481835145|154814404|1585577072|04024005
1585576773-0116-000|1571014405277045|1571014570920717|165643672|1585577076|04079391
1585576773-0116-000|1571018557320335|1571018711246197|153925862|1585577080|04149428
1585576773-0116-000|1571022829989762|1571022984206461|154216699|1585577084|04263819
1585576773-0116-000|1571026846447744|1571026979356564|132908820|1585577088|04010882
1585576773-0116-000|1571030930414995|1571031073499500|143084505|1585577092|04083822
1585576773-0116-000|1571034908823298|1571035062079399|153256101|1585577096|03991934
1585576773-0116-000|1571038964823177|1571039099364917|134541740|1585577100|04039076
1585576773-0116-000|1571043501895431|1571043662762228|160866797|1585577105|04568651
1585576773-0116-000|1571047898584969|1571048046114347|147529378|1585577109|04373448
1585576773-0116-000|1571051899746209|1571052053867014|154120805|1585577113|04002294
1585576773-0116-000|1571055853863442|1571056012484086|158620644|1585577117|03956540
1585576773-0116-000|1571059849957368|1571060002052342|152094974|1585577121|03992240
1585576773-0116-000|1571064043285096|1571064198560467|155275371|1585577125|04206833
1585576773-0116-000|1571069084659195|1571069276368962|191709767|1585577130|05068094
1585576773-0116-000|1571074088405445|1571074253484077|165078632|1585577135|04973571
1585576773-0116-000|1571082099465027|1571082393568879|294103852|1585577144|08158065
1585576773-0116-000|1571089140713378|1571089281991407|141278029|1585577151|06879864
1585576773-0116-000|1571093246798523|1571093405139119|158340596|1585577155|04119857
1585576773-0116-000|1571097482792465|1571097626961520|144169055|1585577159|04227871
1585576773-0116-000|1571101565312425|1571101723967339|158654914|1585577163|04100188
1585576773-0116-000|1571105790698790|1571105960374512|169675722|1585577167|04221565
1585576773-0116-000|1571109766393218|1571109908989335|142596117|1585577171|03948041
1585576773-0116-000|1571113723707704|1571113873088290|149380586|1585577175|03964711
1585576773-0116-000|1571117752520871|1571117900688843|148167972|1585577179|04025880
1585576773-0116-000|1571121730327209|1571121892746287|162419078|1585577183|03994819
1585576773-0116-000|1571125644575047|1571125788867067|144292020|1585577187|03895776
