1585574666-0054-000|1568606692827436|1568606841023282|148195846|1585574668|02349506
1585574666-0054-000|1568609066814574|1568609201655417|134840843|1585574670|02364818
1585574666-0054-000|1568611377653618|1568611517175047|139521429|1585574673|02313418
1585574666-0054-000|1568613633901210|1568613777700590|143799380|1585574675|02257785
1585574666-0054-000|1568615862201341|1568615994070252|131868911|1585574677|02223166
1585574666-0054-000|1568618124442739|1568618247404402|122961663|1585574679|02260123
1585574666-0054-000|1568620392434492|1568620525635260|133200768|1585574682|02266555
1585574666-0054-000|1568622665134200|1568622808066378|142932178|1585574684|02280254
1585574666-0054-000|1568624918295809|1568625076081423|157785614|1585574686|02267900
1585574666-0054-000|1568627253549104|1568627416703422|163154318|1585574689|02340455
1585574666-0054-000|1568629574474642|1568629722619619|148144977|1585574691|02322329
1585574666-0054-000|1568631844160867|1568631990202159|146041292|1585574693|02253642
1585574666-0054-000|1568634159940352|1568634295077376|135137024|1585574696|02318582
1585574666-0054-000|1568636470691222|1568636631738099|161046877|1585574698|02319915
1585574666-0054-000|1568638766217491|1568638916132606|149915115|1585574700|02285340
1585574666-0054-000|1568641331181517|1568641493504798|162323281|1585574703|02576346
1585574666-0054-000|1568643778231032|1568643946073617|167842585|1585574705|02458070
1585574666-0054-000|1568646371523501|1568646548839821|177316320|1585574708|02603799
1585574666-0054-000|1568648714844310|1568648880332254|165487944|1585574710|02324573
1585574666-0054-000|1568651040636213|1568651190159098|149522885|1585574712|02319093
1585574666-0054-000|1568653289758986|1568653438084190|148325204|1585574715|02238174
1585574666-0054-000|1568655597268179|1568655730700755|133432576|1585574717|02297541
1585574666-0054-000|1568657882034071|1568658025501540|143467469|1585574719|02295947
1585574666-0054-000|1568660125110988|1568660262999113|137888125|1585574721|02243799
1585574666-0054-000|1568662373086426|1568662513267266|140180840|1585574724|02239870
1585574666-0054-000|1568664624783869|1568664769732602|144948733|1585574726|02255812
1585574666-0054-000|1568666931772506|1568667092305672|160533166|1585574728|02324044
1585574666-0054-000|1568669183839068|1568669352151284|168312216|1585574731|02257652
1585574666-0054-000|1568671515833255|1568671654311341|138478086|1585574733|02318159
1585574666-0054-000|1568673822653991|1568673968530860|145876869|1585574735|02299794
1585574666-0054-000|1568676124214582|1568676262678893|138464311|1585574737|02295862
1585574666-0054-000|1568678386985790|1568678556900979|169915189|1585574740|02295952
1585574666-0054-000|1568680598852721|1568680739720667|140867946|1585574742|02176962
1585574666-0054-000|1568682817976129|1568682946370594|128394465|1585574744|02216976
1585574666-0054-000|1568685000679778|1568685127460397|126780619|1585574746|02185667
1585574666-0054-000|1568687221981531|1568687350550849|128569318|1585574749|02215816
1585574666-0054-000|1568689377399183|1568689524196072|146796889|1585574751|02164081
1585574666-0054-000|1568691553931992|1568691699080836|145148844|1585574753|02187988
1585574666-0054-000|1568693842153425|1568693992180896|150027471|1585574755|02279875
1585574666-0054-000|1568696189838513|1568696319250522|129412009|1585574758|02340960
1585574666-0054-000|1568698542011825|1568698719610469|177598644|1585574760|02406602
1585574666-0054-000|1568701053033589|1568701207269573|154235984|1585574762|02479930
1585574666-0054-000|1568703646820585|1568703791182360|144361775|1585574765|02575634
1585574666-0054-000|1568705956979542|1568706098220166|141240624|1585574767|02302602
1585574666-0054-000|1568708288622972|1568708422740133|134117161|1585574770|02337313
1585574666-0054-000|1568710730330339|1568710874117954|143787615|1585574772|02451903
1585574666-0054-000|1568713220990426|1568713347059736|126069310|1585574775|02471897
1585574666-0054-000|1568715550057716|1568715686413039|136355323|1585574777|02343931
1585574666-0054-000|1568717820172599|1568717943225895|123053296|1585574779|02255907
1585574666-0054-000|1568720105617774|1568720244489506|138871732|1585574781|02295777
1585574666-0054-000|1568722377529751|1568722507830528|130300777|1585574784|02273158
1585574666-0054-000|1568724818389523|1568724993346098|174956575|1585574786|02466555
1585574666-0054-000|1568727098509168|1568727239291222|140782054|1585574788|02259917
1585574666-0054-000|1568729492624146|1568729645315121|152690975|1585574791|02395901
1585574666-0054-000|1568731873151126|1568732010291594|137140468|1585574793|02367833
1585574666-0054-000|1568734219809916|1568734353775449|133965533|1585574796|02342463
1585574666-0054-000|1568736618209149|1568736764318142|146108993|1585574798|02405574
1585574666-0054-000|1568739148636619|1568739323124540|174487921|1585574801|02563743
1585574666-0054-000|1568741546272023|1568741694973167|148701144|1585574803|02370866
1585574666-0054-000|1568743830635466|1568743977523607|146888141|1585574805|02280789
1585574666-0054-000|1568746209778808|1568746358780030|149001222|1585574808|02374743
1585574666-0054-000|1568748491807084|1568748638138043|146330959|1585574810|02292934
1585574666-0054-000|1568750719273329|1568750855145219|135871890|1585574812|02215794
1585574666-0054-000|1568752934846342|1568753084675499|149829157|1585574814|02217207
1585574666-0054-000|1568755278724506|1568755423338530|144614024|1585574817|02339018
1585574666-0054-000|1568757598764696|1568757751710314|152945618|1585574819|02345828
1585574666-0054-000|1568760171365628|1568760339554039|168188411|1585574822|02589616
1585574666-0054-000|1568762758483734|1568762939686188|181202454|1585574824|02600212
1585574666-0054-000|1568765370423492|1568765514468615|144045123|1585574827|02561407
1585574666-0054-000|1568767662818615|1568767821151149|158332534|1585574829|02302046
1585574666-0054-000|1568769980255675|1568770150289412|170033737|1585574831|02335824
1585574666-0054-000|1568772306402961|1568772446806065|140403104|1585574834|02297000
1585574666-0054-000|1568774750335274|1568774902027785|151692511|1585574836|02462750
1585574666-0054-000|1568777053599139|1568777190672114|137072975|1585574838|02283142
1585574666-0054-000|1568779390441932|1568779544492863|154050931|1585574841|02342450
1585574666-0054-000|1568781718301629|1568781866942630|148641001|1585574843|02337992
1585574666-0054-000|1568784040831619|1568784167153475|126321856|1585574845|02299805
1585574666-0054-000|1568786333564057|1568786489509534|155945477|1585574848|02307996
1585574666-0054-000|1568788728365948|1568788847809570|119443622|1585574850|02376019
1585574666-0054-000|1568791001892634|1568791149391989|147499355|1585574852|02283611
1585574666-0054-000|1568793378234505|1568793526325756|148091251|1585574855|02387939
1585574666-0054-000|1568795679039045|1568795836948006|157908961|1585574857|02296939
1585574666-0054-000|1568798043944648|1568798201474196|157529548|1585574859|02370916
1585574666-0054-000|1568800386193579|1568800533977502|147783923|1585574862|02329569
1585574666-0054-000|1568802722211625|1568802880325266|158113641|1585574864|02347142
1585574666-0054-000|1568805017801952|1568805169183395|151381443|1585574866|02284444
1585574666-0054-000|1568807298421774|1568807456129551|157707777|1585574869|02286860
1585574666-0054-000|1568809644652916|1568809789503035|144850119|1585574871|02343427
1585574666-0054-000|1568811985201470|1568812124085749|138884279|1585574873|02324157
1585574666-0054-000|1568814377180936|1568814515653985|138473049|1585574876|02406056
1585574666-0054-000|1568816751008943|1568816906688726|155679783|1585574878|02376223
1585574666-0054-000|1568819062672901|1568819207160551|144487650|1585574880|02311769
1585574666-0054-000|1568821549336301|1568821711910634|162574333|1585574883|02501452
1585574666-0054-000|1568824182443775|1568824349368582|166924807|1585574886|02635552
1585574666-0054-000|1568826602984228|1568826762560605|159576377|1585574888|02408193
1585574666-0054-000|1568828984694149|1568829126744621|142050472|1585574890|02375555
1585574666-0054-000|1568831314244289|1568831474782969|160538680|1585574893|02335808
1585574666-0054-000|1568833744079455|1568833882308722|138229267|1585574895|02419943
1585574666-0054-000|1568836042850600|1568836181192163|138341563|1585574897|02295839
1585574666-0054-000|1568838280081942|1568838398979526|118897584|1585574900|02211730
