1585574666-0041-000|1568604441608211|1568604538948779|97340568|1585574666|00124560
1585574666-0041-000|1568606732154126|1568606874140997|141986871|1585574668|02335810
1585574666-0041-000|1568609086571337|1568609226693128|140121791|1585574670|02342783
1585574666-0041-000|1568611396091133|1568611536797871|140706738|1585574673|02312915
1585574666-0041-000|1568613665891715|1568613805549904|139658189|1585574675|02273833
1585574666-0041-000|1568615917999299|1568616058875955|140876656|1585574677|02251828
1585574666-0041-000|1568618173495086|1568618309783255|136288169|1585574680|02257958
1585574666-0041-000|1568620472559796|1568620617323831|144764035|1585574682|02295956
1585574666-0041-000|1568622758229958|1568622904162803|145932845|1585574684|02284881
1585574666-0041-000|1568625017707452|1568625185782767|168075315|1585574686|02287920
1585574666-0041-000|1568627340078650|1568627500443544|160364894|1585574689|02310798
1585574666-0041-000|1568629692933342|1568629832622113|139688771|1585574691|02328659
1585574666-0041-000|1568631916708054|1568632045891279|129183225|1585574693|02220769
1585574666-0041-000|1568634229453717|1568634377313355|147859638|1585574696|02323649
1585574666-0041-000|1568636539308633|1568636687980256|148671623|1585574698|02326709
1585574666-0041-000|1568638884306032|1568639030622753|146316721|1585574700|02335454
1585574666-0041-000|1568641490492482|1568641647498344|157005862|1585574703|02620103
1585574666-0041-000|1568643894991367|1568644069001708|174010341|1585574705|02419734
1585574666-0041-000|1568646442965591|1568646617010077|174044486|1585574708|02539798
1585574666-0041-000|1568648793532409|1568648972561385|179028976|1585574710|02359944
1585574666-0041-000|1568651128516814|1568651268962410|140445596|1585574712|02291832
1585574666-0041-000|1568653364165908|1568653497652221|133486313|1585574715|02227794
1585574666-0041-000|1568655649691710|1568655792482988|142791278|1585574717|02292604
1585574666-0041-000|1568657944467395|1568658085143067|140675672|1585574719|02292460
1585574666-0041-000|1568660216481948|1568660343239141|126757193|1585574722|02274604
1585574666-0041-000|1568662469908579|1568662599832374|129923795|1585574724|02254634
1585574666-0041-000|1568664736938930|1568664889035824|152096894|1585574726|02281021
1585574666-0041-000|1568667046121439|1568667191146439|145025000|1585574728|02311959
1585574666-0041-000|1568669323966724|1568669540604694|216637970|1585574731|02335872
1585574666-0041-000|1568671650386717|1568671775546445|125159728|1585574733|02251791
1585574666-0041-000|1568673917946893|1568674070459529|152512636|1585574735|02283963
1585574666-0041-000|1568676197651983|1568676345029594|147377611|1585574738|02264963
1585574666-0041-000|1568678444491512|1568678604341856|159850344|1585574740|02259152
1585574666-0041-000|1568680648307826|1568680770936513|122628687|1585574742|02183331
1585574666-0041-000|1568682900273104|1568683023558771|123285667|1585574744|02251880
1585574666-0041-000|1568685116322599|1568685241286091|124963492|1585574746|02215841
1585574666-0041-000|1568687352208557|1568687483774889|131566332|1585574749|02243945
1585574666-0041-000|1568689540299044|1568689670763605|130464561|1585574751|02181762
1585574666-0041-000|1568691717776314|1568691887648007|169871693|1585574753|02207016
1585574666-0041-000|1568693991972843|1568694141536886|149564043|1585574755|02258698
1585574666-0041-000|1568696330204303|1568696496433938|166229635|1585574758|02352514
1585574666-0041-000|1568698745432224|1568698884672675|139240451|1585574760|02391280
1585574666-0041-000|1568701199949869|1568701365915883|165966014|1585574763|02475859
1585574666-0041-000|1568703794602119|1568703942155648|147553529|1585574765|02579876
1585574666-0041-000|1568706070327167|1568706215777650|145450483|1585574767|02283992
1585574666-0041-000|1568708397067315|1568708537559135|140491820|1585574770|02311650
1585574666-0041-000|1568710830409772|1568710981249447|150839675|1585574772|02440987
1585574666-0041-000|1568713274218305|1568713413709744|139491439|1585574775|02434923
1585574666-0041-000|1568715612943516|1568715758055477|145111961|1585574777|02347807
1585574666-0041-000|1568717842085699|1568717992358835|150273136|1585574779|02224405
1585574666-0041-000|1568720119827559|1568720269106668|149279109|1585574781|02289095
1585574666-0041-000|1568722432787888|1568722562096710|129308822|1585574784|02298173
1585574666-0041-000|1568724931806486|1568725074481207|142674721|1585574786|02503942
1585574666-0041-000|1568727174515722|1568727311279135|136763413|1585574789|02243861
1585574666-0041-000|1568729547250453|1568729712284255|165033802|1585574791|02384396
1585574666-0041-000|1568731903373331|1568732039308137|135934806|1585574793|02342705
1585574666-0041-000|1568734213864471|1568734355746954|141882483|1585574796|02305522
1585574666-0041-000|1568736602805460|1568736746190090|143384630|1585574798|02398494
1585574666-0041-000|1568739118292732|1568739306285828|187993096|1585574801|02547756
1585574666-0041-000|1568741537573379|1568741697042643|159469264|1585574803|02397251
1585574666-0041-000|1568743842572507|1568743979924187|137351680|1585574805|02291123
1585574666-0041-000|1568746243095018|1568746378442190|135347172|1585574808|02387535
1585574666-0041-000|1568748556699758|1568748691958087|135258329|1585574810|02326083
1585574666-0041-000|1568750791774965|1568750929967170|138192205|1585574812|02229737
1585574666-0041-000|1568753053117718|1568753216113685|162995967|1585574814|02276290
1585574666-0041-000|1568755410823034|1568755558618954|147795920|1585574817|02355447
1585574666-0041-000|1568757759840763|1568757898965411|139124648|1585574819|02339854
1585574666-0041-000|1568760380369268|1568760550029866|169660598|1585574822|02646277
1585574666-0041-000|1568762951368211|1568763164165252|212797041|1585574824|02606041
1585574666-0041-000|1568765544246549|1568765670511983|126265434|1585574827|02517369
1585574666-0041-000|1568767844973736|1568767977290944|132317208|1585574829|02305815
1585574666-0041-000|1568770166614057|1568770342285902|175671845|1585574832|02355769
1585574666-0041-000|1568772470058226|1568772609490311|139432085|1585574834|02276031
1585574666-0041-000|1568774932378370|1568775071239645|138861275|1585574836|02467957
1585574666-0041-000|1568777210500020|1568777361130515|150630495|1585574839|02274462
1585574666-0041-000|1568779550386109|1568779694848059|144461950|1585574841|02340518
1585574666-0041-000|1568781904189772|1568782026661897|122472125|1585574843|02336457
1585574666-0041-000|1568784190175958|1568784338484324|148308366|1585574846|02304392
1585574666-0041-000|1568786495406545|1568786631694472|136287927|1585574848|02303409
1585574666-0041-000|1568788855849338|1568789009545140|153695802|1585574850|02362526
1585574666-0041-000|1568791157728891|1568791291938869|134209978|1585574853|02301502
1585574666-0041-000|1568793557201122|1568793696936072|139734950|1585574855|02384582
1585574666-0041-000|1568795845764416|1568796001643965|155879549|1585574857|02310690
1585574666-0041-000|1568798194766785|1568798342680172|147913387|1585574860|02343976
1585574666-0041-000|1568800529929605|1568800673605725|143676120|1585574862|02325544
1585574666-0041-000|1568802882675310|1568803028841948|146166638|1585574864|02358188
1585574666-0041-000|1568805158287820|1568805304655005|146367185|1585574867|02269617
1585574666-0041-000|1568807408562810|1568807553388928|144826118|1585574869|02254140
1585574666-0041-000|1568809717142811|1568809860924556|143781745|1585574871|02303837
1585574666-0041-000|1568812013522189|1568812148881898|135359709|1585574873|02292250
1585574666-0041-000|1568814392434969|1568814544189330|151754361|1585574876|02391524
1585574666-0041-000|1568816797185806|1568816931799769|134613963|1585574878|02400007
1585574666-0041-000|1568819103543982|1568819258917158|155373176|1585574880|02319713
1585574666-0041-000|1568821625563796|1568821794259027|168695231|1585574883|02535879
1585574666-0041-000|1568824301078626|1568824451510115|150431489|1585574886|02659788
1585574666-0041-000|1568826713926194|1568826857643029|143716835|1585574888|02399882
1585574666-0041-000|1568829081075280|1568829231833461|150758181|1585574890|02367940
1585574666-0041-000|1568831406532233|1568831562535034|156002801|1585574893|02340878
1585574666-0041-000|1568833836341203|1568833955046331|118705128|1585574895|02402809
1585574666-0041-000|1568836139964735|1568836282368347|142403612|1585574898|02315795
