openmpi-master|3916326711205|3916411458376|84747171|1585926161|00104515
openmpi-master|3916710011558|3916797172814|87161256|1585926162|00384802
openmpi-master|3917069888293|3917175377366|105489073|1585926162|00391263
openmpi-master|3917449401731|3917565169897|115768166|1585926162|00378738
openmpi-master|3917834492649|3917983126030|148633381|1585926163|00420206
openmpi-master|3918163192067|3918312800236|149608169|1585926163|00331354
openmpi-master|3918557268455|3918704485535|147217080|1585926163|00396364
openmpi-master|3918970530112|3919110260330|139730218|1585926164|00415928
openmpi-master|3919322263832|3919462998389|140734557|1585926164|00343785
openmpi-master|3919755013345|3919909546831|154533486|1585926165|00443211
openmpi-master|3920115935947|3920261476125|145540178|1585926165|00352567
openmpi-master|3920525922641|3920673726328|147803687|1585926165|00403848
openmpi-master|3920938354695|3921092667589|154312894|1585926166|00419861
openmpi-master|3921291472248|3921431060746|139588498|1585926166|00347888
openmpi-master|3921730665706|3921883180992|152515286|1585926167|00447937
openmpi-master|3922089961544|3922219833200|129871656|1585926167|00347717
openmpi-master|3922460137592|3922595113884|134976292|1585926167|00374825
openmpi-master|3922887209038|3923027489845|140280807|1585926168|00428788
openmpi-master|3923245704164|3923394114568|148410404|1585926168|00363996
openmpi-master|3923678418464|3923819845609|141427145|1585926169|00428160
openmpi-master|3924078063311|3924240910526|162847215|1585926169|00406974
openmpi-master|3924466134720|3924612654574|146519854|1585926169|00372438
openmpi-master|3924887867488|3925022812169|134944681|1585926170|00420807
openmpi-master|3925293542740|3925428909447|135366707|1585926170|00399019
openmpi-master|3925674129765|3925824716685|150586920|1585926171|00388856
openmpi-master|3926030505611|3926209271302|178765691|1585926171|00386925
openmpi-master|3926477218381|3926613114991|135896610|1585926171|00419845
openmpi-master|3926864775538|3927012983048|148207510|1585926172|00383892
openmpi-master|3927308865352|3927472412538|163547186|1585926172|00459809
openmpi-master|3927725533235|3927866094249|140561014|1585926173|00403879
openmpi-master|3928154939330|3928312391118|157451788|1585926173|00435852
openmpi-master|3928561699354|3928705485580|143786226|1585926173|00389581
openmpi-master|3928957108931|3929110622009|153513078|1585926174|00414193
openmpi-master|3929317936749|3929454760418|136823669|1585926174|00351839
openmpi-master|3929742045901|3929893864995|151819094|1585926175|00429622
openmpi-master|3930184887456|3930322022279|137134823|1585926175|00434156
openmpi-master|3930579985109|3930726492859|146507750|1585926175|00395748
openmpi-master|3930994450048|3931145708786|151258738|1585926176|00419953
openmpi-master|3931358432320|3931499624476|141192156|1585926176|00363938
openmpi-master|3931770347469|3931914290408|143942939|1585926177|00411847
openmpi-master|3932153286911|3932296407487|143120576|1585926177|00371769
openmpi-master|3932507998637|3932657119206|149120569|1585926177|00367928
openmpi-master|3932964904330|3933117910903|153006573|1585926178|00455896
openmpi-master|3933338351536|3933479995224|141643688|1585926178|00375927
openmpi-master|3933730612557|3933893560478|162947921|1585926179|00403854
openmpi-master|3934223008777|3934379994932|156986155|1585926179|00488019
openmpi-master|3934634130718|3934777173580|143042862|1585926180|00392597
openmpi-master|3935076875767|3935224244268|147368501|1585926180|00439474
openmpi-master|3935438690707|3935594388828|155698121|1585926180|00383289
openmpi-master|3935824318082|3935958014616|133696534|1585926181|00363946
openmpi-master|3936268256370|3936448957367|180700997|1585926181|00487781
openmpi-master|3936738012415|3936895736206|157723791|1585926182|00455906
openmpi-master|3937229969787|3937396364883|166395096|1585926182|00480531
openmpi-master|3937654179072|3937803481031|149301959|1585926183|00421321
openmpi-master|3938127058668|3938317585224|190526556|1585926183|00501718
openmpi-master|3938585769209|3938749745997|163976788|1585926184|00440003
openmpi-master|3939062082363|3939219829533|157747170|1585926184|00475648
openmpi-master|3939470680339|3939669466010|198785671|1585926184|00443955
openmpi-master|3939934651336|3940087450666|152799330|1585926185|00423854
openmpi-master|3940386941552|3940554999194|168057642|1585926185|00465495
openmpi-master|3940771999933|3940933068305|161068372|1585926186|00370186
openmpi-master|3941154762774|3941316719401|161956627|1585926186|00387917
openmpi-master|3941589064195|3941723363143|134298948|1585926186|00409329
openmpi-master|3941960377757|3942104317510|143939753|1585926187|00367170
openmpi-master|3942386497103|3942536600903|150103800|1585926187|00433198
openmpi-master|3942766505326|3942913173327|146668001|1585926188|00385698
openmpi-master|3943109778797|3943246265547|136486750|1585926188|00329677
openmpi-master|3943534188157|3943682727124|148538967|1585926188|00446066
openmpi-master|3943882613835|3944029390605|146776770|1585926189|00329476
openmpi-master|3944203755624|3944346108231|142352607|1585926189|00330408
openmpi-master|3944662145875|3944809545344|147399469|1585926190|00459311
openmpi-master|3944991734051|3945147278881|155544830|1585926190|00344343
openmpi-master|3945493176178|3945631981599|138805421|1585926190|00485084
openmpi-master|3945825362482|3945966159447|140796965|1585926191|00330754
openmpi-master|3946323301804|3946468962988|145661184|1585926191|00489868
openmpi-master|3946651903302|3946779607646|127704344|1585926192|00326975
openmpi-master|3947099286164|3947241006205|141720041|1585926192|00443994
openmpi-master|3947423902808|3947559608108|135705300|1585926192|00334479
openmpi-master|3947782023614|3947923246288|141222674|1585926193|00363930
openmpi-master|3948210208941|3948359664311|149455370|1585926193|00427904
openmpi-master|3948564492129|3948700836109|136343980|1585926193|00335799
openmpi-master|3949004070217|3949130955373|126885156|1585926194|00437748
openmpi-master|3949333791848|3949459331187|125539339|1585926194|00330070
openmpi-master|3949678314265|3949821357318|143043053|1585926195|00351934
openmpi-master|3950113776867|3950256619227|142842360|1585926195|00432568
openmpi-master|3950435899083|3950594469826|158570743|1585926195|00345351
openmpi-master|3950912080626|3951042577497|130496871|1585926196|00451344
openmpi-master|3951244580508|3951389247770|144667262|1585926196|00338569
openmpi-master|3951644840173|3951792959344|148119171|1585926197|00403350
openmpi-master|3952013969036|3952158215892|144246856|1585926197|00367819
openmpi-master|3952355647795|3952494117510|138469715|1585926197|00344061
openmpi-master|3952755423589|3952899027314|143603725|1585926198|00403813
openmpi-master|3953112512413|3953238793481|126281068|1585926198|00334347
openmpi-master|3953453707867|3953592435636|138727769|1585926198|00349316
openmpi-master|3953866246263|3954013872147|147625884|1585926199|00427832
openmpi-master|3954215715279|3954364278903|148563624|1585926199|00344012
openmpi-master|3954572687402|3954718886449|146199047|1585926199|00364012
openmpi-master|3955017676624|3955157061775|139385151|1585926200|00432822
openmpi-master|3955390188714|3955530820931|140632217|1585926200|00378801
openmpi-master|3955790204464|3955930899899|140695435|1585926201|00400023
