1585588924-0010-000|1582862522070948|1582862625738192|103667244|1585588924|00139259
1585588924-0010-000|1582862924197155|1582863056615852|132418697|1585588924|00322505
1585588924-0010-000|1582863342217737|1582863457594097|115376360|1585588925|00306707
1585588924-0010-000|1582863759021233|1582863909869596|150848363|1585588925|00355844
1585588924-0010-000|1582864111238917|1582864254762563|143523646|1585588925|00239783
1585588924-0010-000|1582864426413920|1582864558858869|132444949|1585588926|00212702
1585588924-0010-000|1582864871588276|1582865028430078|156841802|1585588926|00355716
1585588924-0010-000|1582865209701622|1582865346083892|136382270|1585588927|00227053
1585588924-0010-000|1582865646601992|1582865797443140|150841148|1585588927|00345961
1585588924-0010-000|1582865975252594|1582866111856165|136603571|1585588927|00221843
1585588924-0010-000|1582866332101928|1582866461694866|129592938|1585588928|00243629
1585588924-0010-000|1582866749414907|1582866893490075|144075168|1585588928|00331850
1585588924-0010-000|1582867221575232|1582867353808125|132232893|1585588929|00357679
1585588924-0010-000|1582867534177766|1582867672787061|138609295|1585588929|00216662
1585588924-0010-000|1582867866731732|1582868015726739|148995007|1585588929|00257873
1585588924-0010-000|1582868260326484|1582868393931870|133605386|1585588930|00267111
1585588924-0010-000|1582868659757094|1582868808481456|148724362|1585588930|00308830
1585588924-0010-000|1582868994503814|1582869145632400|151128586|1585588930|00242745
1585588924-0010-000|1582869451950544|1582869596341360|144390816|1585588931|00344876
1585588924-0010-000|1582869780307895|1582869921626410|141318515|1585588931|00230759
1585588924-0010-000|1582870194874611|1582870330481464|135606853|1585588932|00311134
1585588924-0010-000|1582870569319917|1582870714015588|144695671|1585588932|00280519
1585588924-0010-000|1582870891586213|1582871039942673|148356460|1585588932|00228058
1585588924-0010-000|1582871315575606|1582871461378291|145802685|1585588933|00319563
1585588924-0010-000|1582871681473098|1582871817095083|135621985|1585588933|00251834
1585588924-0010-000|1582872006041817|1582872137306724|131264907|1585588933|00234168
1585588924-0010-000|1582872444888721|1582872571790755|126902034|1585588934|00333621
1585588924-0010-000|1582872783103768|1582872933147266|150043498|1585588934|00251725
1585588924-0010-000|1582873118449105|1582873266934221|148485116|1585588934|00239954
1585588924-0010-000|1582873578623411|1582873731856702|153233291|1585588935|00351716
1585588924-0010-000|1582873906152716|1582874056576446|150423730|1585588935|00227819
1585588924-0010-000|1582874376840228|1582874510504013|133663785|1585588936|00355039
1585588924-0010-000|1582874682401626|1582874817659304|135257678|1585588936|00214611
1585588924-0010-000|1582875007418750|1582875153124232|145705482|1585588936|00225852
1585588924-0010-000|1582875465936636|1582875598076099|132139463|1585588937|00355811
1585588924-0010-000|1582875812067915|1582875950390042|138322127|1585588937|00251845
1585588924-0010-000|1582876251047980|1582876402785222|151737242|1585588938|00351825
1585588924-0010-000|1582876655062803|1582876798043909|142981106|1585588938|00295866
1585588924-0010-000|1582877055690556|1582877194455507|138764951|1585588938|00291817
1585588924-0010-000|1582877422640352|1582877562090562|139450210|1585588939|00271777
1585588924-0010-000|1582877837664780|1582877979292739|141627959|1585588939|00309868
1585588924-0010-000|1582878265456390|1582878405901385|140444995|1585588940|00329853
1585588924-0010-000|1582878633987466|1582878781948762|147961296|1585588940|00278219
1585588924-0010-000|1582879086758291|1582879215990137|129231846|1585588940|00336509
1585588924-0010-000|1582879429852561|1582879571380094|141527533|1585588941|00244739
1585588924-0010-000|1582879745931526|1582879886778691|140847165|1585588941|00223834
1585588924-0010-000|1582880145623410|1582880286651251|141027841|1585588942|00303791
1585588924-0010-000|1582880523205877|1582880668920832|145714955|1585588942|00268013
1585588924-0010-000|1582880855851643|1582880995086891|139235248|1585588942|00235657
1585588924-0010-000|1582881291761623|1582881442153673|150392050|1585588943|00335743
1585588924-0010-000|1582881635909173|1582881779481833|143572660|1585588943|00251902
1585588924-0010-000|1582881965944386|1582882109102449|143158063|1585588943|00214071
1585588924-0010-000|1582882429528739|1582882560276729|130747990|1585588944|00349933
1585588924-0010-000|1582882741743896|1582882884962413|143218517|1585588944|00227393
1585588924-0010-000|1582883205606961|1582883341848780|136241819|1585588945|00360739
1585588924-0010-000|1582883534235647|1582883674140047|139904400|1585588945|00238972
1585588924-0010-000|1582883994031498|1582884130777959|136746461|1585588945|00351768
1585588924-0010-000|1582884326791583|1582884478494250|151702667|1585588946|00245255
1585588924-0010-000|1582884780881790|1582884911710125|130828335|1585588946|00342599
1585588924-0010-000|1582885103313204|1582885246094215|142781011|1585588946|00227759
1585588924-0010-000|1582885430169372|1582885576413797|146244425|1585588947|00223741
1585588924-0010-000|1582885899756514|1582886081120838|181364324|1585588947|00407901
1585588924-0010-000|1582886292730697|1582886433728431|140997734|1585588948|00255891
1585588924-0010-000|1582886747188565|1582886895360206|148171641|1585588948|00362457
1585588924-0010-000|1582887113208523|1582887262570450|149361927|1585588948|00265788
1585588924-0010-000|1582887563995249|1582887703707652|139712403|1585588949|00347109
1585588924-0010-000|1582887911206544|1582888064641870|153435326|1585588949|00244635
1585588924-0010-000|1582888367646543|1582888507715811|140069268|1585588950|00356628
1585588924-0010-000|1582888707050021|1582888854995188|147945167|1585588950|00246261
1585588924-0010-000|1582889080093343|1582889228176126|148082783|1585588950|00260321
1585588924-0010-000|1582889503096029|1582889653743118|150647089|1585588951|00331336
1585588924-0010-000|1582889851386257|1582889979834349|128448092|1585588951|00239979
1585588924-0010-000|1582890207913646|1582890355020775|147107129|1585588952|00267711
1585588924-0010-000|1582890648070056|1582890792426896|144356840|1585588952|00327717
1585588924-0010-000|1582890979823593|1582891107233502|127409909|1585588952|00229964
1585588924-0010-000|1582891429057694|1582891562158288|133100594|1585588953|00345086
1585588924-0010-000|1582891743438756|1582891887283280|143844524|1585588953|00228468
1585588924-0010-000|1582892155937588|1582892291330907|135393319|1585588954|00303854
1585588924-0010-000|1582892544491951|1582892693288251|148796300|1585588954|00295825
1585588924-0010-000|1582892969512285|1582893113742244|144229959|1585588954|00323686
1585588924-0010-000|1582893351366789|1582893497008874|145642085|1585588955|00277017
1585588924-0010-000|1582893675384339|1582893825737514|150353175|1585588955|00230910
1585588924-0010-000|1582894011430415|1582894164274964|152844549|1585588955|00232049
1585588924-0010-000|1582894473521267|1582894612315017|138793750|1585588956|00347884
1585588924-0010-000|1582894804109520|1582894940722263|136612743|1585588956|00228213
1585588924-0010-000|1582895238610353|1582895381267763|142657410|1585588957|00345690
1585588924-0010-000|1582895558026886|1582895707682882|149655996|1585588957|00233097
1585588924-0010-000|1582895919527548|1582896069249400|149721852|1585588957|00251776
1585588924-0010-000|1582896399275843|1582896543632379|144356536|1585588958|00380944
1585588924-0010-000|1582896730479726|1582896873657474|143177748|1585588958|00222995
1585588924-0010-000|1582897076130884|1582897220692672|144561788|1585588958|00248353
1585588924-0010-000|1582897398986012|1582897539940303|140954291|1585588959|00223116
1585588924-0010-000|1582897865432827|1582898021581533|156148706|1585588959|00379773
1585588924-0010-000|1582898209857023|1582898350271427|140414404|1585588960|00222113
1585588924-0010-000|1582898511772602|1582898654603935|142831333|1585588960|00217532
1585588924-0010-000|1582898985511166|1582899118897962|133386796|1585588960|00357060
1585588924-0010-000|1582899286968420|1582899428155120|141186700|1585588961|00207304
1585588924-0010-000|1582899748834829|1582899879608731|130773902|1585588961|00355973
1585588924-0010-000|1582900050402200|1582900191878528|141476328|1585588961|00203930
1585588924-0010-000|1582900357973789|1582900487090858|129117069|1585588962|00206829
