1585574293-0006-000|1568233113277077|1568233237568455|124291378|1585574294|01313431
1585574293-0006-000|1568234713443763|1568234860998760|147554997|1585574296|01614885
1585574293-0006-000|1568236300127620|1568236427159808|127032188|1585574298|01585195
1585574293-0006-000|1568237908617132|1568238039391807|130774675|1585574299|01602557
1585574293-0006-000|1568239537940850|1568239682224715|144283865|1585574301|01641164
1585574293-0006-000|1568241208241267|1568241365620676|157379409|1585574303|01674631
1585574293-0006-000|1568242902475265|1568243057187693|154712428|1585574304|01691831
1585574293-0006-000|1568244550743742|1568244704877821|154134079|1585574306|01651884
1585574293-0006-000|1568246165799540|1568246291741273|125941733|1585574308|01595912
1585574293-0006-000|1568247820487085|1568247954565512|134078427|1585574309|01651831
1585574293-0006-000|1568249507101782|1568249631059042|123957260|1585574311|01687845
1585574293-0006-000|1568251180535716|1568251321469090|140933374|1585574313|01679929
1585574293-0006-000|1568252802413324|1568252946495158|144081834|1585574314|01619838
1585574293-0006-000|1568254527769229|1568254659476971|131707742|1585574316|01727909
1585574293-0006-000|1568256178664994|1568256310323409|131658415|1585574318|01649754
1585574293-0006-000|1568257789777297|1568257927693030|137915733|1585574319|01606090
1585574293-0006-000|1568259383008832|1568259532440756|149431924|1585574321|01606038
1585574293-0006-000|1568261046055042|1568261189708278|143653236|1585574322|01655646
1585574293-0006-000|1568262658121104|1568262800345892|142224788|1585574324|01606316
1585574293-0006-000|1568264215273873|1568264369846240|154572367|1585574326|01576300
1585574293-0006-000|1568265846499089|1568265993395084|146895995|1585574327|01618988
1585574293-0006-000|1568267498496139|1568267645596070|147099931|1585574329|01655870
1585574293-0006-000|1568269118797936|1568269270692128|151894192|1585574330|01627541
1585574293-0006-000|1568270769936312|1568270908295680|138359368|1585574332|01628666
1585574293-0006-000|1568272377152084|1568272516568484|139416400|1585574334|01608213
1585574293-0006-000|1568273947812442|1568274097528871|149716429|1585574335|01589484
1585574293-0006-000|1568275526856700|1568275682947899|156091199|1585574337|01586385
1585574293-0006-000|1568277157151056|1568277289006259|131855203|1585574339|01599638
1585574293-0006-000|1568278785828513|1568278925164586|139336073|1585574340|01639237
1585574293-0006-000|1568280449157480|1568280605375228|156217748|1585574342|01679925
1585574293-0006-000|1568282251510130|1568282428755372|177245242|1585574344|01819868
1585574293-0006-000|1568283938286273|1568284074104373|135818100|1585574345|01659933
1585574293-0006-000|1568285623811140|1568285780563979|156752839|1585574347|01688691
1585574293-0006-000|1568287240439146|1568287399828199|159389053|1585574349|01635390
1585574293-0006-000|1568288956827590|1568289078944415|122116825|1585574350|01679566
1585574293-0006-000|1568290634941448|1568290786218472|151277024|1585574352|01699855
1585574293-0006-000|1568292354114467|1568292486833361|132718894|1585574354|01702840
1585574293-0006-000|1568293960874885|1568294093987225|133112340|1585574355|01600904
1585574293-0006-000|1568295624471851|1568295774769291|150297440|1585574357|01686251
1585574293-0006-000|1568297222591327|1568297367963983|145372656|1585574359|01597524
1585574293-0006-000|1568298826384855|1568298966883645|140498790|1585574360|01595844
1585574293-0006-000|1568300510143525|1568300653833849|143690324|1585574362|01683944
1585574293-0006-000|1568302118176636|1568302265540027|147363391|1585574363|01603045
1585574293-0006-000|1568303752337250|1568303893670896|141333646|1585574365|01628678
1585574293-0006-000|1568305346189685|1568305536300630|190110945|1585574367|01641864
1585574293-0006-000|1568307063519628|1568307213831461|150311833|1585574368|01677966
1585574293-0006-000|1568308676417606|1568308814210213|137792607|1585574370|01611848
1585574293-0006-000|1568310306302483|1568310457101537|150799054|1585574372|01629127
1585574293-0006-000|1568311925714382|1568312051417495|125703113|1585574373|01614680
1585574293-0006-000|1568313519726594|1568313663675051|143948457|1585574375|01603795
1585574293-0006-000|1568315138799547|1568315279541863|140742316|1585574377|01615909
1585574293-0006-000|1568316807456666|1568316976778907|169322241|1585574378|01687887
1585574293-0006-000|1568318488994061|1568318630357986|141363925|1585574380|01659985
1585574293-0006-000|1568320149238226|1568320278789577|129551351|1585574382|01655923
1585574293-0006-000|1568321874331348|1568322015467186|141135838|1585574383|01731859
1585574293-0006-000|1568323522199508|1568323666818679|144619171|1585574385|01651902
1585574293-0006-000|1568325236663323|1568325374043075|137379752|1585574387|01695808
1585574293-0006-000|1568326898121402|1568327068136088|170014686|1585574388|01695826
1585574293-0006-000|1568328635602388|1568328782765665|147163277|1585574390|01727932
1585574293-0006-000|1568330313141157|1568330446851750|133710593|1585574392|01656920
1585574293-0006-000|1568331930572082|1568332066898215|136326133|1585574393|01625523
1585574293-0006-000|1568333610399789|1568333746802994|136403205|1585574395|01673269
1585574293-0006-000|1568335241381253|1568335389646174|148264921|1585574397|01643842
1585574293-0006-000|1568336841994840|1568336984748360|142753520|1585574398|01584825
1585574293-0006-000|1568338483158889|1568338675022253|191863364|1585574400|01694911
1585574293-0006-000|1568340316556755|1568340474582500|158025745|1585574402|01805458
1585574293-0006-000|1568342178399154|1568342333627411|155228257|1585574404|01848083
1585574293-0006-000|1568343959271918|1568344126854850|167582932|1585574405|01800441
1585574293-0006-000|1568345801735728|1568345975211476|173475748|1585574407|01853123
1585574293-0006-000|1568347561954888|1568347713523300|151568412|1585574409|01732300
1585574293-0006-000|1568349420172877|1568349568367771|148194894|1585574411|01848657
1585574293-0006-000|1568351094498149|1568351242314235|147816086|1585574412|01682210
1585574293-0006-000|1568352789283192|1568352925421953|136138761|1585574414|01677539
1585574293-0006-000|1568354400519751|1568354569529181|169009430|1585574416|01642982
1585574293-0006-000|1568356055912152|1568356205780432|149868280|1585574417|01636020
1585574293-0006-000|1568357712464773|1568357842356510|129891737|1585574419|01647880
1585574293-0006-000|1568359273818362|1568359420866583|147048221|1585574421|01565967
1585574293-0006-000|1568360883352381|1568361011791650|128439269|1585574422|01604386
1585574293-0006-000|1568362457574728|1568362592659642|135084914|1585574424|01566813
1585574293-0006-000|1568364022901147|1568364166554136|143652989|1585574425|01574218
1585574293-0006-000|1568365678474713|1568365821497132|143022419|1585574427|01657665
1585574293-0006-000|1568367279654202|1568367438758471|159104269|1585574429|01630219
1585574293-0006-000|1568369016297785|1568369153068476|136770691|1585574430|01697131
1585574293-0006-000|1568370678897052|1568370819456063|140559011|1585574432|01679448
1585574293-0006-000|1568372294963185|1568372435405274|140442089|1585574434|01623380
1585574293-0006-000|1568374048410317|1568374185667154|137256837|1585574435|01739449
1585574293-0006-000|1568375737454142|1568375879006613|141552471|1585574437|01691914
1585574293-0006-000|1568377441996552|1568377582220558|140224006|1585574439|01700779
1585574293-0006-000|1568379090392606|1568379252662752|162270146|1585574440|01670906
1585574293-0006-000|1568380742906764|1568380905941776|163035012|1585574442|01659981
1585574293-0006-000|1568382438082226|1568382582211026|144128800|1585574444|01675879
1585574293-0006-000|1568384062714709|1568384224944781|162230072|1585574445|01631791
1585574293-0006-000|1568385736662092|1568385884218550|147556458|1585574447|01656422
1585574293-0006-000|1568387335143259|1568387485001422|149858163|1585574449|01607397
1585574293-0006-000|1568388984531915|1568389128858948|144327033|1585574450|01639931
1585574293-0006-000|1568390655643554|1568390813530479|157886925|1585574452|01683791
1585574293-0006-000|1568392394315381|1568392540361970|146046589|1585574454|01724432
1585574293-0006-000|1568394041701447|1568394181558195|139856748|1585574455|01647362
1585574293-0006-000|1568395785567673|1568395922879308|137311635|1585574457|01746742
1585574293-0006-000|1568397387887691|1568397527629675|139741984|1585574459|01601417
