1585574293-0049-000|1568232599004076|1568232710512450|111508374|1585574294|00799598
1585574293-0049-000|1568234223650475|1568234359526979|135876504|1585574296|01663211
1585574293-0049-000|1568235814516811|1568235956697579|142180768|1585574297|01583486
1585574293-0049-000|1568237417760788|1568237562254194|144493406|1585574299|01603657
1585574293-0049-000|1568239038433118|1568239174940556|136507438|1585574300|01624457
1585574293-0049-000|1568240685896870|1568240833006672|147109802|1585574302|01648772
1585574293-0049-000|1568242348256729|1568242479621725|131364996|1585574304|01666933
1585574293-0049-000|1568244002548503|1568244142345392|139796889|1585574305|01651833
1585574293-0049-000|1568245641374235|1568245775094995|133720760|1585574307|01633420
1585574293-0049-000|1568247254883073|1568247416523306|161640233|1585574309|01627258
1585574293-0049-000|1568248934345608|1568249082047186|147701578|1585574310|01671146
1585574293-0049-000|1568250654645776|1568250795307454|140661678|1585574312|01723793
1585574293-0049-000|1568252315886144|1568252474233363|158347219|1585574314|01672742
1585574293-0049-000|1568253964649008|1568254114828535|150179527|1585574315|01638837
1585574293-0049-000|1568255671084679|1568255822718827|151634148|1585574317|01707245
1585574293-0049-000|1568257305496289|1568257451315627|145819338|1585574319|01628588
1585574293-0049-000|1568258898410863|1568259040981636|142570773|1585574320|01581955
1585574293-0049-000|1568260569778729|1568260720770725|150991996|1585574322|01678766
1585574293-0049-000|1568262163072617|1568262324645834|161573217|1585574324|01606856
1585574293-0049-000|1568263745753437|1568263898031633|152278196|1585574325|01571887
1585574293-0049-000|1568265365945524|1568265508393347|142447823|1585574327|01611913
1585574293-0049-000|1568266966043740|1568267145308518|179264778|1585574328|01634813
1585574293-0049-000|1568268634376464|1568268771725939|137349475|1585574330|01636986
1585574293-0049-000|1568270281542146|1568270424653422|143111276|1585574332|01643872
1585574293-0049-000|1568271916785801|1568272051934549|135148748|1585574333|01624850
1585574293-0049-000|1568273479531932|1568273625675342|146143410|1585574335|01579622
1585574293-0049-000|1568275065353581|1568275194007721|128654140|1585574336|01572355
1585574293-0049-000|1568276674546804|1568276821099775|146552971|1585574338|01617209
1585574293-0049-000|1568278278122517|1568278438050183|159927666|1585574340|01633284
1585574293-0049-000|1568280000855260|1568280148820716|147965456|1585574341|01693132
1585574293-0049-000|1568281782677362|1568281950621368|167944006|1585574343|01818774
1585574293-0049-000|1568283566897572|1568283715986968|149089396|1585574345|01747882
1585574293-0049-000|1568285187294769|1568285342248705|154953936|1585574347|01635661
1585574293-0049-000|1568286830201376|1568286978092261|147890885|1585574348|01632899
1585574293-0049-000|1568288543981388|1568288682536216|138554828|1585574350|01710972
1585574293-0049-000|1568290166358808|1568290329798086|163439278|1585574352|01639785
1585574293-0049-000|1568291822683166|1568291962224492|139541326|1585574353|01637961
1585574293-0049-000|1568293455164313|1568293599238251|144073938|1585574355|01637765
1585574293-0049-000|1568295143117699|1568295296779936|153662237|1585574357|01684886
1585574293-0049-000|1568296765584920|1568296902165796|136580876|1585574358|01614886
1585574293-0049-000|1568298344548047|1568298467221500|122673453|1585574360|01577400
1585574293-0049-000|1568300013369856|1568300176188910|162819054|1585574361|01686626
1585574293-0049-000|1568301660197799|1568301808041881|147844082|1585574363|01631752
1585574293-0049-000|1568303242435241|1568303394202115|151766874|1585574365|01591757
1585574293-0049-000|1568304859864986|1568304998426891|138561905|1585574366|01605946
1585574293-0049-000|1568306564316570|1568306700282852|135966282|1585574368|01697907
1585574293-0049-000|1568308183827786|1568308326498863|142671077|1585574370|01631808
1585574293-0049-000|1568309813022612|1568309955966943|142944331|1585574371|01632086
1585574293-0049-000|1568311447594761|1568311575734997|128140236|1585574373|01623633
1585574293-0049-000|1568313026636625|1568313180528213|153891588|1585574374|01593579
1585574293-0049-000|1568314623567093|1568314761880922|138313829|1585574376|01589558
1585574293-0049-000|1568316230957015|1568316400993031|170036016|1585574378|01625719
1585574293-0049-000|1568317930698058|1568318082406160|151708102|1585574379|01686758
1585574293-0049-000|1568319558511826|1568319710464135|151952309|1585574381|01635841
1585574293-0049-000|1568321252732033|1568321395061688|142329655|1585574383|01683896
1585574293-0049-000|1568322906487583|1568323058291903|151804320|1585574384|01651272
1585574293-0049-000|1568324594324008|1568324740486259|146162251|1585574386|01684476
1585574293-0049-000|1568326246310599|1568326379492649|133182050|1585574388|01651917
1585574293-0049-000|1568327999529364|1568328152720875|153191511|1585574389|01758496
1585574293-0049-000|1568329665840590|1568329809543204|143702614|1585574391|01657305
1585574293-0049-000|1568331284962411|1568331430836830|145874419|1585574393|01627788
1585574293-0049-000|1568332961262597|1568333091426492|130163895|1585574394|01668027
1585574293-0049-000|1568334626552357|1568334784310654|157758297|1585574396|01676307
1585574293-0049-000|1568336218567347|1568336359702805|141135458|1585574398|01588269
1585574293-0049-000|1568337852982592|1568337989461514|136478922|1585574399|01618850
1585574293-0049-000|1568339529461259|1568339702048504|172587245|1585574401|01720005
1585574293-0049-000|1568341450716997|1568341598811421|148094424|1585574403|01897929
1585574293-0049-000|1568343203600181|1568343371013144|167412963|1585574405|01777702
1585574293-0049-000|1568344987039523|1568345146932460|159892937|1585574406|01777645
1585574293-0049-000|1568346899880509|1568347057195124|157314615|1585574408|01891355
1585574293-0049-000|1568348736935086|1568348876984625|140049539|1585574410|01824421
1585574293-0049-000|1568350453841198|1568350590696521|136855323|1585574412|01725037
1585574293-0049-000|1568352107518478|1568352246689262|139170784|1585574413|01651270
1585574293-0049-000|1568353746076109|1568353890984604|144908495|1585574415|01642025
1585574293-0049-000|1568355441035537|1568355577238495|136202958|1585574417|01687475
1585574293-0049-000|1568357070256265|1568357213431531|143175266|1585574418|01629293
1585574293-0049-000|1568358664117972|1568358787016217|122898245|1585574420|01582158
1585574293-0049-000|1568360231808239|1568360402553994|170745755|1585574422|01620101
1585574293-0049-000|1568361856660236|1568361995051751|138391515|1585574423|01583845
1585574293-0049-000|1568363443959442|1568363588124853|144165411|1585574425|01587791
1585574293-0049-000|1568365096263379|1568365244346540|148083161|1585574426|01655990
1585574293-0049-000|1568366743943788|1568366896693197|152749409|1585574428|01648941
1585574293-0049-000|1568368428120107|1568368605613531|177493424|1585574430|01708762
1585574293-0049-000|1568370145802581|1568370293506714|147704133|1585574432|01694281
1585574293-0049-000|1568371783935588|1568371937163554|153227966|1585574433|01637023
1585574293-0049-000|1568373538597891|1568373685453539|146855648|1585574435|01753035
1585574293-0049-000|1568375186531928|1568375334464101|147932173|1585574437|01653365
1585574293-0049-000|1568376870612945|1568377024355943|153742998|1585574438|01683751
1585574293-0049-000|1568378571917272|1568378703796443|131879171|1585574440|01692005
1585574293-0049-000|1568380249367920|1568380396333601|146965681|1585574442|01680934
1585574293-0049-000|1568381907430546|1568382065175640|157745094|1585574443|01665991
1585574293-0049-000|1568383533436740|1568383676172127|142735387|1585574445|01608985
1585574293-0049-000|1568385154674525|1568385298189427|143514902|1585574447|01628535
1585574293-0049-000|1568386762423989|1568386917201566|154777577|1585574448|01613149
1585574293-0049-000|1568388362704531|1568388506874392|144169861|1585574450|01595027
1585574293-0049-000|1568390042235953|1568390183293411|141057458|1585574451|01680005
1585574293-0049-000|1568391670201229|1568391820753094|150551865|1585574453|01629273
1585574293-0049-000|1568393398215319|1568393546571709|148356390|1585574455|01730469
1585574293-0049-000|1568395060324976|1568395223338271|163013295|1585574456|01686198
1585574293-0049-000|1568396769838539|1568396903618565|133780026|1585574458|01671832
