1585592848-0001-000|8102832394722|8102946157326|113762604|1585592849|00927658
1585592848-0001-000|8102832394722|8102946157326|113762604|1585592849|00001387
1585592848-0001-000|8102832394722|8102946157326|113762604|1585592849|00001282
1585592848-0001-000|8102832394722|8102946157326|113762604|1585592849|00001066
1585592848-0001-000|8102832394722|8102946157326|113762604|1585592849|00001103
1585592848-0001-000|8102832394722|8102946157326|113762604|1585592849|00001065
1585592848-0001-000|8102832394722|8102946157326|113762604|1585592849|00001214
1585592848-0001-000|8102832394722|8102946157326|113762604|1585592849|00001180
1585592848-0001-000|8102832394722|8102946157326|113762604|1585592849|00001166
1585592848-0001-000|8102832394722|8102946157326|113762604|1585592849|00001144
1585592848-0001-000|8102832394722|8102946157326|113762604|1585592849|00001115
1585592848-0001-000|8102832394722|8102946157326|113762604|1585592849|00001281
1585592848-0001-000|8102832394722|8102946157326|113762604|1585592849|00001155
1585592848-0001-000|8102832394722|8102946157326|113762604|1585592849|00000985
1585592848-0001-000|8102832394722|8102946157326|113762604|1585592849|00001118
1585592848-0001-000|8102832394722|8102946157326|113762604|1585592849|00001147
1585592848-0001-000|8102832394722|8102946157326|113762604|1585592849|00001057
1585592848-0001-000|8102832394722|8102946157326|113762604|1585592849|00001058
1585592848-0001-000|8102832394722|8102946157326|113762604|1585592849|00001012
1585592848-0001-000|8102832394722|8102946157326|113762604|1585592849|00001012
1585592848-0001-000|8102832394722|8102946157326|113762604|1585592849|00000990
1585592848-0001-000|8102832394722|8102946157326|113762604|1585592849|00000836
1585592848-0001-000|8102832394722|8102946157326|113762604|1585592849|00001224
1585592848-0001-000|8102832394722|8102946157326|113762604|1585592849|00001431
1585592848-0001-000|8102832394722|8102946157326|113762604|1585592849|00001123
1585592848-0001-000|8102832394722|8102946157326|113762604|1585592849|00001051
1585592848-0001-000|8102832394722|8102946157326|113762604|1585592849|00000885
1585592848-0001-000|8102832394722|8102946157326|113762604|1585592849|00001290
1585592848-0001-000|8102832394722|8102946157326|113762604|1585592849|00001009
1585592848-0001-000|8102832394722|8102946157326|113762604|1585592849|00001142
1585592848-0001-000|8102832394722|8102946157326|113762604|1585592849|00001138
1585592848-0001-000|8102832394722|8102946157326|113762604|1585592849|00001168
1585592848-0001-000|8102832394722|8102946157326|113762604|1585592849|00001027
1585592848-0001-000|8102832394722|8102946157326|113762604|1585592849|00001262
1585592848-0001-000|8102832394722|8102946157326|113762604|1585592849|00000909
1585592848-0001-000|8102832394722|8102946157326|113762604|1585592849|00001100
1585592848-0001-000|8102832394722|8102946157326|113762604|1585592849|00001196
1585592848-0001-000|8102832394722|8102946157326|113762604|1585592849|00001227
1585592848-0001-000|8102832394722|8102946157326|113762604|1585592849|00000971
1585592848-0001-000|8102832394722|8102946157326|113762604|1585592849|00001027
1585592848-0001-000|8102832394722|8102946157326|113762604|1585592849|00001048
1585592848-0001-000|8102832394722|8102946157326|113762604|1585592849|00001315
1585592848-0001-000|8102832394722|8102946157326|113762604|1585592849|00001106
1585592848-0001-000|8102832394722|8102946157326|113762604|1585592849|00001278
1585592848-0001-000|8102832394722|8102946157326|113762604|1585592849|00001111
1585592848-0001-000|8102832394722|8102946157326|113762604|1585592849|00001041
1585592848-0001-000|8102832394722|8102946157326|113762604|1585592849|00000952
1585592848-0001-000|8102832394722|8102946157326|113762604|1585592849|00001295
1585592848-0001-000|8102832394722|8102946157326|113762604|1585592849|00000982
1585592848-0001-000|8102832394722|8102946157326|113762604|1585592849|00001300
1585592848-0001-000|8102832394722|8102946157326|113762604|1585592849|00001134
1585592848-0001-000|8102832394722|8102946157326|113762604|1585592849|00000919
1585592848-0001-000|8102832394722|8102946157326|113762604|1585592849|00000960
1585592848-0001-000|8102832394722|8102946157326|113762604|1585592849|00001137
1585592848-0001-000|8102832394722|8102946157326|113762604|1585592849|00001227
1585592848-0001-000|8102832394722|8102946157326|113762604|1585592849|00001018
1585592848-0001-000|8102832394722|8102946157326|113762604|1585592849|00000930
1585592848-0001-000|8102832394722|8102946157326|113762604|1585592849|00001045
1585592848-0001-000|8102832394722|8102946157326|113762604|1585592849|00000996
1585592848-0001-000|8102832394722|8102946157326|113762604|1585592849|00001116
1585592848-0001-000|8102832394722|8102946157326|113762604|1585592849|00001047
1585592848-0001-000|8102832394722|8102946157326|113762604|1585592849|00000994
1585592848-0001-000|8102832394722|8102946157326|113762604|1585592849|00001145
1585592848-0001-000|8102832394722|8102946157326|113762604|1585592849|00000911
1585592848-0001-000|8102832394722|8102946157326|113762604|1585592849|00001030
1585592848-0001-000|8102832394722|8102946157326|113762604|1585592849|00001074
1585592848-0001-000|8102832394722|8102946157326|113762604|1585592849|00000996
1585592848-0001-000|8102832394722|8102946157326|113762604|1585592849|00000891
1585592848-0001-000|8102832394722|8102946157326|113762604|1585592849|00001034
1585592848-0001-000|8102832394722|8102946157326|113762604|1585592849|00001115
1585592848-0001-000|8102832394722|8102946157326|113762604|1585592849|00001091
1585592848-0001-000|8102832394722|8102946157326|113762604|1585592849|00001034
1585592848-0001-000|8102832394722|8102946157326|113762604|1585592849|00000948
1585592848-0001-000|8102832394722|8102946157326|113762604|1585592849|00001074
1585592848-0001-000|8102832394722|8102946157326|113762604|1585592849|00001115
1585592848-0001-000|8102832394722|8102946157326|113762604|1585592849|00001212
1585592848-0001-000|8102832394722|8102946157326|113762604|1585592849|00001121
1585592848-0001-000|8102832394722|8102946157326|113762604|1585592849|00001093
1585592848-0001-000|8102832394722|8102946157326|113762604|1585592849|00001089
1585592848-0001-000|8102832394722|8102946157326|113762604|1585592849|00000868
1585592848-0001-000|8102832394722|8102946157326|113762604|1585592849|00001152
1585592848-0001-000|8102832394722|8102946157326|113762604|1585592849|00001111
1585592848-0001-000|8102832394722|8102946157326|113762604|1585592849|00001366
1585592848-0001-000|8102832394722|8102946157326|113762604|1585592849|00001030
1585592848-0001-000|8102832394722|8102946157326|113762604|1585592849|00001058
1585592848-0001-000|8102832394722|8102946157326|113762604|1585592849|00001161
1585592848-0001-000|8102832394722|8102946157326|113762604|1585592849|00001013
1585592848-0001-000|8102832394722|8102946157326|113762604|1585592849|00000987
1585592848-0001-000|8102832394722|8102946157326|113762604|1585592849|00001218
1585592848-0001-000|8102832394722|8102946157326|113762604|1585592849|00000993
1585592848-0001-000|8102832394722|8102946157326|113762604|1585592849|00000863
1585592848-0001-000|8102832394722|8102946157326|113762604|1585592849|00001409
1585592848-0001-000|8102832394722|8102946157326|113762604|1585592849|00000982
1585592848-0001-000|8102832394722|8102946157326|113762604|1585592849|00001362
1585592848-0001-000|8102832394722|8102946157326|113762604|1585592849|00000937
1585592848-0001-000|8102832394722|8102946157326|113762604|1585592849|00001407
1585592848-0001-000|8102832394722|8102946157326|113762604|1585592849|00001133
1585592848-0001-000|8102832394722|8102946157326|113762604|1585592849|00001045
1585592848-0001-000|8102832394722|8102946157326|113762604|1585592849|00000984
1585592848-0001-000|8102832394722|8102946157326|113762604|1585592849|00001035
