1585592848-0016-000|8102831196073|8102943335154|112139081|1585592849|00925175
1585592848-0016-000|8102831196073|8102943335154|112139081|1585592849|00001492
1585592848-0016-000|8102831196073|8102943335154|112139081|1585592849|00001372
1585592848-0016-000|8102831196073|8102943335154|112139081|1585592849|00001143
1585592848-0016-000|8102831196073|8102943335154|112139081|1585592849|00001240
1585592848-0016-000|8102831196073|8102943335154|112139081|1585592849|00001144
1585592848-0016-000|8102831196073|8102943335154|112139081|1585592849|00001046
1585592848-0016-000|8102831196073|8102943335154|112139081|1585592849|00001157
1585592848-0016-000|8102831196073|8102943335154|112139081|1585592849|00001012
1585592848-0016-000|8102831196073|8102943335154|112139081|1585592849|00001131
1585592848-0016-000|8102831196073|8102943335154|112139081|1585592849|00001406
1585592848-0016-000|8102831196073|8102943335154|112139081|1585592849|00001151
1585592848-0016-000|8102831196073|8102943335154|112139081|1585592849|00001054
1585592848-0016-000|8102831196073|8102943335154|112139081|1585592849|00000981
1585592848-0016-000|8102831196073|8102943335154|112139081|1585592849|00001090
1585592848-0016-000|8102831196073|8102943335154|112139081|1585592849|00001102
1585592848-0016-000|8102831196073|8102943335154|112139081|1585592849|00001103
1585592848-0016-000|8102831196073|8102943335154|112139081|1585592849|00001033
1585592848-0016-000|8102831196073|8102943335154|112139081|1585592849|00000992
1585592848-0016-000|8102831196073|8102943335154|112139081|1585592849|00001002
1585592848-0016-000|8102831196073|8102943335154|112139081|1585592849|00001002
1585592848-0016-000|8102831196073|8102943335154|112139081|1585592849|00000960
1585592848-0016-000|8102831196073|8102943335154|112139081|1585592849|00000922
1585592848-0016-000|8102831196073|8102943335154|112139081|1585592849|00000982
1585592848-0016-000|8102831196073|8102943335154|112139081|1585592849|00001270
1585592848-0016-000|8102831196073|8102943335154|112139081|1585592849|00000942
1585592848-0016-000|8102831196073|8102943335154|112139081|1585592849|00001069
1585592848-0016-000|8102831196073|8102943335154|112139081|1585592849|00001236
1585592848-0016-000|8102831196073|8102943335154|112139081|1585592849|00001132
1585592848-0016-000|8102831196073|8102943335154|112139081|1585592849|00001108
1585592848-0016-000|8102831196073|8102943335154|112139081|1585592849|00001191
1585592848-0016-000|8102831196073|8102943335154|112139081|1585592849|00001009
1585592848-0016-000|8102831196073|8102943335154|112139081|1585592849|00001136
1585592848-0016-000|8102831196073|8102943335154|112139081|1585592849|00001250
1585592848-0016-000|8102831196073|8102943335154|112139081|1585592849|00001031
1585592848-0016-000|8102831196073|8102943335154|112139081|1585592849|00001115
1585592848-0016-000|8102831196073|8102943335154|112139081|1585592849|00001124
1585592848-0016-000|8102831196073|8102943335154|112139081|1585592849|00001165
1585592848-0016-000|8102831196073|8102943335154|112139081|1585592849|00001350
1585592848-0016-000|8102831196073|8102943335154|112139081|1585592849|00001192
1585592848-0016-000|8102831196073|8102943335154|112139081|1585592849|00000929
1585592848-0016-000|8102831196073|8102943335154|112139081|1585592849|00001105
1585592848-0016-000|8102831196073|8102943335154|112139081|1585592849|00000985
1585592848-0016-000|8102831196073|8102943335154|112139081|1585592849|00001237
1585592848-0016-000|8102831196073|8102943335154|112139081|1585592849|00001073
1585592848-0016-000|8102831196073|8102943335154|112139081|1585592849|00000993
1585592848-0016-000|8102831196073|8102943335154|112139081|1585592849|00001159
1585592848-0016-000|8102831196073|8102943335154|112139081|1585592849|00001169
1585592848-0016-000|8102831196073|8102943335154|112139081|1585592849|00001097
1585592848-0016-000|8102831196073|8102943335154|112139081|1585592849|00001264
1585592848-0016-000|8102831196073|8102943335154|112139081|1585592849|00001109
1585592848-0016-000|8102831196073|8102943335154|112139081|1585592849|00001000
1585592848-0016-000|8102831196073|8102943335154|112139081|1585592849|00000907
1585592848-0016-000|8102831196073|8102943335154|112139081|1585592849|00001221
1585592848-0016-000|8102831196073|8102943335154|112139081|1585592849|00001204
1585592848-0016-000|8102831196073|8102943335154|112139081|1585592849|00000979
1585592848-0016-000|8102831196073|8102943335154|112139081|1585592849|00000927
1585592848-0016-000|8102831196073|8102943335154|112139081|1585592849|00000947
1585592848-0016-000|8102831196073|8102943335154|112139081|1585592849|00001148
1585592848-0016-000|8102831196073|8102943335154|112139081|1585592849|00001048
1585592848-0016-000|8102831196073|8102943335154|112139081|1585592849|00001006
1585592848-0016-000|8102831196073|8102943335154|112139081|1585592849|00001018
1585592848-0016-000|8102831196073|8102943335154|112139081|1585592849|00000977
1585592848-0016-000|8102831196073|8102943335154|112139081|1585592849|00000927
1585592848-0016-000|8102831196073|8102943335154|112139081|1585592849|00001030
1585592848-0016-000|8102831196073|8102943335154|112139081|1585592849|00000906
1585592848-0016-000|8102831196073|8102943335154|112139081|1585592849|00001133
1585592848-0016-000|8102831196073|8102943335154|112139081|1585592849|00001083
1585592848-0016-000|8102831196073|8102943335154|112139081|1585592849|00000914
1585592848-0016-000|8102831196073|8102943335154|112139081|1585592849|00000972
1585592848-0016-000|8102831196073|8102943335154|112139081|1585592849|00001084
1585592848-0016-000|8102831196073|8102943335154|112139081|1585592849|00001127
1585592848-0016-000|8102831196073|8102943335154|112139081|1585592849|00001019
1585592848-0016-000|8102831196073|8102943335154|112139081|1585592849|00001081
1585592848-0016-000|8102831196073|8102943335154|112139081|1585592849|00000886
1585592848-0016-000|8102831196073|8102943335154|112139081|1585592849|00001251
1585592848-0016-000|8102831196073|8102943335154|112139081|1585592849|00001042
1585592848-0016-000|8102831196073|8102943335154|112139081|1585592849|00001175
1585592848-0016-000|8102831196073|8102943335154|112139081|1585592849|00001133
1585592848-0016-000|8102831196073|8102943335154|112139081|1585592849|00001146
1585592848-0016-000|8102831196073|8102943335154|112139081|1585592849|00001132
1585592848-0016-000|8102831196073|8102943335154|112139081|1585592849|00000862
1585592848-0016-000|8102831196073|8102943335154|112139081|1585592849|00001120
1585592848-0016-000|8102831196073|8102943335154|112139081|1585592849|00000925
1585592848-0016-000|8102831196073|8102943335154|112139081|1585592849|00000999
1585592848-0016-000|8102831196073|8102943335154|112139081|1585592849|00000972
1585592848-0016-000|8102831196073|8102943335154|112139081|1585592849|00001156
1585592848-0016-000|8102831196073|8102943335154|112139081|1585592849|00001010
1585592848-0016-000|8102831196073|8102943335154|112139081|1585592849|00001154
1585592848-0016-000|8102831196073|8102943335154|112139081|1585592849|00000972
1585592848-0016-000|8102831196073|8102943335154|112139081|1585592849|00001001
1585592848-0016-000|8102831196073|8102943335154|112139081|1585592849|00000951
1585592848-0016-000|8102831196073|8102943335154|112139081|1585592849|00000920
1585592848-0016-000|8102831196073|8102943335154|112139081|1585592849|00000999
1585592848-0016-000|8102831196073|8102943335154|112139081|1585592849|00001380
1585592848-0016-000|8102831196073|8102943335154|112139081|1585592849|00000902
1585592848-0016-000|8102831196073|8102943335154|112139081|1585592849|00001152
1585592848-0016-000|8102831196073|8102943335154|112139081|1585592849|00000807
1585592848-0016-000|8102831196073|8102943335154|112139081|1585592849|00001125
1585592848-0016-000|8102831196073|8102943335154|112139081|1585592849|00000892
