openmpi-slave2|2868285532545|2868349040346|63507801|1585925122|00008744
openmpi-slave2|2868285532545|2868349040346|63507801|1585925122|00001818
openmpi-slave2|2868285532545|2868349040346|63507801|1585925122|00021300
openmpi-slave2|2868285532545|2868349040346|63507801|1585925122|00001497
openmpi-slave2|2868285532545|2868349040346|63507801|1585925122|00006117
openmpi-slave2|2868285532545|2868349040346|63507801|1585925122|00009361
openmpi-slave2|2868285532545|2868349040346|63507801|1585925122|00001982
openmpi-slave2|2868285532545|2868349040346|63507801|1585925122|00004131
openmpi-slave2|2868285532545|2868349040346|63507801|1585925122|00010061
openmpi-slave2|2868285532545|2868349040346|63507801|1585925122|00001427
openmpi-slave2|2868285532545|2868349040346|63507801|1585925122|00005366
openmpi-slave2|2868285532545|2868349040346|63507801|1585925122|00001756
openmpi-slave2|2879228637364|2879293019607|64382243|1585925133|00002802
openmpi-slave2|2879228637364|2879293019607|64382243|1585925133|00002679
openmpi-slave2|2879228637364|2879293019607|64382243|1585925133|00002512
openmpi-slave2|2879228637364|2879293019607|64382243|1585925133|00001561
openmpi-slave2|2879228637364|2879293019607|64382243|1585925133|00001851
openmpi-slave2|2879228637364|2879293019607|64382243|1585925133|00002141
openmpi-slave2|2879228637364|2879293019607|64382243|1585925133|00001846
openmpi-slave2|2879228637364|2879293019607|64382243|1585925133|00001798
openmpi-slave2|2879228637364|2879293019607|64382243|1585925133|00001748
openmpi-slave2|2879228637364|2879293019607|64382243|1585925133|00001479
openmpi-slave2|2879228637364|2879293019607|64382243|1585925133|00002179
openmpi-slave2|2879228637364|2879293019607|64382243|1585925133|00001070
openmpi-slave2|2879228637364|2879293019607|64382243|1585925133|00021972
openmpi-slave2|2879228637364|2879293019607|64382243|1585925133|00025377
openmpi-slave2|2879228637364|2879293019607|64382243|1585925133|00001561
openmpi-slave2|2879228637364|2879293019607|64382243|1585925133|00002690
openmpi-slave2|2879228637364|2879293019607|64382243|1585925133|00001978
openmpi-slave2|2879228637364|2879293019607|64382243|1585925133|00001888
openmpi-slave2|2879228637364|2879293019607|64382243|1585925133|00001461
openmpi-slave2|2879228637364|2879293019607|64382243|1585925133|00003088
openmpi-slave2|2879228637364|2879293019607|64382243|1585925133|00001646
openmpi-slave2|2879228637364|2879293019607|64382243|1585925133|00001421
openmpi-slave2|2879228637364|2879293019607|64382243|1585925133|00001675
openmpi-slave2|2879228637364|2879293019607|64382243|1585925133|00002337
openmpi-slave2|2879228637364|2879293019607|64382243|1585925133|00005478
openmpi-slave2|2879228637364|2879293019607|64382243|1585925133|00001867
openmpi-slave2|2879228637364|2879293019607|64382243|1585925133|00002140
openmpi-slave2|2879228637364|2879293019607|64382243|1585925133|00002157
openmpi-slave2|2879228637364|2879293019607|64382243|1585925133|00001913
openmpi-slave2|2879228637364|2879293019607|64382243|1585925133|00001524
openmpi-slave2|2879228637364|2879293019607|64382243|1585925133|00001114
openmpi-slave2|2879228637364|2879293019607|64382243|1585925133|00002124
openmpi-slave2|2879228637364|2879293019607|64382243|1585925133|00001884
openmpi-slave2|2879228637364|2879293019607|64382243|1585925133|00002995
openmpi-slave2|2879228637364|2879293019607|64382243|1585925133|00001681
openmpi-slave2|2879228637364|2879293019607|64382243|1585925133|00001971
openmpi-slave2|2879228637364|2879293019607|64382243|1585925133|00002813
openmpi-slave2|2879228637364|2879293019607|64382243|1585925133|00001820
openmpi-slave2|2879228637364|2879293019607|64382243|1585925133|00001589
openmpi-slave2|2879228637364|2879293019607|64382243|1585925133|00002319
openmpi-slave2|2879228637364|2879293019607|64382243|1585925133|00002758
openmpi-slave2|2879228637364|2879293019607|64382243|1585925133|00002106
openmpi-slave2|2879228637364|2879293019607|64382243|1585925133|00001683
openmpi-slave2|2879228637364|2879293019607|64382243|1585925133|00001721
openmpi-slave2|2879228637364|2879293019607|64382243|1585925133|00002650
openmpi-slave2|2879228637364|2879293019607|64382243|1585925133|00002000
openmpi-slave2|2879228637364|2879293019607|64382243|1585925133|00001740
openmpi-slave2|2879228637364|2879293019607|64382243|1585925133|00002667
openmpi-slave2|2879228637364|2879293019607|64382243|1585925133|00001942
openmpi-slave2|2879228637364|2879293019607|64382243|1585925133|00002005
openmpi-slave2|2879228637364|2879293019607|64382243|1585925133|00001575
openmpi-slave2|2879228637364|2879293019607|64382243|1585925133|00001439
openmpi-slave2|2879228637364|2879293019607|64382243|1585925133|00001781
openmpi-slave2|2879228637364|2879293019607|64382243|1585925133|00001738
openmpi-slave2|2879228637364|2879293019607|64382243|1585925133|00001584
openmpi-slave2|2879228637364|2879293019607|64382243|1585925133|00001948
openmpi-slave2|2879228637364|2879293019607|64382243|1585925133|00001757
openmpi-slave2|2879228637364|2879293019607|64382243|1585925133|00001709
openmpi-slave2|2879228637364|2879293019607|64382243|1585925133|00001575
openmpi-slave2|2879228637364|2879293019607|64382243|1585925133|00001666
openmpi-slave2|2879228637364|2879293019607|64382243|1585925133|00001602
openmpi-slave2|2879228637364|2879293019607|64382243|1585925133|00001251
openmpi-slave2|2879228637364|2879293019607|64382243|1585925133|00001162
openmpi-slave2|2879228637364|2879293019607|64382243|1585925133|00001586
openmpi-slave2|2879228637364|2879293019607|64382243|1585925133|00001244
openmpi-slave2|2879228637364|2879293019607|64382243|1585925133|00002353
openmpi-slave2|2879228637364|2879293019607|64382243|1585925133|00001137
openmpi-slave2|2879228637364|2879293019607|64382243|1585925133|00001285
openmpi-slave2|2879228637364|2879293019607|64382243|1585925133|00001281
openmpi-slave2|2879228637364|2879293019607|64382243|1585925133|00001542
openmpi-slave2|2879228637364|2879293019607|64382243|1585925133|00001218
openmpi-slave2|2879228637364|2879293019607|64382243|1585925133|00001299
openmpi-slave2|2879228637364|2879293019607|64382243|1585925133|00001263
openmpi-slave2|2879228637364|2879293019607|64382243|1585925133|00001341
openmpi-slave2|2879228637364|2879293019607|64382243|1585925133|00001079
openmpi-slave2|2879228637364|2879293019607|64382243|1585925133|00001166
openmpi-slave2|2879228637364|2879293019607|64382243|1585925133|00001308
openmpi-slave2|2879228637364|2879293019607|64382243|1585925133|00001156
openmpi-slave2|2879228637364|2879293019607|64382243|1585925133|00001097
openmpi-slave2|2879228637364|2879293019607|64382243|1585925133|00001150
openmpi-slave2|2879228637364|2879293019607|64382243|1585925133|00001059
openmpi-slave2|2879228637364|2879293019607|64382243|1585925133|00001074
openmpi-slave2|2879228637364|2879293019607|64382243|1585925133|00001130
openmpi-slave2|2879228637364|2879293019607|64382243|1585925133|00001318
openmpi-slave2|2879228637364|2879293019607|64382243|1585925133|00001155
openmpi-slave2|2879228637364|2879293019607|64382243|1585925133|00000992
openmpi-slave2|2879228637364|2879293019607|64382243|1585925133|00001080
openmpi-slave2|2879228637364|2879293019607|64382243|1585925133|00001065
