openmpi-slave1|3705627076319|3705718473235|91396916|1585925950|00104334
openmpi-slave1|3705740428615|3705827763875|87335260|1585925951|00109679
openmpi-slave1|3705929952774|3706015155572|85202798|1585925951|00191936
openmpi-slave1|3706118856517|3706203460187|84603670|1585925951|00187099
openmpi-slave1|3706230095308|3706309598027|79502719|1585925951|00105622
openmpi-slave1|3706418610123|3706516283164|97673041|1585925951|00199336
openmpi-slave1|3706526062639|3706619678803|93616164|1585925951|00111827
openmpi-slave1|3706757935587|3706872516872|114581285|1585925952|00244287
openmpi-slave1|3706893980926|3707001588350|107607424|1585925952|00130962
openmpi-slave1|3707021942656|3707129600377|107657721|1585925952|00132012
openmpi-slave1|3707148903743|3707247813836|98910093|1585925952|00123700
openmpi-slave1|3707272878304|3707385552946|112674642|1585925952|00137542
openmpi-slave1|3707527499274|3707673118943|145619669|1585925952|00278996
openmpi-slave1|3707682531029|3707833846549|151315520|1585925953|00167142
openmpi-slave1|3707860746433|3708001459822|140713389|1585925953|00162112
openmpi-slave1|3708011546249|3708151241852|139695603|1585925953|00158317
openmpi-slave1|3708174748108|3708314771321|140023213|1585925953|00167174
openmpi-slave1|3708337150573|3708482556096|145405523|1585925953|00151166
openmpi-slave1|3708487699551|3708626361677|138662126|1585925953|00154390
openmpi-slave1|3708643107445|3708791483498|148376053|1585925954|00169959
openmpi-slave1|3708814616073|3708961445606|146829533|1585925954|00164061
openmpi-slave1|3708985799145|3709128936149|143137004|1585925954|00161970
openmpi-slave1|3709139187559|3709282299234|143111675|1585925954|00154728
openmpi-slave1|3709305507073|3709435120693|129613620|1585925954|00155967
openmpi-slave1|3709462060101|3709593330071|131269970|1585925954|00153524
openmpi-slave1|3709603580954|3709755477055|151896101|1585925955|00159135
openmpi-slave1|3709762743171|3709909622808|146879637|1585925955|00166061
openmpi-slave1|3709930376053|3710077745118|147369065|1585925955|00161380
openmpi-slave1|3710090101713|3710229630727|139529014|1585925955|00158416
openmpi-slave1|3710250058376|3710390987745|140929369|1585925955|00159833
openmpi-slave1|3710413648691|3710558421077|144772386|1585925955|00163865
openmpi-slave1|3710582317212|3710736360109|154042897|1585925956|00170981
openmpi-slave1|3710761709812|3710907176594|145466782|1585925956|00192833
openmpi-slave1|3710936931933|3711084966963|148035030|1585925956|00159798
openmpi-slave1|3711107418808|3711247918021|140499213|1585925956|00175527
openmpi-slave1|3711280639975|3711425229305|144589330|1585925956|00157901
openmpi-slave1|3711430453786|3711581938380|151484594|1585925956|00166292
openmpi-slave1|3711608894326|3711746722842|137828516|1585925957|00167858
openmpi-slave1|3711773409225|3711925367733|151958508|1585925957|00171788
openmpi-slave1|3711948875275|3712105213571|156338296|1585925957|00179970
openmpi-slave1|3712129560029|3712271319074|141759045|1585925957|00179867
openmpi-slave1|3712302457641|3712456742808|154285167|1585925957|00171386
openmpi-slave1|3712484471488|3712625463072|140991584|1585925957|00168454
openmpi-slave1|3712652813686|3712787592569|134778883|1585925958|00170235
openmpi-slave1|3712807169121|3712965374491|158205370|1585925958|00169495
openmpi-slave1|3712989433431|3713144312897|154879466|1585925958|00172572
openmpi-slave1|3713153720330|3713298018911|144298581|1585925958|00171165
openmpi-slave1|3713320919239|3713455363607|134444368|1585925958|00155805
openmpi-slave1|3713489391784|3713629901266|140509482|1585925958|00176052
openmpi-slave1|3713653015810|3713800205620|147189810|1585925959|00155885
openmpi-slave1|3713817122835|3713967996571|150873736|1585925959|00175682
openmpi-slave1|3714000450476|3714127301170|126850694|1585925959|00160013
openmpi-slave1|3714160396393|3714286788620|126392227|1585925959|00156912
openmpi-slave1|3714305703739|3714449697909|143994170|1585925959|00154854
openmpi-slave1|3714472701789|3714613691634|140989845|1585925959|00162522
openmpi-slave1|3714634495507|3714783273735|148778228|1585925960|00173449
openmpi-slave1|3714794560340|3714949922451|155362111|1585925960|00167984
openmpi-slave1|3714962599390|3715120190438|157591048|1585925960|00167504
openmpi-slave1|3715132861625|3715263527899|130666274|1585925960|00152367
openmpi-slave1|3715283165914|3715437567559|154401645|1585925960|00167435
openmpi-slave1|3715461101006|3715600938110|139837104|1585925960|00159825
openmpi-slave1|3715624728980|3715764537511|139808531|1585925961|00160735
openmpi-slave1|3715778670030|3715941888053|163218023|1585925961|00179017
openmpi-slave1|3715964754057|3716095038207|130284150|1585925961|00167958
openmpi-slave1|3716125238377|3716269555675|144317298|1585925961|00159851
openmpi-slave1|3716292807796|3716444172743|151364947|1585925961|00172453
openmpi-slave1|3716453844224|3716608280792|154436568|1585925961|00167390
openmpi-slave1|3716616825691|3716759154273|142328582|1585925962|00159844
openmpi-slave1|3716780873284|3716932483851|151610567|1585925962|00160805
openmpi-slave1|3716941987469|3717089545297|147557828|1585925962|00163112
openmpi-slave1|3717113344035|3717254177655|140833620|1585925962|00175827
openmpi-slave1|3717277193216|3717418472726|141279510|1585925962|00159863
openmpi-slave1|3717441096209|3717585782260|144686051|1585925962|00155704
openmpi-slave1|3717608889261|3717750496787|141607526|1585925963|00171957
openmpi-slave1|3717772919962|3717910965753|138045791|1585925963|00167883
openmpi-slave1|3717933022676|3718085416756|152394080|1585925963|00159849
openmpi-slave1|3718110569464|3718257693402|147123938|1585925963|00176023
openmpi-slave1|3718281434255|3718426173176|144738921|1585925963|00171837
openmpi-slave1|3718449203940|3718592711461|143507521|1585925963|00156808
openmpi-slave1|3718601741341|3718749249731|147508390|1585925964|00162901
openmpi-slave1|3718766165234|3718907373963|141208729|1585925964|00169530
openmpi-slave1|3718930484840|3719077686915|147202075|1585925964|00158770
openmpi-slave1|3719090662267|3719232605964|141943697|1585925964|00155318
openmpi-slave1|3719246272396|3719404140551|157868155|1585925964|00164287
openmpi-slave1|3719413711492|3719558058179|144346687|1585925964|00155458
openmpi-slave1|3719581350023|3719718530133|137180110|1585925964|00168835
openmpi-slave1|3719734682412|3719891360234|156677822|1585925965|00178930
openmpi-slave1|3719924671570|3720066359227|141687657|1585925965|00164046
openmpi-slave1|3720088176783|3720226973104|138796321|1585925965|00163925
openmpi-slave1|3720249299292|3720397829672|148530380|1585925965|00172669
openmpi-slave1|3720422065332|3720554851182|132785850|1585925965|00159453
openmpi-slave1|3720574520595|3720731720646|157200051|1585925965|00163963
openmpi-slave1|3720739035050|3720896812690|157777640|1585925966|00164763
openmpi-slave1|3720903108917|3721066247864|163138947|1585925966|00174932
openmpi-slave1|3721078770826|3721226868846|148098020|1585925966|00160202
openmpi-slave1|3721238953255|3721397353780|158400525|1585925966|00171069
openmpi-slave1|3721421089420|3721566503587|145414167|1585925966|00171815
openmpi-slave1|3721593784089|3721767492626|173708537|1585925967|00200025
openmpi-slave1|3721789174299|3721945035927|155861628|1585925967|00169298
openmpi-slave1|3721950331430|3722100149457|149818027|1585925967|00154883
