openmpi-master|3216072188525|3216143929068|71740543|1585925470|00005726
openmpi-master|3216072188525|3216143929068|71740543|1585925470|00001789
openmpi-master|3216072188525|3216143929068|71740543|1585925470|00003936
openmpi-master|3216072188525|3216143929068|71740543|1585925470|00010497
openmpi-master|3216072188525|3216143929068|71740543|1585925470|00002670
openmpi-master|3216072188525|3216143929068|71740543|1585925470|00002749
openmpi-master|3216072188525|3216143929068|71740543|1585925470|00001805
openmpi-master|3216072188525|3216143929068|71740543|1585925470|00002370
openmpi-master|3216072188525|3216143929068|71740543|1585925470|00003875
openmpi-master|3216072188525|3216143929068|71740543|1585925470|00001569
openmpi-master|3216072188525|3216143929068|71740543|1585925470|00005779
openmpi-master|3216072188525|3216143929068|71740543|1585925470|00002209
openmpi-master|3216072188525|3216143929068|71740543|1585925470|00009030
openmpi-master|3216072188525|3216143929068|71740543|1585925470|00007002
openmpi-master|3216072188525|3216143929068|71740543|1585925470|00005834
openmpi-master|3216072188525|3216143929068|71740543|1585925470|00008064
openmpi-master|3216072188525|3216143929068|71740543|1585925470|00007986
openmpi-master|3216072188525|3216143929068|71740543|1585925470|00021564
openmpi-master|3216072188525|3216143929068|71740543|1585925470|00008562
openmpi-master|3216072188525|3216143929068|71740543|1585925470|00006872
openmpi-master|3216072188525|3216143929068|71740543|1585925470|00024630
openmpi-master|3216072188525|3216143929068|71740543|1585925470|00013800
openmpi-master|3216072188525|3216143929068|71740543|1585925470|00015369
openmpi-master|3216072188525|3216143929068|71740543|1585925470|00008564
openmpi-master|3216072188525|3216143929068|71740543|1585925470|00008514
openmpi-master|3216072188525|3216143929068|71740543|1585925470|00015319
openmpi-master|3216072188525|3216143929068|71740543|1585925470|00007135
openmpi-master|3216072188525|3216143929068|71740543|1585925470|00010057
openmpi-master|3216072188525|3216143929068|71740543|1585925470|00008072
openmpi-master|3216072188525|3216143929068|71740543|1585925470|00009890
openmpi-master|3216072188525|3216143929068|71740543|1585925470|00011395
openmpi-master|3216072188525|3216143929068|71740543|1585925470|00009295
openmpi-master|3216072188525|3216143929068|71740543|1585925470|00010989
openmpi-master|3216072188525|3216143929068|71740543|1585925470|00008382
openmpi-master|3216072188525|3216143929068|71740543|1585925470|00012036
openmpi-master|3216072188525|3216143929068|71740543|1585925470|00012288
openmpi-master|3216072188525|3216143929068|71740543|1585925470|00009050
openmpi-master|3216072188525|3216143929068|71740543|1585925470|00013503
openmpi-master|3216072188525|3216143929068|71740543|1585925470|00006077
openmpi-master|3216072188525|3216143929068|71740543|1585925470|00007319
openmpi-master|3216072188525|3216143929068|71740543|1585925470|00009149
openmpi-master|3216072188525|3216143929068|71740543|1585925470|00007880
openmpi-master|3216072188525|3216143929068|71740543|1585925470|00008136
openmpi-master|3216072188525|3216143929068|71740543|1585925470|00007090
openmpi-master|3216072188525|3216143929068|71740543|1585925470|00007108
openmpi-master|3216072188525|3216143929068|71740543|1585925470|00008575
openmpi-master|3216072188525|3216143929068|71740543|1585925470|00008160
openmpi-master|3216072188525|3216143929068|71740543|1585925470|00008059
openmpi-master|3216072188525|3216143929068|71740543|1585925470|00008363
openmpi-master|3216072188525|3216143929068|71740543|1585925470|00009819
openmpi-master|3216072188525|3216143929068|71740543|1585925470|00007902
openmpi-master|3216072188525|3216143929068|71740543|1585925470|00005048
openmpi-master|3216072188525|3216143929068|71740543|1585925470|00010983
openmpi-master|3216072188525|3216143929068|71740543|1585925470|00009266
openmpi-master|3216072188525|3216143929068|71740543|1585925470|00007924
openmpi-master|3216072188525|3216143929068|71740543|1585925470|00008252
openmpi-master|3216072188525|3216143929068|71740543|1585925470|00007250
openmpi-master|3216072188525|3216143929068|71740543|1585925470|00006693
openmpi-master|3216072188525|3216143929068|71740543|1585925470|00008923
openmpi-master|3216072188525|3216143929068|71740543|1585925470|00008603
openmpi-master|3216072188525|3216143929068|71740543|1585925470|00008421
openmpi-master|3216072188525|3216143929068|71740543|1585925470|00007615
openmpi-master|3216072188525|3216143929068|71740543|1585925470|00008494
openmpi-master|3216072188525|3216143929068|71740543|1585925470|00006441
openmpi-master|3216072188525|3216143929068|71740543|1585925470|00008716
openmpi-master|3216072188525|3216143929068|71740543|1585925470|00008397
openmpi-master|3216072188525|3216143929068|71740543|1585925470|00004043
openmpi-master|3216072188525|3216143929068|71740543|1585925470|00006934
openmpi-master|3216072188525|3216143929068|71740543|1585925470|00009813
openmpi-master|3216072188525|3216143929068|71740543|1585925470|00005926
openmpi-master|3216072188525|3216143929068|71740543|1585925470|00006571
openmpi-master|3216072188525|3216143929068|71740543|1585925470|00007868
openmpi-master|3216072188525|3216143929068|71740543|1585925470|00007003
openmpi-master|3216072188525|3216143929068|71740543|1585925470|00008716
openmpi-master|3216072188525|3216143929068|71740543|1585925470|00006790
openmpi-master|3216072188525|3216143929068|71740543|1585925470|00007759
openmpi-master|3216072188525|3216143929068|71740543|1585925470|00007942
openmpi-master|3216072188525|3216143929068|71740543|1585925470|00007193
openmpi-master|3216072188525|3216143929068|71740543|1585925470|00006455
openmpi-master|3216072188525|3216143929068|71740543|1585925470|00008611
openmpi-master|3216072188525|3216143929068|71740543|1585925470|00007145
openmpi-master|3216072188525|3216143929068|71740543|1585925470|00007648
openmpi-master|3216072188525|3216143929068|71740543|1585925470|00006833
openmpi-master|3216072188525|3216143929068|71740543|1585925470|00006372
openmpi-master|3216072188525|3216143929068|71740543|1585925470|00006159
openmpi-master|3216072188525|3216143929068|71740543|1585925470|00007615
openmpi-master|3216072188525|3216143929068|71740543|1585925470|00006085
openmpi-master|3216072188525|3216143929068|71740543|1585925470|00006133
openmpi-master|3216072188525|3216143929068|71740543|1585925470|00006871
openmpi-master|3216072188525|3216143929068|71740543|1585925470|00004697
openmpi-master|3216072188525|3216143929068|71740543|1585925470|00006049
openmpi-master|3216072188525|3216143929068|71740543|1585925470|00009691
openmpi-master|3216072188525|3216143929068|71740543|1585925470|00006566
openmpi-master|3216072188525|3216143929068|71740543|1585925470|00006485
openmpi-master|3216072188525|3216143929068|71740543|1585925470|00005334
openmpi-master|3216072188525|3216143929068|71740543|1585925470|00004493
openmpi-master|3216072188525|3216143929068|71740543|1585925470|00005380
openmpi-master|3216072188525|3216143929068|71740543|1585925470|00007474
openmpi-master|3216072188525|3216143929068|71740543|1585925470|00007372
openmpi-master|3216072188525|3216143929068|71740543|1585925470|00005564
