1585589347-0004-000|1583286267609614|1583286375259494|107649880|1585589348|00483452
1585589347-0004-000|1583286928974559|1583287047057714|118083155|1585589348|00577330
1585589347-0004-000|1583287530129227|1583287672365619|142236392|1585589349|00515987
1585589347-0004-000|1583288147158469|1583288286293277|139134808|1585589350|00522956
1585589347-0004-000|1583288755543118|1583288897126228|141583110|1585589350|00499640
1585589347-0004-000|1583289387861719|1583289522978451|135116732|1585589351|00536068
1585589347-0004-000|1583290023032060|1583290162932311|139900251|1585589351|00536639
1585589347-0004-000|1583290682734452|1583290821331085|138596633|1585589352|00553465
1585589347-0004-000|1583291294892641|1583291434486861|139594220|1585589353|00517358
1585589347-0004-000|1583291922641614|1583292062322396|139680782|1585589353|00522394
1585589347-0004-000|1583292534625442|1583292672541807|137916365|1585589354|00506013
1585589347-0004-000|1583293131593745|1583293279141139|147547394|1585589355|00508056
1585589347-0004-000|1583293735669353|1583293876500676|140831323|1585589355|00502716
1585589347-0004-000|1583294343201146|1583294475075620|131874474|1585589356|00500017
1585589347-0004-000|1583294943588749|1583295079860107|136271358|1585589356|00508261
1585589347-0004-000|1583295565333302|1583295708911109|143577807|1585589357|00517572
1585589347-0004-000|1583296183884369|1583296311277938|127393569|1585589358|00513541
1585589347-0004-000|1583296787320137|1583296929051318|141731181|1585589358|00506528
1585589347-0004-000|1583297399137617|1583297539595750|140458133|1585589359|00518043
1585589347-0004-000|1583298005916578|1583298140404865|134488287|1585589359|00494003
1585589347-0004-000|1583298622220427|1583298764493874|142273447|1585589360|00525700
1585589347-0004-000|1583299236930425|1583299370590091|133659666|1585589361|00514892
1585589347-0004-000|1583299842667163|1583299996740617|154073454|1585589361|00515943
1585589347-0004-000|1583300459660985|1583300590195607|130534622|1585589362|00503860
1585589347-0004-000|1583301090165982|1583301222421513|132255531|1585589362|00527852
1585589347-0004-000|1583301694728344|1583301841964500|147236156|1585589363|00511473
1585589347-0004-000|1583302303354841|1583302440942183|137587342|1585589364|00499243
1585589347-0004-000|1583302902997291|1583303043984037|140986746|1585589364|00508763
1585589347-0004-000|1583303526177340|1583303669829992|143652652|1585589365|00520647
1585589347-0004-000|1583304157731298|1583304293769882|136038584|1585589366|00523634
1585589347-0004-000|1583304775131041|1583304918211868|143080827|1585589366|00539175
1585589347-0004-000|1583305405655508|1583305553552711|147897203|1585589367|00523885
1585589347-0004-000|1583306035139638|1583306163384282|128244644|1585589367|00523712
1585589347-0004-000|1583306676851488|1583306832664903|155813415|1585589368|00552867
1585589347-0004-000|1583307298042182|1583307440218385|142176203|1585589369|00507227
1585589347-0004-000|1583307919168273|1583308064449603|145281330|1585589369|00523442
1585589347-0004-000|1583308522548760|1583308654361642|131812882|1585589370|00499908
1585589347-0004-000|1583309158195331|1583309296558518|138363187|1585589371|00539839
1585589347-0004-000|1583309763779209|1583309902622955|138843746|1585589371|00505568
1585589347-0004-000|1583310371346207|1583310512480776|141134569|1585589372|00501928
1585589347-0004-000|1583310993947206|1583311132393751|138446545|1585589372|00518345
1585589347-0004-000|1583311603256064|1583311744169667|140913603|1585589373|00510496
1585589347-0004-000|1583312228704170|1583312360493855|131789685|1585589374|00526762
1585589347-0004-000|1583312837553051|1583312980798692|143245641|1585589374|00512074
1585589347-0004-000|1583313458974084|1583313583850469|124876385|1585589375|00514262
1585589347-0004-000|1583314077622913|1583314217008695|139385782|1585589375|00524857
1585589347-0004-000|1583314694195497|1583314837202807|143007310|1585589376|00513376
1585589347-0004-000|1583315312634298|1583315431514099|118879801|1585589377|00510449
1585589347-0004-000|1583315939788175|1583316087289522|147501347|1585589377|00540072
1585589347-0004-000|1583316558621182|1583316701689481|143068299|1585589378|00516691
1585589347-0004-000|1583317189916995|1583317323008102|133091107|1585589379|00527932
1585589347-0004-000|1583317811914809|1583317967225902|155311093|1585589379|00535354
1585589347-0004-000|1583318518679278|1583318675405975|156726697|1585589380|00625294
1585589347-0004-000|1583319206615258|1583319350216445|143601187|1585589381|00557824
1585589347-0004-000|1583319835505149|1583319982831669|147326520|1585589381|00535042
1585589347-0004-000|1583320466635523|1583320614021327|147385804|1585589382|00540667
1585589347-0004-000|1583321133503297|1583321266604700|133101403|1585589382|00547877
1585589347-0004-000|1583321761328035|1583321900785289|139457254|1585589383|00527855
1585589347-0004-000|1583322419595588|1583322555779336|136183748|1585589384|00571861
1585589347-0004-000|1583323116285399|1583323244902422|128617023|1585589384|00576609
1585589347-0004-000|1583323722635830|1583323865989350|143353520|1585589385|00526625
1585589347-0004-000|1583324378242869|1583324525384307|147141438|1585589386|00548229
1585589347-0004-000|1583325010262608|1583325152136775|141874167|1585589386|00524076
1585589347-0004-000|1583325622190255|1583325781963035|159772780|1585589387|00531661
1585589347-0004-000|1583326254300433|1583326391622200|137321767|1585589388|00519786
1585589347-0004-000|1583326887891530|1583327037404480|149512950|1585589388|00535537
1585589347-0004-000|1583327502180826|1583327648649218|146468392|1585589389|00512119
1585589347-0004-000|1583328123282926|1583328251038751|127755825|1585589389|00514360
1585589347-0004-000|1583328750469972|1583328895969008|145499036|1585589390|00545259
1585589347-0004-000|1583329448911721|1583329575862910|126951189|1585589391|00577163
1585589347-0004-000|1583330076651984|1583330210573054|133921070|1585589391|00522742
1585589347-0004-000|1583330721120330|1583330911128204|190007874|1585589392|00615868
1585589347-0004-000|1583331445597390|1583331581978878|136381488|1585589393|00563799
1585589347-0004-000|1583332095144965|1583332233346455|138201490|1585589393|00555781
1585589347-0004-000|1583332714049048|1583332858080605|144031557|1585589394|00515943
1585589347-0004-000|1583333358296520|1583333495940528|137644008|1585589395|00549659
1585589347-0004-000|1583334004737321|1583334148326457|143589136|1585589395|00535289
1585589347-0004-000|1583334646581451|1583334789688373|143106922|1585589396|00552398
1585589347-0004-000|1583335303610151|1583335443558026|139947875|1585589397|00559634
1585589347-0004-000|1583335952492311|1583336101332413|148840102|1585589397|00541762
1585589347-0004-000|1583336593661590|1583336734625321|140963731|1585589398|00536313
1585589347-0004-000|1583337211142325|1583337352790716|141648391|1585589399|00523895
1585589347-0004-000|1583337847237260|1583337992249091|145011831|1585589399|00532597
1585589347-0004-000|1583338471175468|1583338603975007|132799539|1585589400|00527106
1585589347-0004-000|1583339090025590|1583339232558743|142533153|1585589400|00510334
1585589347-0004-000|1583339800347038|1583339983243537|182896499|1585589401|00657422
1585589347-0004-000|1583340585990497|1583340751083565|165093068|1585589402|00664753
1585589347-0004-000|1583341335647291|1583341499389774|163742483|1585589403|00658680
1585589347-0004-000|1583342084183264|1583342249071722|164888458|1585589403|00637233
1585589347-0004-000|1583342812490362|1583342963852028|151361666|1585589404|00626965
1585589347-0004-000|1583343547752086|1583343693393354|145641268|1585589405|00619487
1585589347-0004-000|1583344223551496|1583344373550590|149999094|1585589406|00582007
1585589347-0004-000|1583344894376098|1583345051011346|156635248|1585589406|00577647
1585589347-0004-000|1583345631773955|1583345787579930|155805975|1585589407|00643944
1585589347-0004-000|1583346344294355|1583346483934050|139639695|1585589408|00599754
1585589347-0004-000|1583347007517243|1583347142990346|135473103|1585589408|00551790
1585589347-0004-000|1583347639522653|1583347786689177|147166524|1585589409|00543799
1585589347-0004-000|1583348301090555|1583348437697129|136606574|1585589410|00547963
1585589347-0004-000|1583348962673401|1583349102213714|139540313|1585589410|00571691
1585589347-0004-000|1583349602913183|1583349749492954|146579771|1585589411|00539838
