1585593076-0069-000|8332953425336|8333188539418|235114082|1585593080|03263516
1585593076-0069-000|8332953425336|8333188539418|235114082|1585593080|00001053
1585593076-0069-000|8332953425336|8333188539418|235114082|1585593080|00000938
1585593076-0069-000|8332953425336|8333188539418|235114082|1585593080|00001222
1585593076-0069-000|8332953425336|8333188539418|235114082|1585593080|00001105
1585593076-0069-000|8332953425336|8333188539418|235114082|1585593080|00000917
1585593076-0069-000|8332953425336|8333188539418|235114082|1585593080|00001084
1585593076-0069-000|8332953425336|8333188539418|235114082|1585593080|00000906
1585593076-0069-000|8332953425336|8333188539418|235114082|1585593080|00000987
1585593076-0069-000|8332953425336|8333188539418|235114082|1585593080|00001067
1585593076-0069-000|8332953425336|8333188539418|235114082|1585593080|00001132
1585593076-0069-000|8332953425336|8333188539418|235114082|1585593080|00000979
1585593076-0069-000|8332953425336|8333188539418|235114082|1585593080|00001025
1585593076-0069-000|8332953425336|8333188539418|235114082|1585593080|00001111
1585593076-0069-000|8332953425336|8333188539418|235114082|1585593080|00001158
1585593076-0069-000|8332953425336|8333188539418|235114082|1585593080|00001146
1585593076-0069-000|8332953425336|8333188539418|235114082|1585593080|00000889
1585593076-0069-000|8332953425336|8333188539418|235114082|1585593080|00001153
1585593076-0069-000|8332953425336|8333188539418|235114082|1585593080|00001310
1585593076-0069-000|8332953425336|8333188539418|235114082|1585593080|00000967
1585593076-0069-000|8332953425336|8333188539418|235114082|1585593080|00000977
1585593076-0069-000|8332953425336|8333188539418|235114082|1585593080|00000994
1585593076-0069-000|8332953425336|8333188539418|235114082|1585593080|00001007
1585593076-0069-000|8332953425336|8333188539418|235114082|1585593080|00000909
1585593076-0069-000|8332953425336|8333188539418|235114082|1585593080|00001015
1585593076-0069-000|8332953425336|8333188539418|235114082|1585593080|00000922
1585593076-0069-000|8332953425336|8333188539418|235114082|1585593080|00000961
1585593076-0069-000|8332953425336|8333188539418|235114082|1585593080|00001040
1585593076-0069-000|8332953425336|8333188539418|235114082|1585593080|00000933
1585593076-0069-000|8332953425336|8333188539418|235114082|1585593080|00001085
1585593076-0069-000|8332953425336|8333188539418|235114082|1585593080|00001008
1585593076-0069-000|8332953425336|8333188539418|235114082|1585593080|00000825
1585593076-0069-000|8332953425336|8333188539418|235114082|1585593080|00001084
1585593076-0069-000|8332953425336|8333188539418|235114082|1585593080|00001054
1585593076-0069-000|8332953425336|8333188539418|235114082|1585593080|00000943
1585593076-0069-000|8332953425336|8333188539418|235114082|1585593080|00000944
1585593076-0069-000|8332953425336|8333188539418|235114082|1585593080|00001136
1585593076-0069-000|8332953425336|8333188539418|235114082|1585593080|00001060
1585593076-0069-000|8332953425336|8333188539418|235114082|1585593080|00000924
1585593076-0069-000|8332953425336|8333188539418|235114082|1585593080|00000971
1585593076-0069-000|8332953425336|8333188539418|235114082|1585593080|00000958
1585593076-0069-000|8332953425336|8333188539418|235114082|1585593080|00000865
1585593076-0069-000|8332953425336|8333188539418|235114082|1585593080|00000949
1585593076-0069-000|8332953425336|8333188539418|235114082|1585593080|00001037
1585593076-0069-000|8332953425336|8333188539418|235114082|1585593080|00001040
1585593076-0069-000|8332953425336|8333188539418|235114082|1585593080|00000841
1585593076-0069-000|8332953425336|8333188539418|235114082|1585593080|00001003
1585593076-0069-000|8332953425336|8333188539418|235114082|1585593080|00001058
1585593076-0069-000|8332953425336|8333188539418|235114082|1585593080|00004954
1585593076-0069-000|8332953425336|8333188539418|235114082|1585593080|00000974
1585593076-0069-000|8332953425336|8333188539418|235114082|1585593080|00002446
1585593076-0069-000|8332953425336|8333188539418|235114082|1585593080|00001539
1585593076-0069-000|8332953425336|8333188539418|235114082|1585593080|00001000
1585593076-0069-000|8332953425336|8333188539418|235114082|1585593080|00001096
1585593076-0069-000|8332953425336|8333188539418|235114082|1585593080|00001084
1585593076-0069-000|8332953425336|8333188539418|235114082|1585593080|00000905
1585593076-0069-000|8332953425336|8333188539418|235114082|1585593080|00000981
1585593076-0069-000|8332953425336|8333188539418|235114082|1585593080|00000986
1585593076-0069-000|8332953425336|8333188539418|235114082|1585593080|00000945
1585593076-0069-000|8332953425336|8333188539418|235114082|1585593080|00001078
1585593076-0069-000|8332953425336|8333188539418|235114082|1585593080|00001133
1585593076-0069-000|8332953425336|8333188539418|235114082|1585593080|00000900
1585593076-0069-000|8332953425336|8333188539418|235114082|1585593080|00000999
1585593076-0069-000|8332953425336|8333188539418|235114082|1585593080|00000992
1585593076-0069-000|8332953425336|8333188539418|235114082|1585593080|00000916
1585593076-0069-000|8332953425336|8333188539418|235114082|1585593080|00000914
1585593076-0069-000|8332953425336|8333188539418|235114082|1585593080|00001053
1585593076-0069-000|8332953425336|8333188539418|235114082|1585593080|00001074
1585593076-0069-000|8332953425336|8333188539418|235114082|1585593080|00000944
1585593076-0069-000|8332953425336|8333188539418|235114082|1585593080|00000944
1585593076-0069-000|8332953425336|8333188539418|235114082|1585593080|00000941
1585593076-0069-000|8332953425336|8333188539418|235114082|1585593080|00000966
1585593076-0069-000|8332953425336|8333188539418|235114082|1585593080|00000924
1585593076-0069-000|8332953425336|8333188539418|235114082|1585593080|00000989
1585593076-0069-000|8332953425336|8333188539418|235114082|1585593080|00001101
1585593076-0069-000|8332953425336|8333188539418|235114082|1585593080|00000848
1585593076-0069-000|8332953425336|8333188539418|235114082|1585593080|00001065
1585593076-0069-000|8332953425336|8333188539418|235114082|1585593080|00000945
1585593076-0069-000|8332953425336|8333188539418|235114082|1585593080|00000890
1585593076-0069-000|8332953425336|8333188539418|235114082|1585593080|00001030
1585593076-0069-000|8332953425336|8333188539418|235114082|1585593080|00001004
1585593076-0069-000|8332953425336|8333188539418|235114082|1585593080|00001039
1585593076-0069-000|8332953425336|8333188539418|235114082|1585593080|00000944
1585593076-0069-000|8332953425336|8333188539418|235114082|1585593080|00000947
1585593076-0069-000|8332953425336|8333188539418|235114082|1585593080|00001302
1585593076-0069-000|8332953425336|8333188539418|235114082|1585593080|00000994
1585593076-0069-000|8332953425336|8333188539418|235114082|1585593080|00000962
1585593076-0069-000|8332953425336|8333188539418|235114082|1585593080|00000980
1585593076-0069-000|8332953425336|8333188539418|235114082|1585593080|00000943
1585593076-0069-000|8332953425336|8333188539418|235114082|1585593080|00001086
1585593076-0069-000|8332953425336|8333188539418|235114082|1585593080|00000949
1585593076-0069-000|8332953425336|8333188539418|235114082|1585593080|00001101
1585593076-0069-000|8332953425336|8333188539418|235114082|1585593080|00000948
1585593076-0069-000|8332953425336|8333188539418|235114082|1585593080|00000908
1585593076-0069-000|8332953425336|8333188539418|235114082|1585593080|00000985
1585593076-0069-000|8332953425336|8333188539418|235114082|1585593080|00000904
1585593076-0069-000|8332953425336|8333188539418|235114082|1585593080|00000868
1585593076-0069-000|8332953425336|8333188539418|235114082|1585593080|00000935
1585593076-0069-000|8332953425336|8333188539418|235114082|1585593080|00000910
1585593076-0069-000|8332953425336|8333188539418|235114082|1585593080|00001024
