1585593076-0109-000|8333744248929|8333979310417|235061488|1585593080|04051290
1585593076-0109-000|8333744248929|8333979310417|235061488|1585593080|00001010
1585593076-0109-000|8333744248929|8333979310417|235061488|1585593080|00000919
1585593076-0109-000|8333744248929|8333979310417|235061488|1585593080|00000974
1585593076-0109-000|8333744248929|8333979310417|235061488|1585593080|00001036
1585593076-0109-000|8333744248929|8333979310417|235061488|1585593080|00000910
1585593076-0109-000|8333744248929|8333979310417|235061488|1585593080|00001025
1585593076-0109-000|8333744248929|8333979310417|235061488|1585593080|00001113
1585593076-0109-000|8333744248929|8333979310417|235061488|1585593080|00000867
1585593076-0109-000|8333744248929|8333979310417|235061488|1585593080|00001060
1585593076-0109-000|8333744248929|8333979310417|235061488|1585593080|00000904
1585593076-0109-000|8333744248929|8333979310417|235061488|1585593080|00000843
1585593076-0109-000|8333744248929|8333979310417|235061488|1585593080|00000915
1585593076-0109-000|8333744248929|8333979310417|235061488|1585593080|00000868
1585593076-0109-000|8333744248929|8333979310417|235061488|1585593080|00000954
1585593076-0109-000|8333744248929|8333979310417|235061488|1585593080|00001097
1585593076-0109-000|8333744248929|8333979310417|235061488|1585593080|00000904
1585593076-0109-000|8333744248929|8333979310417|235061488|1585593080|00000830
1585593076-0109-000|8333744248929|8333979310417|235061488|1585593080|00000855
1585593076-0109-000|8333744248929|8333979310417|235061488|1585593080|00000816
1585593076-0109-000|8333744248929|8333979310417|235061488|1585593080|00001150
1585593076-0109-000|8333744248929|8333979310417|235061488|1585593080|00000964
1585593076-0109-000|8333744248929|8333979310417|235061488|1585593080|00001063
1585593076-0109-000|8333744248929|8333979310417|235061488|1585593080|00001118
1585593076-0109-000|8333744248929|8333979310417|235061488|1585593080|00000941
1585593076-0109-000|8333744248929|8333979310417|235061488|1585593080|00006094
1585593076-0109-000|8333744248929|8333979310417|235061488|1585593080|00001128
1585593076-0109-000|8333744248929|8333979310417|235061488|1585593080|00001114
1585593076-0109-000|8333744248929|8333979310417|235061488|1585593080|00000895
1585593076-0109-000|8333744248929|8333979310417|235061488|1585593080|00000943
1585593076-0109-000|8333744248929|8333979310417|235061488|1585593080|00000926
1585593076-0109-000|8333744248929|8333979310417|235061488|1585593080|00001083
1585593076-0109-000|8333744248929|8333979310417|235061488|1585593080|00001031
1585593076-0109-000|8333744248929|8333979310417|235061488|1585593080|00000970
1585593076-0109-000|8333744248929|8333979310417|235061488|1585593080|00000971
1585593076-0109-000|8333744248929|8333979310417|235061488|1585593080|00000926
1585593076-0109-000|8333744248929|8333979310417|235061488|1585593080|00000960
1585593076-0109-000|8333744248929|8333979310417|235061488|1585593080|00000906
1585593076-0109-000|8333744248929|8333979310417|235061488|1585593080|00001015
1585593076-0109-000|8333744248929|8333979310417|235061488|1585593080|00000925
1585593076-0109-000|8333744248929|8333979310417|235061488|1585593080|00000896
1585593076-0109-000|8333744248929|8333979310417|235061488|1585593080|00000808
1585593076-0109-000|8333744248929|8333979310417|235061488|1585593080|00000992
1585593076-0109-000|8333744248929|8333979310417|235061488|1585593080|00001072
1585593076-0109-000|8333744248929|8333979310417|235061488|1585593080|00000909
1585593076-0109-000|8333744248929|8333979310417|235061488|1585593080|00012436
1585593076-0109-000|8333744248929|8333979310417|235061488|1585593080|00000990
1585593076-0109-000|8333744248929|8333979310417|235061488|1585593080|00000907
1585593076-0109-000|8333744248929|8333979310417|235061488|1585593080|00001170
1585593076-0109-000|8333744248929|8333979310417|235061488|1585593080|00001043
1585593076-0109-000|8333744248929|8333979310417|235061488|1585593080|00001054
1585593076-0109-000|8333744248929|8333979310417|235061488|1585593080|00001142
1585593076-0109-000|8333744248929|8333979310417|235061488|1585593080|00001025
1585593076-0109-000|8333744248929|8333979310417|235061488|1585593080|00000975
1585593076-0109-000|8333744248929|8333979310417|235061488|1585593080|00001065
1585593076-0109-000|8333744248929|8333979310417|235061488|1585593080|00000908
1585593076-0109-000|8333744248929|8333979310417|235061488|1585593080|00001082
1585593076-0109-000|8333744248929|8333979310417|235061488|1585593080|00000931
1585593076-0109-000|8333744248929|8333979310417|235061488|1585593080|00001222
1585593076-0109-000|8333744248929|8333979310417|235061488|1585593080|00001233
1585593076-0109-000|8333744248929|8333979310417|235061488|1585593080|00001054
1585593076-0109-000|8333744248929|8333979310417|235061488|1585593080|00001166
1585593076-0109-000|8333744248929|8333979310417|235061488|1585593080|00000905
1585593076-0109-000|8333744248929|8333979310417|235061488|1585593080|00001151
1585593076-0109-000|8333744248929|8333979310417|235061488|1585593080|00001117
1585593076-0109-000|8333744248929|8333979310417|235061488|1585593080|00001102
1585593076-0109-000|8333744248929|8333979310417|235061488|1585593080|00001619
1585593076-0109-000|8333744248929|8333979310417|235061488|1585593080|00001267
1585593076-0109-000|8333744248929|8333979310417|235061488|1585593080|00001203
1585593076-0109-000|8333744248929|8333979310417|235061488|1585593080|00001150
1585593076-0109-000|8333744248929|8333979310417|235061488|1585593080|00001411
1585593076-0109-000|8333744248929|8333979310417|235061488|1585593080|00001437
1585593076-0109-000|8333744248929|8333979310417|235061488|1585593080|00001217
1585593076-0109-000|8333744248929|8333979310417|235061488|1585593080|00001158
1585593076-0109-000|8333744248929|8333979310417|235061488|1585593080|00001025
1585593076-0109-000|8333744248929|8333979310417|235061488|1585593080|00001043
1585593076-0109-000|8333744248929|8333979310417|235061488|1585593080|00001093
1585593076-0109-000|8333744248929|8333979310417|235061488|1585593080|00000799
1585593076-0109-000|8333744248929|8333979310417|235061488|1585593080|00001100
1585593076-0109-000|8333744248929|8333979310417|235061488|1585593080|00000953
1585593076-0109-000|8333744248929|8333979310417|235061488|1585593080|00001039
1585593076-0109-000|8333744248929|8333979310417|235061488|1585593080|00001254
1585593076-0109-000|8333744248929|8333979310417|235061488|1585593080|00001013
1585593076-0109-000|8333744248929|8333979310417|235061488|1585593080|00001000
1585593076-0109-000|8333744248929|8333979310417|235061488|1585593080|00001126
1585593076-0109-000|8333744248929|8333979310417|235061488|1585593080|00001171
1585593076-0109-000|8333744248929|8333979310417|235061488|1585593080|00001152
1585593076-0109-000|8333744248929|8333979310417|235061488|1585593080|00000985
1585593076-0109-000|8333744248929|8333979310417|235061488|1585593080|00001104
1585593076-0109-000|8333744248929|8333979310417|235061488|1585593080|00001503
1585593076-0109-000|8333744248929|8333979310417|235061488|1585593080|00001478
1585593076-0109-000|8333744248929|8333979310417|235061488|1585593080|00000928
1585593076-0109-000|8333744248929|8333979310417|235061488|1585593080|00001099
1585593076-0109-000|8333744248929|8333979310417|235061488|1585593080|00001055
1585593076-0109-000|8333744248929|8333979310417|235061488|1585593080|00000938
1585593076-0109-000|8333744248929|8333979310417|235061488|1585593080|00000968
1585593076-0109-000|8333744248929|8333979310417|235061488|1585593080|00001182
1585593076-0109-000|8333744248929|8333979310417|235061488|1585593080|00000980
1585593076-0109-000|8333744248929|8333979310417|235061488|1585593080|00001103
1585593076-0109-000|8333744248929|8333979310417|235061488|1585593080|00000950
