1585593076-0094-000|8330099291631|8330263569181|164277550|1585593077|00371204
1585593076-0094-000|8330099291631|8330263569181|164277550|1585593077|00001157
1585593076-0094-000|8330099291631|8330263569181|164277550|1585593077|00001023
1585593076-0094-000|8330099291631|8330263569181|164277550|1585593077|00001107
1585593076-0094-000|8330099291631|8330263569181|164277550|1585593077|00000929
1585593076-0094-000|8330099291631|8330263569181|164277550|1585593077|00000872
1585593076-0094-000|8330099291631|8330263569181|164277550|1585593077|00001046
1585593076-0094-000|8330099291631|8330263569181|164277550|1585593077|00000931
1585593076-0094-000|8330099291631|8330263569181|164277550|1585593077|00001034
1585593076-0094-000|8330099291631|8330263569181|164277550|1585593077|00000948
1585593076-0094-000|8330099291631|8330263569181|164277550|1585593077|00000938
1585593076-0094-000|8330099291631|8330263569181|164277550|1585593077|00000893
1585593076-0094-000|8330099291631|8330263569181|164277550|1585593077|00000970
1585593076-0094-000|8330099291631|8330263569181|164277550|1585593077|00001047
1585593076-0094-000|8330099291631|8330263569181|164277550|1585593077|00000968
1585593076-0094-000|8330099291631|8330263569181|164277550|1585593077|00001214
1585593076-0094-000|8330099291631|8330263569181|164277550|1585593077|00001117
1585593076-0094-000|8330099291631|8330263569181|164277550|1585593077|00001023
1585593076-0094-000|8330099291631|8330263569181|164277550|1585593077|00001286
1585593076-0094-000|8330099291631|8330263569181|164277550|1585593077|00001085
1585593076-0094-000|8330099291631|8330263569181|164277550|1585593077|00001141
1585593076-0094-000|8330099291631|8330263569181|164277550|1585593077|00001100
1585593076-0094-000|8330099291631|8330263569181|164277550|1585593077|00001142
1585593076-0094-000|8330099291631|8330263569181|164277550|1585593077|00001104
1585593076-0094-000|8330099291631|8330263569181|164277550|1585593077|00000882
1585593076-0094-000|8330099291631|8330263569181|164277550|1585593077|00000948
1585593076-0094-000|8330099291631|8330263569181|164277550|1585593077|00000992
1585593076-0094-000|8330099291631|8330263569181|164277550|1585593077|00001149
1585593076-0094-000|8330099291631|8330263569181|164277550|1585593077|00000939
1585593076-0094-000|8330099291631|8330263569181|164277550|1585593077|00000924
1585593076-0094-000|8330099291631|8330263569181|164277550|1585593077|00000955
1585593076-0094-000|8330099291631|8330263569181|164277550|1585593077|00001051
1585593076-0094-000|8330099291631|8330263569181|164277550|1585593077|00001496
1585593076-0094-000|8330099291631|8330263569181|164277550|1585593077|00001211
1585593076-0094-000|8330099291631|8330263569181|164277550|1585593077|00000920
1585593076-0094-000|8330099291631|8330263569181|164277550|1585593077|00000918
1585593076-0094-000|8330099291631|8330263569181|164277550|1585593077|00001070
1585593076-0094-000|8330099291631|8330263569181|164277550|1585593077|00001118
1585593076-0094-000|8330099291631|8330263569181|164277550|1585593077|00001103
1585593076-0094-000|8330099291631|8330263569181|164277550|1585593077|00001085
1585593076-0094-000|8330099291631|8330263569181|164277550|1585593077|00001000
1585593076-0094-000|8330099291631|8330263569181|164277550|1585593077|00000939
1585593076-0094-000|8330099291631|8330263569181|164277550|1585593077|00001018
1585593076-0094-000|8330099291631|8330263569181|164277550|1585593077|00001069
1585593076-0094-000|8330099291631|8330263569181|164277550|1585593077|00000896
1585593076-0094-000|8330099291631|8330263569181|164277550|1585593077|00000967
1585593076-0094-000|8330099291631|8330263569181|164277550|1585593077|00000836
1585593076-0094-000|8330099291631|8330263569181|164277550|1585593077|00001298
1585593076-0094-000|8330099291631|8330263569181|164277550|1585593077|00000909
1585593076-0094-000|8330099291631|8330263569181|164277550|1585593077|00000947
1585593076-0094-000|8330099291631|8330263569181|164277550|1585593077|00001162
1585593076-0094-000|8330099291631|8330263569181|164277550|1585593077|00001298
1585593076-0094-000|8330099291631|8330263569181|164277550|1585593077|00000958
1585593076-0094-000|8330099291631|8330263569181|164277550|1585593077|00001167
1585593076-0094-000|8330099291631|8330263569181|164277550|1585593077|00000873
1585593076-0094-000|8330099291631|8330263569181|164277550|1585593077|00000986
1585593076-0094-000|8330099291631|8330263569181|164277550|1585593077|00001038
1585593076-0094-000|8330099291631|8330263569181|164277550|1585593077|00000876
1585593076-0094-000|8330099291631|8330263569181|164277550|1585593077|00000825
1585593076-0094-000|8330099291631|8330263569181|164277550|1585593077|00000947
1585593076-0094-000|8330099291631|8330263569181|164277550|1585593077|00000845
1585593076-0094-000|8330099291631|8330263569181|164277550|1585593077|00000914
1585593076-0094-000|8330099291631|8330263569181|164277550|1585593077|00000903
1585593076-0094-000|8330099291631|8330263569181|164277550|1585593077|00000987
1585593076-0094-000|8330099291631|8330263569181|164277550|1585593077|00000844
1585593076-0094-000|8330099291631|8330263569181|164277550|1585593077|00000912
1585593076-0094-000|8330099291631|8330263569181|164277550|1585593077|00000988
1585593076-0094-000|8330099291631|8330263569181|164277550|1585593077|00001074
1585593076-0094-000|8330099291631|8330263569181|164277550|1585593077|00001074
1585593076-0094-000|8330099291631|8330263569181|164277550|1585593077|00001137
1585593076-0094-000|8330099291631|8330263569181|164277550|1585593077|00000959
1585593076-0094-000|8330099291631|8330263569181|164277550|1585593077|00000900
1585593076-0094-000|8330099291631|8330263569181|164277550|1585593077|00000909
1585593076-0094-000|8330099291631|8330263569181|164277550|1585593077|00000835
1585593076-0094-000|8330099291631|8330263569181|164277550|1585593077|00001036
1585593076-0094-000|8330099291631|8330263569181|164277550|1585593077|00001072
1585593076-0094-000|8330099291631|8330263569181|164277550|1585593077|00000996
1585593076-0094-000|8330099291631|8330263569181|164277550|1585593077|00000972
1585593076-0094-000|8330099291631|8330263569181|164277550|1585593077|00000921
1585593076-0094-000|8330099291631|8330263569181|164277550|1585593077|00001054
1585593076-0094-000|8330099291631|8330263569181|164277550|1585593077|00001015
1585593076-0094-000|8330099291631|8330263569181|164277550|1585593077|00000950
1585593076-0094-000|8330099291631|8330263569181|164277550|1585593077|00000915
1585593076-0094-000|8330099291631|8330263569181|164277550|1585593077|00000922
1585593076-0094-000|8330099291631|8330263569181|164277550|1585593077|00001059
1585593076-0094-000|8330099291631|8330263569181|164277550|1585593077|00000966
1585593076-0094-000|8330099291631|8330263569181|164277550|1585593077|00001028
1585593076-0094-000|8330099291631|8330263569181|164277550|1585593077|00001025
1585593076-0094-000|8330099291631|8330263569181|164277550|1585593077|00001110
1585593076-0094-000|8330099291631|8330263569181|164277550|1585593077|00000943
1585593076-0094-000|8330099291631|8330263569181|164277550|1585593077|00000903
1585593076-0094-000|8330099291631|8330263569181|164277550|1585593077|00000891
1585593076-0094-000|8330099291631|8330263569181|164277550|1585593077|00001044
1585593076-0094-000|8330099291631|8330263569181|164277550|1585593077|00000983
1585593076-0094-000|8330099291631|8330263569181|164277550|1585593077|00000950
1585593076-0094-000|8330099291631|8330263569181|164277550|1585593077|00000923
1585593076-0094-000|8330099291631|8330263569181|164277550|1585593077|00000924
1585593076-0094-000|8330099291631|8330263569181|164277550|1585593077|00000916
1585593076-0094-000|8330099291631|8330263569181|164277550|1585593077|00000950
1585593076-0094-000|8330099291631|8330263569181|164277550|1585593077|00000908
