1585593076-0012-000|8335042367661|8335277404246|235036585|1585593082|05318046
1585593076-0012-000|8335042367661|8335277404246|235036585|1585593082|00001177
1585593076-0012-000|8335042367661|8335277404246|235036585|1585593082|00001102
1585593076-0012-000|8335042367661|8335277404246|235036585|1585593082|00001175
1585593076-0012-000|8335042367661|8335277404246|235036585|1585593082|00001023
1585593076-0012-000|8335042367661|8335277404246|235036585|1585593082|00001074
1585593076-0012-000|8335042367661|8335277404246|235036585|1585593082|00001180
1585593076-0012-000|8335042367661|8335277404246|235036585|1585593082|00001011
1585593076-0012-000|8335042367661|8335277404246|235036585|1585593082|00001042
1585593076-0012-000|8335042367661|8335277404246|235036585|1585593082|00000969
1585593076-0012-000|8335042367661|8335277404246|235036585|1585593082|00001228
1585593076-0012-000|8335042367661|8335277404246|235036585|1585593082|00001007
1585593076-0012-000|8335042367661|8335277404246|235036585|1585593082|00001106
1585593076-0012-000|8335042367661|8335277404246|235036585|1585593082|00001171
1585593076-0012-000|8335042367661|8335277404246|235036585|1585593082|00001183
1585593076-0012-000|8335042367661|8335277404246|235036585|1585593082|00001235
1585593076-0012-000|8335042367661|8335277404246|235036585|1585593082|00001054
1585593076-0012-000|8335042367661|8335277404246|235036585|1585593082|00001240
1585593076-0012-000|8335042367661|8335277404246|235036585|1585593082|00001368
1585593076-0012-000|8335042367661|8335277404246|235036585|1585593082|00001239
1585593076-0012-000|8335042367661|8335277404246|235036585|1585593082|00001209
1585593076-0012-000|8335042367661|8335277404246|235036585|1585593082|00001565
1585593076-0012-000|8335042367661|8335277404246|235036585|1585593082|00001187
1585593076-0012-000|8335042367661|8335277404246|235036585|1585593082|00001190
1585593076-0012-000|8335042367661|8335277404246|235036585|1585593082|00001253
1585593076-0012-000|8335042367661|8335277404246|235036585|1585593082|00001112
1585593076-0012-000|8335042367661|8335277404246|235036585|1585593082|00001274
1585593076-0012-000|8335042367661|8335277404246|235036585|1585593082|00001055
1585593076-0012-000|8335042367661|8335277404246|235036585|1585593082|00001051
1585593076-0012-000|8335042367661|8335277404246|235036585|1585593082|00001162
1585593076-0012-000|8335042367661|8335277404246|235036585|1585593082|00001074
1585593076-0012-000|8335042367661|8335277404246|235036585|1585593082|00001274
1585593076-0012-000|8335042367661|8335277404246|235036585|1585593082|00000966
1585593076-0012-000|8335042367661|8335277404246|235036585|1585593082|00001439
1585593076-0012-000|8335042367661|8335277404246|235036585|1585593082|00001372
1585593076-0012-000|8335042367661|8335277404246|235036585|1585593082|00001453
1585593076-0012-000|8335042367661|8335277404246|235036585|1585593082|00001133
1585593076-0012-000|8335042367661|8335277404246|235036585|1585593082|00001205
1585593076-0012-000|8335042367661|8335277404246|235036585|1585593082|00001124
1585593076-0012-000|8335042367661|8335277404246|235036585|1585593082|00001372
1585593076-0012-000|8335042367661|8335277404246|235036585|1585593082|00001165
1585593076-0012-000|8335042367661|8335277404246|235036585|1585593082|00001280
1585593076-0012-000|8335042367661|8335277404246|235036585|1585593082|00001155
1585593076-0012-000|8335042367661|8335277404246|235036585|1585593082|00001187
1585593076-0012-000|8335042367661|8335277404246|235036585|1585593082|00001179
1585593076-0012-000|8335042367661|8335277404246|235036585|1585593082|00001199
1585593076-0012-000|8335042367661|8335277404246|235036585|1585593082|00001282
1585593076-0012-000|8335042367661|8335277404246|235036585|1585593082|00001183
1585593076-0012-000|8335042367661|8335277404246|235036585|1585593082|00001272
1585593076-0012-000|8335042367661|8335277404246|235036585|1585593082|00001021
1585593076-0012-000|8335042367661|8335277404246|235036585|1585593082|00001090
1585593076-0012-000|8335042367661|8335277404246|235036585|1585593082|00001333
1585593076-0012-000|8335042367661|8335277404246|235036585|1585593082|00001281
1585593076-0012-000|8335042367661|8335277404246|235036585|1585593082|00001187
1585593076-0012-000|8335042367661|8335277404246|235036585|1585593082|00001708
1585593076-0012-000|8335042367661|8335277404246|235036585|1585593082|00001132
1585593076-0012-000|8335042367661|8335277404246|235036585|1585593082|00001017
1585593076-0012-000|8335042367661|8335277404246|235036585|1585593082|00001206
1585593076-0012-000|8335042367661|8335277404246|235036585|1585593082|00001188
1585593076-0012-000|8335042367661|8335277404246|235036585|1585593082|00001269
1585593076-0012-000|8335042367661|8335277404246|235036585|1585593082|00001134
1585593076-0012-000|8335042367661|8335277404246|235036585|1585593082|00001315
1585593076-0012-000|8335042367661|8335277404246|235036585|1585593082|00001181
1585593076-0012-000|8335042367661|8335277404246|235036585|1585593082|00001111
1585593076-0012-000|8335042367661|8335277404246|235036585|1585593082|00001269
1585593076-0012-000|8335042367661|8335277404246|235036585|1585593082|00001434
1585593076-0012-000|8335042367661|8335277404246|235036585|1585593082|00001202
1585593076-0012-000|8335042367661|8335277404246|235036585|1585593082|00001416
1585593076-0012-000|8335042367661|8335277404246|235036585|1585593082|00001408
1585593076-0012-000|8335042367661|8335277404246|235036585|1585593082|00001219
1585593076-0012-000|8335042367661|8335277404246|235036585|1585593082|00001158
1585593076-0012-000|8335042367661|8335277404246|235036585|1585593082|00001007
1585593076-0012-000|8335042367661|8335277404246|235036585|1585593082|00001095
1585593076-0012-000|8335042367661|8335277404246|235036585|1585593082|00001447
1585593076-0012-000|8335042367661|8335277404246|235036585|1585593082|00001205
1585593076-0012-000|8335042367661|8335277404246|235036585|1585593082|00001128
1585593076-0012-000|8335042367661|8335277404246|235036585|1585593082|00001386
1585593076-0012-000|8335042367661|8335277404246|235036585|1585593082|00001085
1585593076-0012-000|8335042367661|8335277404246|235036585|1585593082|00001236
1585593076-0012-000|8335042367661|8335277404246|235036585|1585593082|00001365
1585593076-0012-000|8335042367661|8335277404246|235036585|1585593082|00001188
1585593076-0012-000|8335042367661|8335277404246|235036585|1585593082|00001369
1585593076-0012-000|8335042367661|8335277404246|235036585|1585593082|00001259
1585593076-0012-000|8335042367661|8335277404246|235036585|1585593082|00001082
1585593076-0012-000|8335042367661|8335277404246|235036585|1585593082|00001044
1585593076-0012-000|8335042367661|8335277404246|235036585|1585593082|00001230
1585593076-0012-000|8335042367661|8335277404246|235036585|1585593082|00001458
1585593076-0012-000|8335042367661|8335277404246|235036585|1585593082|00001190
1585593076-0012-000|8335042367661|8335277404246|235036585|1585593082|00001171
1585593076-0012-000|8335042367661|8335277404246|235036585|1585593082|00001158
1585593076-0012-000|8335042367661|8335277404246|235036585|1585593082|00001142
1585593076-0012-000|8335042367661|8335277404246|235036585|1585593082|00001328
1585593076-0012-000|8335042367661|8335277404246|235036585|1585593082|00001257
1585593076-0012-000|8335042367661|8335277404246|235036585|1585593082|00001101
1585593076-0012-000|8335042367661|8335277404246|235036585|1585593082|00001264
1585593076-0012-000|8335042367661|8335277404246|235036585|1585593082|00001259
1585593076-0012-000|8335042367661|8335277404246|235036585|1585593082|00001262
1585593076-0012-000|8335042367661|8335277404246|235036585|1585593082|00001159
1585593076-0012-000|8335042367661|8335277404246|235036585|1585593082|00001192
1585593076-0012-000|8335042367661|8335277404246|235036585|1585593082|00001159
