1585593076-0078-000|8330511022804|8330693573298|182550494|1585593077|00793854
1585593076-0078-000|8330511022804|8330693573298|182550494|1585593077|00000916
1585593076-0078-000|8330511022804|8330693573298|182550494|1585593077|00001109
1585593076-0078-000|8330511022804|8330693573298|182550494|1585593077|00001136
1585593076-0078-000|8330511022804|8330693573298|182550494|1585593077|00001085
1585593076-0078-000|8330511022804|8330693573298|182550494|1585593077|00001039
1585593076-0078-000|8330511022804|8330693573298|182550494|1585593077|00001139
1585593076-0078-000|8330511022804|8330693573298|182550494|1585593077|00001241
1585593076-0078-000|8330511022804|8330693573298|182550494|1585593077|00000910
1585593076-0078-000|8330511022804|8330693573298|182550494|1585593077|00001065
1585593076-0078-000|8330511022804|8330693573298|182550494|1585593077|00001482
1585593076-0078-000|8330511022804|8330693573298|182550494|1585593077|00000897
1585593076-0078-000|8330511022804|8330693573298|182550494|1585593077|00001065
1585593076-0078-000|8330511022804|8330693573298|182550494|1585593077|00000968
1585593076-0078-000|8330511022804|8330693573298|182550494|1585593077|00001167
1585593076-0078-000|8330511022804|8330693573298|182550494|1585593077|00000928
1585593076-0078-000|8330511022804|8330693573298|182550494|1585593077|00001006
1585593076-0078-000|8330511022804|8330693573298|182550494|1585593077|00000924
1585593076-0078-000|8330511022804|8330693573298|182550494|1585593077|00000986
1585593076-0078-000|8330511022804|8330693573298|182550494|1585593077|00000916
1585593076-0078-000|8330511022804|8330693573298|182550494|1585593077|00001011
1585593076-0078-000|8330511022804|8330693573298|182550494|1585593077|00001010
1585593076-0078-000|8330511022804|8330693573298|182550494|1585593077|00000901
1585593076-0078-000|8330511022804|8330693573298|182550494|1585593077|00000955
1585593076-0078-000|8330511022804|8330693573298|182550494|1585593077|00001238
1585593076-0078-000|8330511022804|8330693573298|182550494|1585593077|00001012
1585593076-0078-000|8330511022804|8330693573298|182550494|1585593077|00000970
1585593076-0078-000|8330511022804|8330693573298|182550494|1585593077|00000960
1585593076-0078-000|8330511022804|8330693573298|182550494|1585593077|00000953
1585593076-0078-000|8330511022804|8330693573298|182550494|1585593077|00000874
1585593076-0078-000|8330511022804|8330693573298|182550494|1585593077|00000962
1585593076-0078-000|8330511022804|8330693573298|182550494|1585593077|00001145
1585593076-0078-000|8330511022804|8330693573298|182550494|1585593077|00001015
1585593076-0078-000|8330511022804|8330693573298|182550494|1585593077|00000870
1585593076-0078-000|8330511022804|8330693573298|182550494|1585593077|00000993
1585593076-0078-000|8330511022804|8330693573298|182550494|1585593077|00001087
1585593076-0078-000|8330511022804|8330693573298|182550494|1585593077|00001200
1585593076-0078-000|8330511022804|8330693573298|182550494|1585593077|00000994
1585593076-0078-000|8330511022804|8330693573298|182550494|1585593077|00000898
1585593076-0078-000|8330511022804|8330693573298|182550494|1585593077|00001120
1585593076-0078-000|8330511022804|8330693573298|182550494|1585593077|00001173
1585593076-0078-000|8330511022804|8330693573298|182550494|1585593077|00000846
1585593076-0078-000|8330511022804|8330693573298|182550494|1585593077|00000930
1585593076-0078-000|8330511022804|8330693573298|182550494|1585593077|00001041
1585593076-0078-000|8330511022804|8330693573298|182550494|1585593077|00001082
1585593076-0078-000|8330511022804|8330693573298|182550494|1585593077|00001013
1585593076-0078-000|8330511022804|8330693573298|182550494|1585593077|00000919
1585593076-0078-000|8330511022804|8330693573298|182550494|1585593077|00000912
1585593076-0078-000|8330511022804|8330693573298|182550494|1585593077|00001055
1585593076-0078-000|8330511022804|8330693573298|182550494|1585593077|00000973
1585593076-0078-000|8330511022804|8330693573298|182550494|1585593077|00000905
1585593076-0078-000|8330511022804|8330693573298|182550494|1585593077|00001134
1585593076-0078-000|8330511022804|8330693573298|182550494|1585593077|00000842
1585593076-0078-000|8330511022804|8330693573298|182550494|1585593077|00000951
1585593076-0078-000|8330511022804|8330693573298|182550494|1585593077|00000999
1585593076-0078-000|8330511022804|8330693573298|182550494|1585593077|00001115
1585593076-0078-000|8330511022804|8330693573298|182550494|1585593077|00001085
1585593076-0078-000|8330511022804|8330693573298|182550494|1585593077|00001044
1585593076-0078-000|8330511022804|8330693573298|182550494|1585593077|00001008
1585593076-0078-000|8330511022804|8330693573298|182550494|1585593077|00000953
1585593076-0078-000|8330511022804|8330693573298|182550494|1585593077|00001114
1585593076-0078-000|8330511022804|8330693573298|182550494|1585593077|00001149
1585593076-0078-000|8330511022804|8330693573298|182550494|1585593077|00001049
1585593076-0078-000|8330511022804|8330693573298|182550494|1585593077|00001101
1585593076-0078-000|8330511022804|8330693573298|182550494|1585593077|00001155
1585593076-0078-000|8330511022804|8330693573298|182550494|1585593077|00000880
1585593076-0078-000|8330511022804|8330693573298|182550494|1585593077|00001010
1585593076-0078-000|8330511022804|8330693573298|182550494|1585593077|00001024
1585593076-0078-000|8330511022804|8330693573298|182550494|1585593077|00001080
1585593076-0078-000|8330511022804|8330693573298|182550494|1585593077|00000944
1585593076-0078-000|8330511022804|8330693573298|182550494|1585593077|00001036
1585593076-0078-000|8330511022804|8330693573298|182550494|1585593077|00000993
1585593076-0078-000|8330511022804|8330693573298|182550494|1585593077|00001177
1585593076-0078-000|8330511022804|8330693573298|182550494|1585593077|00001112
1585593076-0078-000|8330511022804|8330693573298|182550494|1585593077|00001083
1585593076-0078-000|8330511022804|8330693573298|182550494|1585593077|00000994
1585593076-0078-000|8330511022804|8330693573298|182550494|1585593077|00000982
1585593076-0078-000|8330511022804|8330693573298|182550494|1585593077|00001014
1585593076-0078-000|8330511022804|8330693573298|182550494|1585593077|00001179
1585593076-0078-000|8330511022804|8330693573298|182550494|1585593077|00001011
1585593076-0078-000|8330511022804|8330693573298|182550494|1585593077|00001075
1585593076-0078-000|8330511022804|8330693573298|182550494|1585593077|00000970
1585593076-0078-000|8330511022804|8330693573298|182550494|1585593077|00001099
1585593076-0078-000|8330511022804|8330693573298|182550494|1585593077|00001011
1585593076-0078-000|8330511022804|8330693573298|182550494|1585593077|00000990
1585593076-0078-000|8330511022804|8330693573298|182550494|1585593077|00000893
1585593076-0078-000|8330511022804|8330693573298|182550494|1585593077|00008695
1585593076-0078-000|8330511022804|8330693573298|182550494|1585593077|00000976
1585593076-0078-000|8330511022804|8330693573298|182550494|1585593077|00001112
1585593076-0078-000|8330511022804|8330693573298|182550494|1585593077|00001061
1585593076-0078-000|8330511022804|8330693573298|182550494|1585593077|00001252
1585593076-0078-000|8330511022804|8330693573298|182550494|1585593077|00001072
1585593076-0078-000|8330511022804|8330693573298|182550494|1585593077|00001273
1585593076-0078-000|8330511022804|8330693573298|182550494|1585593077|00001157
1585593076-0078-000|8330511022804|8330693573298|182550494|1585593077|00001174
1585593076-0078-000|8330511022804|8330693573298|182550494|1585593077|00001243
1585593076-0078-000|8330511022804|8330693573298|182550494|1585593077|00001040
1585593076-0078-000|8330511022804|8330693573298|182550494|1585593077|00000952
1585593076-0078-000|8330511022804|8330693573298|182550494|1585593077|00000978
1585593076-0078-000|8330511022804|8330693573298|182550494|1585593077|00001043
