1585593076-0090-000|8332243321521|8332499255352|255933831|1585593079|02584668
1585593076-0090-000|8332243321521|8332499255352|255933831|1585593079|00001131
1585593076-0090-000|8332243321521|8332499255352|255933831|1585593079|00001064
1585593076-0090-000|8332243321521|8332499255352|255933831|1585593079|00001090
1585593076-0090-000|8332243321521|8332499255352|255933831|1585593079|00000957
1585593076-0090-000|8332243321521|8332499255352|255933831|1585593079|00001123
1585593076-0090-000|8332243321521|8332499255352|255933831|1585593079|00000984
1585593076-0090-000|8332243321521|8332499255352|255933831|1585593079|00001148
1585593076-0090-000|8332243321521|8332499255352|255933831|1585593079|00001047
1585593076-0090-000|8332243321521|8332499255352|255933831|1585593079|00001032
1585593076-0090-000|8332243321521|8332499255352|255933831|1585593079|00005452
1585593076-0090-000|8332243321521|8332499255352|255933831|1585593079|00001228
1585593076-0090-000|8332243321521|8332499255352|255933831|1585593079|00001056
1585593076-0090-000|8332243321521|8332499255352|255933831|1585593079|00001232
1585593076-0090-000|8332243321521|8332499255352|255933831|1585593079|00001106
1585593076-0090-000|8332243321521|8332499255352|255933831|1585593079|00001174
1585593076-0090-000|8332243321521|8332499255352|255933831|1585593079|00000919
1585593076-0090-000|8332243321521|8332499255352|255933831|1585593079|00000995
1585593076-0090-000|8332243321521|8332499255352|255933831|1585593079|00001016
1585593076-0090-000|8332243321521|8332499255352|255933831|1585593079|00001160
1585593076-0090-000|8332243321521|8332499255352|255933831|1585593079|00001003
1585593076-0090-000|8332243321521|8332499255352|255933831|1585593079|00000938
1585593076-0090-000|8332243321521|8332499255352|255933831|1585593079|00001043
1585593076-0090-000|8332243321521|8332499255352|255933831|1585593079|00000976
1585593076-0090-000|8332243321521|8332499255352|255933831|1585593079|00000920
1585593076-0090-000|8332243321521|8332499255352|255933831|1585593079|00001286
1585593076-0090-000|8332243321521|8332499255352|255933831|1585593079|00001081
1585593076-0090-000|8332243321521|8332499255352|255933831|1585593079|00000841
1585593076-0090-000|8332243321521|8332499255352|255933831|1585593079|00000961
1585593076-0090-000|8332243321521|8332499255352|255933831|1585593079|00000999
1585593076-0090-000|8332243321521|8332499255352|255933831|1585593079|00001029
1585593076-0090-000|8332243321521|8332499255352|255933831|1585593079|00001174
1585593076-0090-000|8332243321521|8332499255352|255933831|1585593079|00001129
1585593076-0090-000|8332243321521|8332499255352|255933831|1585593079|00001107
1585593076-0090-000|8332243321521|8332499255352|255933831|1585593079|00000964
1585593076-0090-000|8332243321521|8332499255352|255933831|1585593079|00000902
1585593076-0090-000|8332243321521|8332499255352|255933831|1585593079|00001013
1585593076-0090-000|8332243321521|8332499255352|255933831|1585593079|00000983
1585593076-0090-000|8332243321521|8332499255352|255933831|1585593079|00000997
1585593076-0090-000|8332243321521|8332499255352|255933831|1585593079|00001100
1585593076-0090-000|8332243321521|8332499255352|255933831|1585593079|00000954
1585593076-0090-000|8332243321521|8332499255352|255933831|1585593079|00000914
1585593076-0090-000|8332243321521|8332499255352|255933831|1585593079|00001177
1585593076-0090-000|8332243321521|8332499255352|255933831|1585593079|00001217
1585593076-0090-000|8332243321521|8332499255352|255933831|1585593079|00001142
1585593076-0090-000|8332243321521|8332499255352|255933831|1585593079|00000966
1585593076-0090-000|8332243321521|8332499255352|255933831|1585593079|00001036
1585593076-0090-000|8332243321521|8332499255352|255933831|1585593079|00000894
1585593076-0090-000|8332243321521|8332499255352|255933831|1585593079|00001061
1585593076-0090-000|8332243321521|8332499255352|255933831|1585593079|00001029
1585593076-0090-000|8332243321521|8332499255352|255933831|1585593079|00000885
1585593076-0090-000|8332243321521|8332499255352|255933831|1585593079|00000958
1585593076-0090-000|8332243321521|8332499255352|255933831|1585593079|00000844
1585593076-0090-000|8332243321521|8332499255352|255933831|1585593079|00001242
1585593076-0090-000|8332243321521|8332499255352|255933831|1585593079|00000945
1585593076-0090-000|8332243321521|8332499255352|255933831|1585593079|00001365
1585593076-0090-000|8332243321521|8332499255352|255933831|1585593079|00001337
1585593076-0090-000|8332243321521|8332499255352|255933831|1585593079|00001117
1585593076-0090-000|8332243321521|8332499255352|255933831|1585593079|00001081
1585593076-0090-000|8332243321521|8332499255352|255933831|1585593079|00001290
1585593076-0090-000|8332243321521|8332499255352|255933831|1585593079|00001113
1585593076-0090-000|8332243321521|8332499255352|255933831|1585593079|00001338
1585593076-0090-000|8332243321521|8332499255352|255933831|1585593079|00001024
1585593076-0090-000|8332243321521|8332499255352|255933831|1585593079|00001098
1585593076-0090-000|8332243321521|8332499255352|255933831|1585593079|00001059
1585593076-0090-000|8332243321521|8332499255352|255933831|1585593079|00000865
1585593076-0090-000|8332243321521|8332499255352|255933831|1585593079|00001249
1585593076-0090-000|8332243321521|8332499255352|255933831|1585593079|00000901
1585593076-0090-000|8332243321521|8332499255352|255933831|1585593079|00000865
1585593076-0090-000|8332243321521|8332499255352|255933831|1585593079|00000936
1585593076-0090-000|8332243321521|8332499255352|255933831|1585593079|00001055
1585593076-0090-000|8332243321521|8332499255352|255933831|1585593079|00001221
1585593076-0090-000|8332243321521|8332499255352|255933831|1585593079|00000994
1585593076-0090-000|8332243321521|8332499255352|255933831|1585593079|00000982
1585593076-0090-000|8332243321521|8332499255352|255933831|1585593079|00001207
1585593076-0090-000|8332243321521|8332499255352|255933831|1585593079|00001204
1585593076-0090-000|8332243321521|8332499255352|255933831|1585593079|00001230
1585593076-0090-000|8332243321521|8332499255352|255933831|1585593079|00001186
1585593076-0090-000|8332243321521|8332499255352|255933831|1585593079|00001117
1585593076-0090-000|8332243321521|8332499255352|255933831|1585593079|00001337
1585593076-0090-000|8332243321521|8332499255352|255933831|1585593079|00001112
1585593076-0090-000|8332243321521|8332499255352|255933831|1585593079|00001038
1585593076-0090-000|8332243321521|8332499255352|255933831|1585593079|00000964
1585593076-0090-000|8332243321521|8332499255352|255933831|1585593079|00001213
1585593076-0090-000|8332243321521|8332499255352|255933831|1585593079|00001129
1585593076-0090-000|8332243321521|8332499255352|255933831|1585593079|00001197
1585593076-0090-000|8332243321521|8332499255352|255933831|1585593079|00001084
1585593076-0090-000|8332243321521|8332499255352|255933831|1585593079|00001321
1585593076-0090-000|8332243321521|8332499255352|255933831|1585593079|00001072
1585593076-0090-000|8332243321521|8332499255352|255933831|1585593079|00001062
1585593076-0090-000|8332243321521|8332499255352|255933831|1585593079|00001114
1585593076-0090-000|8332243321521|8332499255352|255933831|1585593079|00001068
1585593076-0090-000|8332243321521|8332499255352|255933831|1585593079|00001297
1585593076-0090-000|8332243321521|8332499255352|255933831|1585593079|00001074
1585593076-0090-000|8332243321521|8332499255352|255933831|1585593079|00001086
1585593076-0090-000|8332243321521|8332499255352|255933831|1585593079|00000940
1585593076-0090-000|8332243321521|8332499255352|255933831|1585593079|00001013
1585593076-0090-000|8332243321521|8332499255352|255933831|1585593079|00001021
1585593076-0090-000|8332243321521|8332499255352|255933831|1585593079|00001013
1585593076-0090-000|8332243321521|8332499255352|255933831|1585593079|00000851
