1585578430-0013-000|1572369400737738|1572369507967542|107229804|1585578431|00488257
1585578430-0013-000|1572369899946416|1572370009974599|110028183|1585578431|00500334
1585578430-0013-000|1572370452342408|1572370582997060|130654652|1585578432|00567486
1585578430-0013-000|1572370946239367|1572371078559705|132320338|1585578432|00510783
1585578430-0013-000|1572371536328687|1572371676272318|139943631|1585578433|00582150
1585578430-0013-000|1572372092121664|1572372236797921|144676257|1585578433|00558549
1585578430-0013-000|1572372630134980|1572372773717268|143582288|1585578434|00542916
1585578430-0013-000|1572373163780906|1572373303853979|140073073|1585578435|00540115
1585578430-0013-000|1572373722111848|1572373882129946|160018098|1585578435|00562099
1585578430-0013-000|1572374228516823|1572374368710745|140193922|1585578436|00497395
1585578430-0013-000|1572374849682241|1572374987302969|137620728|1585578436|00619867
1585578430-0013-000|1572375365991779|1572375523895134|157903355|1585578437|00524785
1585578430-0013-000|1572375944896206|1572376067636744|122740538|1585578437|00554907
1585578430-0013-000|1572376458296795|1572376602185608|143888813|1585578438|00529628
1585578430-0013-000|1572376942886928|1572377086588983|143702055|1585578438|00490426
1585578430-0013-000|1572377429994185|1572377585234296|155240111|1585578439|00486827
1585578430-0013-000|1572378077758815|1572378224184446|146425631|1585578439|00636928
1585578430-0013-000|1572378555760293|1572378690614594|134854301|1585578440|00483642
1585578430-0013-000|1572379218083789|1572379363247464|145163675|1585578441|00660936
1585578430-0013-000|1572379726092375|1572379878826930|152734555|1585578441|00530800
1585578430-0013-000|1572380386155942|1572380539406349|153250407|1585578442|00651050
1585578430-0013-000|1572380984578655|1572381114504324|129925669|1585578442|00576724
1585578430-0013-000|1572381527992116|1572381678624276|150632160|1585578443|00551660
1585578430-0013-000|1572382018262641|1572382166082683|147820042|1585578443|00495969
1585578430-0013-000|1572382700724481|1572382827742862|127018381|1585578444|00662398
1585578430-0013-000|1572383214397630|1572383385645279|171247649|1585578445|00553305
1585578430-0013-000|1572383818201052|1572383972869856|154668804|1585578445|00587834
1585578430-0013-000|1572384333192324|1572384470600659|137408335|1585578446|00507981
1585578430-0013-000|1572384960672432|1572385091212832|130540400|1585578446|00615791
1585578430-0013-000|1572385475856166|1572385610190703|134334537|1585578447|00523944
1585578430-0013-000|1572386030709789|1572386174281238|143571449|1585578447|00559894
1585578430-0013-000|1572386598919248|1572386754168375|155249127|1585578448|00583784
1585578430-0013-000|1572387200286443|1572387327641132|127354689|1585578449|00567905
1585578430-0013-000|1572387754255499|1572387916655034|162399535|1585578449|00576593
1585578430-0013-000|1572388362679629|1572388510350615|147670986|1585578450|00607206
1585578430-0013-000|1572388914544734|1572389077858508|163313774|1585578450|00563849
1585578430-0013-000|1572389464626898|1572389608639202|144012304|1585578451|00521248
1585578430-0013-000|1572390066442875|1572390214740432|148297557|1585578451|00622605
1585578430-0013-000|1572390639623425|1572390779909687|140286262|1585578452|00561794
1585578430-0013-000|1572391256146834|1572391394509763|138362929|1585578453|00605868
1585578430-0013-000|1572391792396240|1572391915799659|123403419|1585578453|00543800
1585578430-0013-000|1572392297961147|1572392445584174|147623027|1585578454|00505348
1585578430-0013-000|1572392886761595|1572393052453526|165691931|1585578454|00606385
1585578430-0013-000|1572393454283554|1572393617546642|163263088|1585578455|00563620
1585578430-0013-000|1572394046517888|1572394186824349|140306461|1585578455|00580143
1585578430-0013-000|1572394621846861|1572394765519966|143673105|1585578456|00580752
1585578430-0013-000|1572395134600268|1572395282571077|147970809|1585578457|00515042
1585578430-0013-000|1572395710412914|1572395872105494|161692580|1585578457|00576053
1585578430-0013-000|1572396246992077|1572396398518506|151526429|1585578458|00532714
1585578430-0013-000|1572396808104183|1572396956432324|148328141|1585578458|00554799
1585578430-0013-000|1572397415365164|1572397580858421|165493257|1585578459|00621111
1585578430-0013-000|1572397958928088|1572398116758554|157830466|1585578459|00536708
1585578430-0013-000|1572398535724387|1572398704800040|169075653|1585578460|00589771
1585578430-0013-000|1572399124681379|1572399251746138|127064759|1585578460|00559979
1585578430-0013-000|1572399652175325|1572399787841422|135666097|1585578461|00535812
1585578430-0013-000|1572400234342920|1572400378602113|144259193|1585578462|00591159
1585578430-0013-000|1572400726138464|1572400870670281|144531817|1585578462|00486488
1585578430-0013-000|1572401317342288|1572401461071449|143729161|1585578463|00581919
1585578430-0013-000|1572401823546228|1572401968705898|145159670|1585578463|00507773
1585578430-0013-000|1572402382752678|1572402515075215|132322537|1585578464|00555951
1585578430-0013-000|1572402930290371|1572403077527645|147237274|1585578464|00551452
1585578430-0013-000|1572403447857625|1572403606742622|158884997|1585578465|00545218
1585578430-0013-000|1572404086909778|1572404241050438|154140660|1585578465|00616207
1585578430-0013-000|1572404571815899|1572404705433263|133617364|1585578466|00478671
1585578430-0013-000|1572405176386051|1572405321811089|145425038|1585578467|00607854
1585578430-0013-000|1572405719910059|1572405859381072|139471013|1585578467|00543750
1585578430-0013-000|1572406224212513|1572406365279822|141067309|1585578468|00495920
1585578430-0013-000|1572406863322456|1572407010848701|147526245|1585578468|00651872
1585578430-0013-000|1572407389564570|1572407536906551|147341981|1585578469|00519915
1585578430-0013-000|1572407906569742|1572408050706330|144136588|1585578469|00519883
1585578430-0013-000|1572408494189074|1572408635231837|141042763|1585578470|00601024
1585578430-0013-000|1572409044915852|1572409194084539|149168687|1585578470|00535042
1585578430-0013-000|1572409619461486|1572409768583832|149122346|1585578471|00575770
1585578430-0013-000|1572410170317826|1572410317586375|147268549|1585578472|00547649
1585578430-0013-000|1572410753756868|1572410899770925|146014057|1585578472|00596001
1585578430-0013-000|1572411246366411|1572411387804391|141437980|1585578473|00483663
1585578430-0013-000|1572411791038123|1572411943944160|152906037|1585578473|00567785
1585578430-0013-000|1572412430024061|1572412573917776|143893715|1585578474|00615902
1585578430-0013-000|1572412995352019|1572413140526629|145174610|1585578474|00560000
1585578430-0013-000|1572413559909373|1572413716049047|156139674|1585578475|00575886
1585578430-0013-000|1572414110617732|1572414249332854|138715122|1585578475|00531806
1585578430-0013-000|1572414674847493|1572414816844059|141996566|1585578476|00568935
1585578430-0013-000|1572415231040614|1572415424129580|193088966|1585578477|00603350
1585578430-0013-000|1572415899929225|1572416041315449|141386224|1585578477|00621013
1585578430-0013-000|1572416391899726|1572416534995514|143095788|1585578478|00494227
1585578430-0013-000|1572416927938851|1572417070193576|142254725|1585578478|00537517
1585578430-0013-000|1572417490067563|1572417628555661|138488098|1585578479|00559265
1585578430-0013-000|1572418060462592|1572418193783311|133320719|1585578479|00567791
1585578430-0013-000|1572418629083836|1572418781212742|152128906|1585578480|00582909
1585578430-0013-000|1572419190500489|1572419345233999|154733510|1585578481|00559919
1585578430-0013-000|1572419755268173|1572419918760147|163491974|1585578481|00586153
1585578430-0013-000|1572420327189475|1572420476204412|149014937|1585578482|00545578
1585578430-0013-000|1572420950973584|1572421094287544|143313960|1585578482|00627988
1585578430-0013-000|1572421488332873|1572421636408428|148075555|1585578483|00531731
1585578430-0013-000|1572422084632469|1572422227908812|143276343|1585578483|00600111
1585578430-0013-000|1572422695117732|1572422879119705|184001973|1585578484|00657651
1585578430-0013-000|1572423332609190|1572423482742761|150133571|1585578485|00597869
1585578430-0013-000|1572423957271372|1572424106820553|149549181|1585578485|00623939
1585578430-0013-000|1572424498979279|1572424647335941|148356662|1585578486|00543799
1585578430-0013-000|1572425021872738|1572425182502950|160630212|1585578486|00518557
