
openmpi-slave2|1586172053108|1586172053169|61|1586172053|1586172053167
openmpi-slave2|1586172053320|1586172053359|39|1586172053|1586172053355
openmpi-slave2|1586172053548|1586172053579|31|1586172053|1586172053575
openmpi-slave2|1586172053767|1586172053861|94|1586172053|1586172053856
openmpi-slave2|1586172054060|1586172054172|112|1586172054|1586172054168
openmpi-slave2|1586172054329|1586172054380|51|1586172054|1586172054376
openmpi-slave2|1586172054579|1586172054660|81|1586172054|1586172054656
openmpi-slave2|1586172054812|1586172054900|88|1586172054|1586172054896
openmpi-slave2|1586172055056|1586172055161|105|1586172055|1586172055157
openmpi-slave2|1586172055312|1586172055405|93|1586172055|1586172055400
openmpi-slave2|1586172055540|1586172055607|67|1586172055|1586172055602
openmpi-slave2|1586172055807|1586172055863|56|1586172055|1586172055858
openmpi-slave2|1586172056006|1586172056048|42|1586172056|1586172056044
openmpi-slave2|1586172056235|1586172056329|94|1586172056|1586172056324
openmpi-slave2|1586172056508|1586172056581|73|1586172056|1586172056576
openmpi-slave2|1586172056765|1586172056827|62|1586172056|1586172056822
openmpi-slave2|1586172057088|1586172057148|60|1586172057|1586172057144
openmpi-slave2|1586172057303|1586172057358|55|1586172057|1586172057354
openmpi-slave2|1586172057565|1586172057632|67|1586172057|1586172057627
openmpi-slave2|1586172057813|1586172057872|59|1586172057|1586172057868
openmpi-slave2|1586172058026|1586172058087|61|1586172058|1586172058082
openmpi-slave2|1586172058325|1586172058387|62|1586172058|1586172058383
openmpi-slave2|1586172058529|1586172058606|77|1586172058|1586172058601
openmpi-slave2|1586172058776|1586172058826|50|1586172058|1586172058822
openmpi-slave2|1586172058987|1586172059089|102|1586172059|1586172059084
openmpi-slave2|1586172059231|1586172059313|82|1586172059|1586172059308
openmpi-slave2|1586172059484|1586172059512|28|1586172059|1586172059507
openmpi-slave2|1586172059713|1586172059797|84|1586172059|1586172059792
openmpi-slave2|1586172059963|1586172059987|24|1586172059|1586172059982
openmpi-slave2|1586172060200|1586172060273|73|1586172060|1586172060269
openmpi-slave2|1586172060407|1586172060474|67|1586172060|1586172060469
openmpi-slave2|1586172060629|1586172060692|63|1586172060|1586172060687
openmpi-slave2|1586172060884|1586172060985|101|1586172060|1586172060980