1585592959-0009-000|8213595094410|8213788779341|193684931|1585592960|00866347
1585592959-0009-000|8213595094410|8213788779341|193684931|1585592960|00001264
1585592959-0009-000|8213595094410|8213788779341|193684931|1585592960|00000887
1585592959-0009-000|8213595094410|8213788779341|193684931|1585592960|00001108
1585592959-0009-000|8213595094410|8213788779341|193684931|1585592960|00001151
1585592959-0009-000|8213595094410|8213788779341|193684931|1585592960|00001018
1585592959-0009-000|8213595094410|8213788779341|193684931|1585592960|00000942
1585592959-0009-000|8213595094410|8213788779341|193684931|1585592960|00000968
1585592959-0009-000|8213595094410|8213788779341|193684931|1585592960|00000892
1585592959-0009-000|8213595094410|8213788779341|193684931|1585592960|00000920
1585592959-0009-000|8213595094410|8213788779341|193684931|1585592960|00000905
1585592959-0009-000|8213595094410|8213788779341|193684931|1585592960|00000793
1585592959-0009-000|8213595094410|8213788779341|193684931|1585592960|00000988
1585592959-0009-000|8213595094410|8213788779341|193684931|1585592960|00000882
1585592959-0009-000|8213595094410|8213788779341|193684931|1585592960|00000797
1585592959-0009-000|8213595094410|8213788779341|193684931|1585592960|00000820
1585592959-0009-000|8213595094410|8213788779341|193684931|1585592960|00000939
1585592959-0009-000|8213595094410|8213788779341|193684931|1585592960|00000871
1585592959-0009-000|8213595094410|8213788779341|193684931|1585592960|00000894
1585592959-0009-000|8213595094410|8213788779341|193684931|1585592960|00000869
1585592959-0009-000|8213595094410|8213788779341|193684931|1585592960|00001016
1585592959-0009-000|8213595094410|8213788779341|193684931|1585592960|00000872
1585592959-0009-000|8213595094410|8213788779341|193684931|1585592960|00001042
1585592959-0009-000|8213595094410|8213788779341|193684931|1585592960|00000990
1585592959-0009-000|8213595094410|8213788779341|193684931|1585592960|00000955
1585592959-0009-000|8213595094410|8213788779341|193684931|1585592960|00000899
1585592959-0009-000|8213595094410|8213788779341|193684931|1585592960|00001052
1585592959-0009-000|8213595094410|8213788779341|193684931|1585592960|00001068
1585592959-0009-000|8213595094410|8213788779341|193684931|1585592960|00000992
1585592959-0009-000|8213595094410|8213788779341|193684931|1585592960|00001000
1585592959-0009-000|8213595094410|8213788779341|193684931|1585592960|00000925
1585592959-0009-000|8213595094410|8213788779341|193684931|1585592960|00000915
1585592959-0009-000|8213595094410|8213788779341|193684931|1585592960|00001002
1585592959-0009-000|8213595094410|8213788779341|193684931|1585592960|00000890
1585592959-0009-000|8213595094410|8213788779341|193684931|1585592960|00000964
1585592959-0009-000|8213595094410|8213788779341|193684931|1585592960|00000869
1585592959-0009-000|8213595094410|8213788779341|193684931|1585592960|00000825
1585592959-0009-000|8213595094410|8213788779341|193684931|1585592960|00001042
1585592959-0009-000|8213595094410|8213788779341|193684931|1585592960|00000905
1585592959-0009-000|8213595094410|8213788779341|193684931|1585592960|00000955
1585592959-0009-000|8213595094410|8213788779341|193684931|1585592960|00000949
1585592959-0009-000|8213595094410|8213788779341|193684931|1585592960|00000908
1585592959-0009-000|8213595094410|8213788779341|193684931|1585592960|00001068
1585592959-0009-000|8213595094410|8213788779341|193684931|1585592960|00000923
1585592959-0009-000|8213595094410|8213788779341|193684931|1585592960|00000926
1585592959-0009-000|8213595094410|8213788779341|193684931|1585592960|00001010
1585592959-0009-000|8213595094410|8213788779341|193684931|1585592960|00000889
1585592959-0009-000|8213595094410|8213788779341|193684931|1585592960|00001009
1585592959-0009-000|8213595094410|8213788779341|193684931|1585592960|00001032
1585592959-0009-000|8213595094410|8213788779341|193684931|1585592960|00000973
1585592959-0009-000|8213595094410|8213788779341|193684931|1585592960|00000997
1585592959-0009-000|8213595094410|8213788779341|193684931|1585592960|00001041
1585592959-0009-000|8213595094410|8213788779341|193684931|1585592960|00000813
1585592959-0009-000|8213595094410|8213788779341|193684931|1585592960|00000991
1585592959-0009-000|8213595094410|8213788779341|193684931|1585592960|00001044
1585592959-0009-000|8213595094410|8213788779341|193684931|1585592960|00000969
1585592959-0009-000|8213595094410|8213788779341|193684931|1585592960|00001067
1585592959-0009-000|8213595094410|8213788779341|193684931|1585592960|00001005
1585592959-0009-000|8213595094410|8213788779341|193684931|1585592960|00000986
1585592959-0009-000|8213595094410|8213788779341|193684931|1585592960|00000958
1585592959-0009-000|8213595094410|8213788779341|193684931|1585592960|00000996
1585592959-0009-000|8213595094410|8213788779341|193684931|1585592960|00001007
1585592959-0009-000|8213595094410|8213788779341|193684931|1585592960|00001017
1585592959-0009-000|8213595094410|8213788779341|193684931|1585592960|00001169
1585592959-0009-000|8213595094410|8213788779341|193684931|1585592960|00000930
1585592959-0009-000|8213595094410|8213788779341|193684931|1585592960|00001189
1585592959-0009-000|8213595094410|8213788779341|193684931|1585592960|00001106
1585592959-0009-000|8213595094410|8213788779341|193684931|1585592960|00000935
1585592959-0009-000|8213595094410|8213788779341|193684931|1585592960|00001155
1585592959-0009-000|8213595094410|8213788779341|193684931|1585592960|00001044
1585592959-0009-000|8213595094410|8213788779341|193684931|1585592960|00000994
1585592959-0009-000|8213595094410|8213788779341|193684931|1585592960|00001161
1585592959-0009-000|8213595094410|8213788779341|193684931|1585592960|00000864
1585592959-0009-000|8213595094410|8213788779341|193684931|1585592960|00001328
1585592959-0009-000|8213595094410|8213788779341|193684931|1585592960|00001140
1585592959-0009-000|8213595094410|8213788779341|193684931|1585592960|00001032
1585592959-0009-000|8213595094410|8213788779341|193684931|1585592960|00001021
1585592959-0009-000|8213595094410|8213788779341|193684931|1585592960|00001251
1585592959-0009-000|8213595094410|8213788779341|193684931|1585592960|00000961
1585592959-0009-000|8213595094410|8213788779341|193684931|1585592960|00000934
1585592959-0009-000|8213595094410|8213788779341|193684931|1585592960|00001163
1585592959-0009-000|8213595094410|8213788779341|193684931|1585592960|00000990
1585592959-0009-000|8213595094410|8213788779341|193684931|1585592960|00001076
1585592959-0009-000|8213595094410|8213788779341|193684931|1585592960|00001296
1585592959-0009-000|8213595094410|8213788779341|193684931|1585592960|00001067
1585592959-0009-000|8213595094410|8213788779341|193684931|1585592960|00001151
1585592959-0009-000|8213595094410|8213788779341|193684931|1585592960|00000888
1585592959-0009-000|8213595094410|8213788779341|193684931|1585592960|00000980
1585592959-0009-000|8213595094410|8213788779341|193684931|1585592960|00001061
1585592959-0009-000|8213595094410|8213788779341|193684931|1585592960|00001105
1585592959-0009-000|8213595094410|8213788779341|193684931|1585592960|00001295
1585592959-0009-000|8213595094410|8213788779341|193684931|1585592960|00001060
1585592959-0009-000|8213595094410|8213788779341|193684931|1585592960|00001115
1585592959-0009-000|8213595094410|8213788779341|193684931|1585592960|00001154
1585592959-0009-000|8213595094410|8213788779341|193684931|1585592960|00001431
1585592959-0009-000|8213595094410|8213788779341|193684931|1585592960|00001280
1585592959-0009-000|8213595094410|8213788779341|193684931|1585592960|00001400
1585592959-0009-000|8213595094410|8213788779341|193684931|1585592960|00001119
1585592959-0009-000|8213595094410|8213788779341|193684931|1585592960|00001128
1585592959-0009-000|8213595094410|8213788779341|193684931|1585592960|00000927
