1585592980-0074-000|8235260190055|8235479248115|219058060|1585592982|01572016
1585592980-0074-000|8235260190055|8235479248115|219058060|1585592982|00001096
1585592980-0074-000|8235260190055|8235479248115|219058060|1585592982|00001020
1585592980-0074-000|8235260190055|8235479248115|219058060|1585592982|00001033
1585592980-0074-000|8235260190055|8235479248115|219058060|1585592982|00001039
1585592980-0074-000|8235260190055|8235479248115|219058060|1585592982|00001451
1585592980-0074-000|8235260190055|8235479248115|219058060|1585592982|00000918
1585592980-0074-000|8235260190055|8235479248115|219058060|1585592982|00001062
1585592980-0074-000|8235260190055|8235479248115|219058060|1585592982|00000953
1585592980-0074-000|8235260190055|8235479248115|219058060|1585592982|00000980
1585592980-0074-000|8235260190055|8235479248115|219058060|1585592982|00001123
1585592980-0074-000|8235260190055|8235479248115|219058060|1585592982|00001019
1585592980-0074-000|8235260190055|8235479248115|219058060|1585592982|00001104
1585592980-0074-000|8235260190055|8235479248115|219058060|1585592982|00001190
1585592980-0074-000|8235260190055|8235479248115|219058060|1585592982|00000952
1585592980-0074-000|8235260190055|8235479248115|219058060|1585592982|00001122
1585592980-0074-000|8235260190055|8235479248115|219058060|1585592982|00001384
1585592980-0074-000|8235260190055|8235479248115|219058060|1585592982|00000908
1585592980-0074-000|8235260190055|8235479248115|219058060|1585592982|00001112
1585592980-0074-000|8235260190055|8235479248115|219058060|1585592982|00001146
1585592980-0074-000|8235260190055|8235479248115|219058060|1585592982|00000958
1585592980-0074-000|8235260190055|8235479248115|219058060|1585592982|00001310
1585592980-0074-000|8235260190055|8235479248115|219058060|1585592982|00001047
1585592980-0074-000|8235260190055|8235479248115|219058060|1585592982|00001244
1585592980-0074-000|8235260190055|8235479248115|219058060|1585592982|00001296
1585592980-0074-000|8235260190055|8235479248115|219058060|1585592982|00001707
1585592980-0074-000|8235260190055|8235479248115|219058060|1585592982|00001571
1585592980-0074-000|8235260190055|8235479248115|219058060|1585592982|00001222
1585592980-0074-000|8235260190055|8235479248115|219058060|1585592982|00001129
1585592980-0074-000|8235260190055|8235479248115|219058060|1585592982|00001165
1585592980-0074-000|8235260190055|8235479248115|219058060|1585592982|00001099
1585592980-0074-000|8235260190055|8235479248115|219058060|1585592982|00001285
1585592980-0074-000|8235260190055|8235479248115|219058060|1585592982|00001471
1585592980-0074-000|8235260190055|8235479248115|219058060|1585592982|00000980
1585592980-0074-000|8235260190055|8235479248115|219058060|1585592982|00001598
1585592980-0074-000|8235260190055|8235479248115|219058060|1585592982|00001081
1585592980-0074-000|8235260190055|8235479248115|219058060|1585592982|00001093
1585592980-0074-000|8235260190055|8235479248115|219058060|1585592982|00001304
1585592980-0074-000|8235260190055|8235479248115|219058060|1585592982|00001565
1585592980-0074-000|8235260190055|8235479248115|219058060|1585592982|00001761
1585592980-0074-000|8235260190055|8235479248115|219058060|1585592982|00001240
1585592980-0074-000|8235260190055|8235479248115|219058060|1585592982|00001103
1585592980-0074-000|8235260190055|8235479248115|219058060|1585592982|00001149
1585592980-0074-000|8235260190055|8235479248115|219058060|1585592982|00001063
1585592980-0074-000|8235260190055|8235479248115|219058060|1585592982|00001049
1585592980-0074-000|8235260190055|8235479248115|219058060|1585592982|00001208
1585592980-0074-000|8235260190055|8235479248115|219058060|1585592982|00001158
1585592980-0074-000|8235260190055|8235479248115|219058060|1585592982|00000987
1585592980-0074-000|8235260190055|8235479248115|219058060|1585592982|00001022
1585592980-0074-000|8235260190055|8235479248115|219058060|1585592982|00001284
1585592980-0074-000|8235260190055|8235479248115|219058060|1585592982|00000997
1585592980-0074-000|8235260190055|8235479248115|219058060|1585592982|00000963
1585592980-0074-000|8235260190055|8235479248115|219058060|1585592982|00001016
1585592980-0074-000|8235260190055|8235479248115|219058060|1585592982|00001130
1585592980-0074-000|8235260190055|8235479248115|219058060|1585592982|00000966
1585592980-0074-000|8235260190055|8235479248115|219058060|1585592982|00001527
1585592980-0074-000|8235260190055|8235479248115|219058060|1585592982|00001095
1585592980-0074-000|8235260190055|8235479248115|219058060|1585592982|00001150
1585592980-0074-000|8235260190055|8235479248115|219058060|1585592982|00001084
1585592980-0074-000|8235260190055|8235479248115|219058060|1585592982|00001020
1585592980-0074-000|8235260190055|8235479248115|219058060|1585592982|00000939
1585592980-0074-000|8235260190055|8235479248115|219058060|1585592982|00001236
1585592980-0074-000|8235260190055|8235479248115|219058060|1585592982|00001282
1585592980-0074-000|8235260190055|8235479248115|219058060|1585592982|00001190
1585592980-0074-000|8235260190055|8235479248115|219058060|1585592982|00001129
1585592980-0074-000|8235260190055|8235479248115|219058060|1585592982|00008288
1585592980-0074-000|8235260190055|8235479248115|219058060|1585592982|00001006
1585592980-0074-000|8235260190055|8235479248115|219058060|1585592982|00000897
1585592980-0074-000|8235260190055|8235479248115|219058060|1585592982|00001889
1585592980-0074-000|8235260190055|8235479248115|219058060|1585592982|00001046
1585592980-0074-000|8235260190055|8235479248115|219058060|1585592982|00001051
1585592980-0074-000|8235260190055|8235479248115|219058060|1585592982|00001097
1585592980-0074-000|8235260190055|8235479248115|219058060|1585592982|00000986
1585592980-0074-000|8235260190055|8235479248115|219058060|1585592982|00000961
1585592980-0074-000|8235260190055|8235479248115|219058060|1585592982|00000978
1585592980-0074-000|8235260190055|8235479248115|219058060|1585592982|00001363
1585592980-0074-000|8235260190055|8235479248115|219058060|1585592982|00001212
1585592980-0074-000|8235260190055|8235479248115|219058060|1585592982|00001256
1585592980-0074-000|8235260190055|8235479248115|219058060|1585592982|00001137
1585592980-0074-000|8235260190055|8235479248115|219058060|1585592982|00001134
1585592980-0074-000|8235260190055|8235479248115|219058060|1585592982|00001193
1585592980-0074-000|8235260190055|8235479248115|219058060|1585592982|00001044
1585592980-0074-000|8235260190055|8235479248115|219058060|1585592982|00000951
1585592980-0074-000|8235260190055|8235479248115|219058060|1585592982|00000968
1585592980-0074-000|8235260190055|8235479248115|219058060|1585592982|00001164
1585592980-0074-000|8235260190055|8235479248115|219058060|1585592982|00000981
1585592980-0074-000|8235260190055|8235479248115|219058060|1585592982|00001007
1585592980-0074-000|8235260190055|8235479248115|219058060|1585592982|00001089
1585592980-0074-000|8235260190055|8235479248115|219058060|1585592982|00001076
1585592980-0074-000|8235260190055|8235479248115|219058060|1585592982|00001073
1585592980-0074-000|8235260190055|8235479248115|219058060|1585592982|00001001
1585592980-0074-000|8235260190055|8235479248115|219058060|1585592982|00000863
1585592980-0074-000|8235260190055|8235479248115|219058060|1585592982|00000915
1585592980-0074-000|8235260190055|8235479248115|219058060|1585592982|00001006
1585592980-0074-000|8235260190055|8235479248115|219058060|1585592982|00000878
1585592980-0074-000|8235260190055|8235479248115|219058060|1585592982|00000969
1585592980-0074-000|8235260190055|8235479248115|219058060|1585592982|00001130
1585592980-0074-000|8235260190055|8235479248115|219058060|1585592982|00000926
1585592980-0074-000|8235260190055|8235479248115|219058060|1585592982|00001104
1585592980-0074-000|8235260190055|8235479248115|219058060|1585592982|00001010
