1585592980-0017-000|8234262770192|8234435869701|173099509|1585592981|00541986
1585592980-0017-000|8234262770192|8234435869701|173099509|1585592981|00001418
1585592980-0017-000|8234262770192|8234435869701|173099509|1585592981|00001296
1585592980-0017-000|8234262770192|8234435869701|173099509|1585592981|00001427
1585592980-0017-000|8234262770192|8234435869701|173099509|1585592981|00001346
1585592980-0017-000|8234262770192|8234435869701|173099509|1585592981|00001484
1585592980-0017-000|8234262770192|8234435869701|173099509|1585592981|00001235
1585592980-0017-000|8234262770192|8234435869701|173099509|1585592981|00001203
1585592980-0017-000|8234262770192|8234435869701|173099509|1585592981|00001017
1585592980-0017-000|8234262770192|8234435869701|173099509|1585592981|00001398
1585592980-0017-000|8234262770192|8234435869701|173099509|1585592981|00001390
1585592980-0017-000|8234262770192|8234435869701|173099509|1585592981|00001154
1585592980-0017-000|8234262770192|8234435869701|173099509|1585592981|00001177
1585592980-0017-000|8234262770192|8234435869701|173099509|1585592981|00001539
1585592980-0017-000|8234262770192|8234435869701|173099509|1585592981|00001358
1585592980-0017-000|8234262770192|8234435869701|173099509|1585592981|00001562
1585592980-0017-000|8234262770192|8234435869701|173099509|1585592981|00001129
1585592980-0017-000|8234262770192|8234435869701|173099509|1585592981|00001191
1585592980-0017-000|8234262770192|8234435869701|173099509|1585592981|00002051
1585592980-0017-000|8234262770192|8234435869701|173099509|1585592981|00001601
1585592980-0017-000|8234262770192|8234435869701|173099509|1585592981|00001078
1585592980-0017-000|8234262770192|8234435869701|173099509|1585592981|00001502
1585592980-0017-000|8234262770192|8234435869701|173099509|1585592981|00001230
1585592980-0017-000|8234262770192|8234435869701|173099509|1585592981|00001169
1585592980-0017-000|8234262770192|8234435869701|173099509|1585592981|00001523
1585592980-0017-000|8234262770192|8234435869701|173099509|1585592981|00001369
1585592980-0017-000|8234262770192|8234435869701|173099509|1585592981|00001194
1585592980-0017-000|8234262770192|8234435869701|173099509|1585592981|00001098
1585592980-0017-000|8234262770192|8234435869701|173099509|1585592981|00001309
1585592980-0017-000|8234262770192|8234435869701|173099509|1585592981|00001213
1585592980-0017-000|8234262770192|8234435869701|173099509|1585592981|00001524
1585592980-0017-000|8234262770192|8234435869701|173099509|1585592981|00001768
1585592980-0017-000|8234262770192|8234435869701|173099509|1585592981|00001174
1585592980-0017-000|8234262770192|8234435869701|173099509|1585592981|00001545
1585592980-0017-000|8234262770192|8234435869701|173099509|1585592981|00001205
1585592980-0017-000|8234262770192|8234435869701|173099509|1585592981|00001282
1585592980-0017-000|8234262770192|8234435869701|173099509|1585592981|00001170
1585592980-0017-000|8234262770192|8234435869701|173099509|1585592981|00001303
1585592980-0017-000|8234262770192|8234435869701|173099509|1585592981|00001185
1585592980-0017-000|8234262770192|8234435869701|173099509|1585592981|00001932
1585592980-0017-000|8234262770192|8234435869701|173099509|1585592981|00001019
1585592980-0017-000|8234262770192|8234435869701|173099509|1585592981|00001128
1585592980-0017-000|8234262770192|8234435869701|173099509|1585592981|00001550
1585592980-0017-000|8234262770192|8234435869701|173099509|1585592981|00001286
1585592980-0017-000|8234262770192|8234435869701|173099509|1585592981|00001496
1585592980-0017-000|8234262770192|8234435869701|173099509|1585592981|00001358
1585592980-0017-000|8234262770192|8234435869701|173099509|1585592981|00001444
1585592980-0017-000|8234262770192|8234435869701|173099509|1585592981|00001201
1585592980-0017-000|8234262770192|8234435869701|173099509|1585592981|00001297
1585592980-0017-000|8234262770192|8234435869701|173099509|1585592981|00002663
1585592980-0017-000|8234262770192|8234435869701|173099509|1585592981|00001112
1585592980-0017-000|8234262770192|8234435869701|173099509|1585592981|00001243
1585592980-0017-000|8234262770192|8234435869701|173099509|1585592981|00001270
1585592980-0017-000|8234262770192|8234435869701|173099509|1585592981|00001059
1585592980-0017-000|8234262770192|8234435869701|173099509|1585592981|00001142
1585592980-0017-000|8234262770192|8234435869701|173099509|1585592981|00001154
1585592980-0017-000|8234262770192|8234435869701|173099509|1585592981|00001068
1585592980-0017-000|8234262770192|8234435869701|173099509|1585592981|00000915
1585592980-0017-000|8234262770192|8234435869701|173099509|1585592981|00001175
1585592980-0017-000|8234262770192|8234435869701|173099509|1585592981|00001233
1585592980-0017-000|8234262770192|8234435869701|173099509|1585592981|00001116
1585592980-0017-000|8234262770192|8234435869701|173099509|1585592981|00001017
1585592980-0017-000|8234262770192|8234435869701|173099509|1585592981|00001117
1585592980-0017-000|8234262770192|8234435869701|173099509|1585592981|00001447
1585592980-0017-000|8234262770192|8234435869701|173099509|1585592981|00001283
1585592980-0017-000|8234262770192|8234435869701|173099509|1585592981|00001328
1585592980-0017-000|8234262770192|8234435869701|173099509|1585592981|00001952
1585592980-0017-000|8234262770192|8234435869701|173099509|1585592981|00001101
1585592980-0017-000|8234262770192|8234435869701|173099509|1585592981|00001313
1585592980-0017-000|8234262770192|8234435869701|173099509|1585592981|00001478
1585592980-0017-000|8234262770192|8234435869701|173099509|1585592981|00001436
1585592980-0017-000|8234262770192|8234435869701|173099509|1585592981|00001225
1585592980-0017-000|8234262770192|8234435869701|173099509|1585592981|00001196
1585592980-0017-000|8234262770192|8234435869701|173099509|1585592981|00001576
1585592980-0017-000|8234262770192|8234435869701|173099509|1585592981|00001342
1585592980-0017-000|8234262770192|8234435869701|173099509|1585592981|00001183
1585592980-0017-000|8234262770192|8234435869701|173099509|1585592981|00001368
1585592980-0017-000|8234262770192|8234435869701|173099509|1585592981|00001009
1585592980-0017-000|8234262770192|8234435869701|173099509|1585592981|00001409
1585592980-0017-000|8234262770192|8234435869701|173099509|1585592981|00001299
1585592980-0017-000|8234262770192|8234435869701|173099509|1585592981|00001035
1585592980-0017-000|8234262770192|8234435869701|173099509|1585592981|00001343
1585592980-0017-000|8234262770192|8234435869701|173099509|1585592981|00001258
1585592980-0017-000|8234262770192|8234435869701|173099509|1585592981|00001328
1585592980-0017-000|8234262770192|8234435869701|173099509|1585592981|00001208
1585592980-0017-000|8234262770192|8234435869701|173099509|1585592981|00001163
1585592980-0017-000|8234262770192|8234435869701|173099509|1585592981|00001045
1585592980-0017-000|8234262770192|8234435869701|173099509|1585592981|00001221
1585592980-0017-000|8234262770192|8234435869701|173099509|1585592981|00001225
1585592980-0017-000|8234262770192|8234435869701|173099509|1585592981|00001130
1585592980-0017-000|8234262770192|8234435869701|173099509|1585592981|00001221
1585592980-0017-000|8234262770192|8234435869701|173099509|1585592981|00001489
1585592980-0017-000|8234262770192|8234435869701|173099509|1585592981|00001094
1585592980-0017-000|8234262770192|8234435869701|173099509|1585592981|00001261
1585592980-0017-000|8234262770192|8234435869701|173099509|1585592981|00001132
1585592980-0017-000|8234262770192|8234435869701|173099509|1585592981|00001080
1585592980-0017-000|8234262770192|8234435869701|173099509|1585592981|00001086
1585592980-0017-000|8234262770192|8234435869701|173099509|1585592981|00001125
1585592980-0017-000|8234262770192|8234435869701|173099509|1585592981|00001177
1585592980-0017-000|8234262770192|8234435869701|173099509|1585592981|00001246
