1585592980-0004-000|8233919851148|8234019257618|99406470|1585592980|00130003
1585592980-0004-000|8233919851148|8234019257618|99406470|1585592980|00001310
1585592980-0004-000|8233919851148|8234019257618|99406470|1585592980|00001176
1585592980-0004-000|8233919851148|8234019257618|99406470|1585592980|00001335
1585592980-0004-000|8233919851148|8234019257618|99406470|1585592980|00001102
1585592980-0004-000|8233919851148|8234019257618|99406470|1585592980|00001462
1585592980-0004-000|8233919851148|8234019257618|99406470|1585592980|00001352
1585592980-0004-000|8233919851148|8234019257618|99406470|1585592980|00001056
1585592980-0004-000|8233919851148|8234019257618|99406470|1585592980|00001019
1585592980-0004-000|8233919851148|8234019257618|99406470|1585592980|00001153
1585592980-0004-000|8233919851148|8234019257618|99406470|1585592980|00001082
1585592980-0004-000|8233919851148|8234019257618|99406470|1585592980|00001226
1585592980-0004-000|8233919851148|8234019257618|99406470|1585592980|00001621
1585592980-0004-000|8233919851148|8234019257618|99406470|1585592980|00001396
1585592980-0004-000|8233919851148|8234019257618|99406470|1585592980|00001501
1585592980-0004-000|8233919851148|8234019257618|99406470|1585592980|00001088
1585592980-0004-000|8233919851148|8234019257618|99406470|1585592980|00001174
1585592980-0004-000|8233919851148|8234019257618|99406470|1585592980|00001403
1585592980-0004-000|8233919851148|8234019257618|99406470|1585592980|00001162
1585592980-0004-000|8233919851148|8234019257618|99406470|1585592980|00001224
1585592980-0004-000|8233919851148|8234019257618|99406470|1585592980|00001242
1585592980-0004-000|8233919851148|8234019257618|99406470|1585592980|00001050
1585592980-0004-000|8233919851148|8234019257618|99406470|1585592980|00001129
1585592980-0004-000|8233919851148|8234019257618|99406470|1585592980|00001058
1585592980-0004-000|8233919851148|8234019257618|99406470|1585592980|00001021
1585592980-0004-000|8233919851148|8234019257618|99406470|1585592980|00001218
1585592980-0004-000|8233919851148|8234019257618|99406470|1585592980|00001495
1585592980-0004-000|8233919851148|8234019257618|99406470|1585592980|00001345
1585592980-0004-000|8233919851148|8234019257618|99406470|1585592980|00001292
1585592980-0004-000|8233919851148|8234019257618|99406470|1585592980|00001395
1585592980-0004-000|8233919851148|8234019257618|99406470|1585592980|00001347
1585592980-0004-000|8233919851148|8234019257618|99406470|1585592980|00001183
1585592980-0004-000|8233919851148|8234019257618|99406470|1585592980|00001048
1585592980-0004-000|8233919851148|8234019257618|99406470|1585592980|00001181
1585592980-0004-000|8233919851148|8234019257618|99406470|1585592980|00000982
1585592980-0004-000|8233919851148|8234019257618|99406470|1585592980|00001103
1585592980-0004-000|8233919851148|8234019257618|99406470|1585592980|00001185
1585592980-0004-000|8233919851148|8234019257618|99406470|1585592980|00001182
1585592980-0004-000|8233919851148|8234019257618|99406470|1585592980|00000963
1585592980-0004-000|8233919851148|8234019257618|99406470|1585592980|00001044
1585592980-0004-000|8233919851148|8234019257618|99406470|1585592980|00001020
1585592980-0004-000|8233919851148|8234019257618|99406470|1585592980|00001430
1585592980-0004-000|8233919851148|8234019257618|99406470|1585592980|00001045
1585592980-0004-000|8233919851148|8234019257618|99406470|1585592980|00001107
1585592980-0004-000|8233919851148|8234019257618|99406470|1585592980|00001263
1585592980-0004-000|8233919851148|8234019257618|99406470|1585592980|00001287
1585592980-0004-000|8233919851148|8234019257618|99406470|1585592980|00001327
1585592980-0004-000|8233919851148|8234019257618|99406470|1585592980|00001136
1585592980-0004-000|8233919851148|8234019257618|99406470|1585592980|00001381
1585592980-0004-000|8233919851148|8234019257618|99406470|1585592980|00001036
1585592980-0004-000|8233919851148|8234019257618|99406470|1585592980|00001056
1585592980-0004-000|8233919851148|8234019257618|99406470|1585592980|00001195
1585592980-0004-000|8233919851148|8234019257618|99406470|1585592980|00001360
1585592980-0004-000|8233919851148|8234019257618|99406470|1585592980|00001117
1585592980-0004-000|8233919851148|8234019257618|99406470|1585592980|00001096
1585592980-0004-000|8233919851148|8234019257618|99406470|1585592980|00001110
1585592980-0004-000|8233919851148|8234019257618|99406470|1585592980|00001053
1585592980-0004-000|8233919851148|8234019257618|99406470|1585592980|00001264
1585592980-0004-000|8233919851148|8234019257618|99406470|1585592980|00001489
1585592980-0004-000|8233919851148|8234019257618|99406470|1585592980|00001099
1585592980-0004-000|8233919851148|8234019257618|99406470|1585592980|00001332
1585592980-0004-000|8233919851148|8234019257618|99406470|1585592980|00001048
1585592980-0004-000|8233919851148|8234019257618|99406470|1585592980|00001269
1585592980-0004-000|8233919851148|8234019257618|99406470|1585592980|00001073
1585592980-0004-000|8233919851148|8234019257618|99406470|1585592980|00001079
1585592980-0004-000|8233919851148|8234019257618|99406470|1585592980|00001022
1585592980-0004-000|8233919851148|8234019257618|99406470|1585592980|00001040
1585592980-0004-000|8233919851148|8234019257618|99406470|1585592980|00000958
1585592980-0004-000|8233919851148|8234019257618|99406470|1585592980|00000949
1585592980-0004-000|8233919851148|8234019257618|99406470|1585592980|00001086
1585592980-0004-000|8233919851148|8234019257618|99406470|1585592980|00000862
1585592980-0004-000|8233919851148|8234019257618|99406470|1585592980|00001250
1585592980-0004-000|8233919851148|8234019257618|99406470|1585592980|00001138
1585592980-0004-000|8233919851148|8234019257618|99406470|1585592980|00001208
1585592980-0004-000|8233919851148|8234019257618|99406470|1585592980|00001272
1585592980-0004-000|8233919851148|8234019257618|99406470|1585592980|00001016
1585592980-0004-000|8233919851148|8234019257618|99406470|1585592980|00001068
1585592980-0004-000|8233919851148|8234019257618|99406470|1585592980|00000999
1585592980-0004-000|8233919851148|8234019257618|99406470|1585592980|00001242
1585592980-0004-000|8233919851148|8234019257618|99406470|1585592980|00001144
1585592980-0004-000|8233919851148|8234019257618|99406470|1585592980|00001334
1585592980-0004-000|8233919851148|8234019257618|99406470|1585592980|00001050
1585592980-0004-000|8233919851148|8234019257618|99406470|1585592980|00001140
1585592980-0004-000|8233919851148|8234019257618|99406470|1585592980|00001230
1585592980-0004-000|8233919851148|8234019257618|99406470|1585592980|00000977
1585592980-0004-000|8233919851148|8234019257618|99406470|1585592980|00001205
1585592980-0004-000|8233919851148|8234019257618|99406470|1585592980|00001037
1585592980-0004-000|8233919851148|8234019257618|99406470|1585592980|00000952
1585592980-0004-000|8233919851148|8234019257618|99406470|1585592980|00001056
1585592980-0004-000|8233919851148|8234019257618|99406470|1585592980|00001229
1585592980-0004-000|8233919851148|8234019257618|99406470|1585592980|00001102
1585592980-0004-000|8233919851148|8234019257618|99406470|1585592980|00001180
1585592980-0004-000|8233919851148|8234019257618|99406470|1585592980|00001114
1585592980-0004-000|8233919851148|8234019257618|99406470|1585592980|00001041
1585592980-0004-000|8233919851148|8234019257618|99406470|1585592980|00001096
1585592980-0004-000|8233919851148|8234019257618|99406470|1585592980|00001112
1585592980-0004-000|8233919851148|8234019257618|99406470|1585592980|00001124
1585592980-0004-000|8233919851148|8234019257618|99406470|1585592980|00001000
1585592980-0004-000|8233919851148|8234019257618|99406470|1585592980|00001062
1585592980-0004-000|8233919851148|8234019257618|99406470|1585592980|00001037
