1585581800-0001-000|1575739175154961|1575739256653827|81498866|1585581800|00186888
1585581800-0001-000|1575740266206131|1575740343875962|77669831|1585581802|00092079
1585581800-0001-000|1575741362277427|1575741448668823|86391396|1585581803|00098599
1585581800-0001-000|1575742460726525|1575742535861053|75134528|1585581804|00095040
1585581800-0001-000|1575743549468088|1575743637569811|88101723|1585581805|00093669
1585581800-0001-000|1575744689192492|1575744775149855|85957363|1585581806|00142009
1585581800-0001-000|1575745790361371|1575745872638853|82277482|1585581807|00094633
1585581800-0001-000|1575746882528238|1575746966214047|83685809|1585581808|00091445
1585581800-0001-000|1575747971283304|1575748059418966|88135662|1585581809|00117634
1585581800-0001-000|1575749089125616|1575749147625819|58500203|1585581810|00071807
1585581800-0001-000|1575750161128945|1575750188263639|27134694|1585581811|00032341
1585581800-0001-000|1575751249937190|1575751287315490|37378300|1585581813|00107228
1585581800-0001-000|1575752343654446|1575752426619402|82964956|1585581814|00135521
1585581800-0001-000|1575753448504024|1575753528104467|79600443|1585581815|00096846
1585581800-0001-000|1575754534666391|1575754620265285|85598894|1585581816|00092199
1585581800-0001-000|1575755631972230|1575755722759874|90787644|1585581817|00104639
1585581800-0001-000|1575756734668411|1575756814831206|80162795|1585581818|00092048
1585581800-0001-000|1575757832079894|1575757906846066|74766172|1585581819|00093287
1585581800-0001-000|1575758916927084|1575759009290700|92363616|1585581820|00102458
1585581800-0001-000|1575760019212781|1575760110193153|90980372|1585581821|00102524
1585581800-0001-000|1575761129807659|1575761220578772|90771113|1585581822|00104161
1585581800-0001-000|1575762232208370|1575762321071318|88862948|1585581824|00102656
1585581800-0001-000|1575763328757695|1575763406277311|77519616|1585581825|00087789
1585581800-0001-000|1575764420422265|1575764495055589|74633324|1585581826|00086099
1585581800-0001-000|1575765509572479|1575765591475386|81902907|1585581827|00093111
1585581800-0001-000|1575766602046201|1575766685043268|82997067|1585581828|00095936
1585581800-0001-000|1575767693270978|1575767780153461|86882483|1585581829|00092444
1585581800-0001-000|1575768793614737|1575768867165848|73551111|1585581830|00094138
1585581800-0001-000|1575769888469671|1575769963966187|75496516|1585581831|00094142
1585581800-0001-000|1575770975012802|1575771062573901|87561099|1585581832|00093585
1585581800-0001-000|1575772067760161|1575772159385235|91625074|1585581833|00096751
1585581800-0001-000|1575773178934521|1575773263186655|84252134|1585581834|00113057
1585581800-0001-000|1575774277734835|1575774365419873|87685038|1585581836|00093757
1585581800-0001-000|1575775371539243|1575775459012507|87473264|1585581837|00099439
1585581800-0001-000|1575776472204992|1575776562515849|90310857|1585581838|00097357
1585581800-0001-000|1575777571092707|1575777654928314|83835607|1585581839|00093119
1585581800-0001-000|1575778669937300|1575778752963423|83026123|1585581840|00102612
1585581800-0001-000|1575779764270994|1575779848210806|83939812|1585581841|00088523
1585581800-0001-000|1575780870600730|1575780958510649|87909919|1585581842|00112879
1585581800-0001-000|1575782029901843|1575782235559055|205657212|1585581843|00275077
1585581800-0001-000|1575783242412603|1575783374608273|132195670|1585581845|00146925
1585581800-0001-000|1575784388738822|1575784442834790|54095968|1585581846|00058769
1585581800-0001-000|1575785447687530|1575785502949855|55262325|1585581847|00061349
1585581800-0001-000|1575786513474148|1575786567049355|53575207|1585581848|00062946
1585581800-0001-000|1575787574627121|1575787633134739|58507618|1585581849|00065894
1585581800-0001-000|1575788642653286|1575788699251384|56598098|1585581850|00065477
1585581800-0001-000|1575789703923665|1575789774518622|70594957|1585581851|00075979
1585581800-0001-000|1575790792231729|1575790869531493|77299764|1585581852|00094219
1585581800-0001-000|1575791896669444|1575791970828630|74159186|1585581853|00102224
1585581800-0001-000|1575792999730099|1575793070330433|70600334|1585581854|00098198
1585581800-0001-000|1575794075306049|1575794155538117|80232068|1585581855|00085965
1585581800-0001-000|1575795166680028|1575795246114791|79434763|1585581856|00093467
1585581800-0001-000|1575796258512217|1575796341857113|83344896|1585581858|00093946
1585581800-0001-000|1575797350384881|1575797433741228|83356347|1585581859|00092059
1585581800-0001-000|1575798446874336|1575798533980268|87105932|1585581860|00097319
1585581800-0001-000|1575799539487752|1575799622689095|83201343|1585581861|00092119
1585581800-0001-000|1575800640176971|1575800724606483|84429512|1585581862|00100194
1585581800-0001-000|1575801738786732|1575801821591918|82805186|1585581863|00094864
1585581800-0001-000|1575802859448915|1575802939856007|80407092|1585581864|00118014
1585581800-0001-000|1575803944748538|1575804024340581|79592043|1585581865|00084431
1585581800-0001-000|1575805029104897|1575805110641672|81536775|1585581866|00092080
1585581800-0001-000|1575806132542225|1575806229493018|96950793|1585581867|00116527
1585581800-0001-000|1575807239322835|1575807324595621|85272786|1585581869|00091584
1585581800-0001-000|1575808334802096|1575808417575196|82773100|1585581870|00095541
1585581800-0001-000|1575809430592455|1575809526318150|95725695|1585581871|00105729
1585581800-0001-000|1575810531229825|1575810615043361|83813536|1585581872|00088126
1585581800-0001-000|1575811622511704|1575811710230982|87719278|1585581873|00099289
1585581800-0001-000|1575812722934966|1575812805963130|83028164|1585581874|00092089
1585581800-0001-000|1575813811338252|1575813890230671|78892419|1585581875|00085729
1585581800-0001-000|1575814897815618|1575814981393585|83577967|1585581876|00092571
1585581800-0001-000|1575815991136264|1575816074344721|83208457|1585581877|00098960
1585581800-0001-000|1575817097105036|1575817187895871|90790835|1585581878|00106859
1585581800-0001-000|1575818198945497|1575818282219478|83273981|1585581880|00094257
1585581800-0001-000|1575819294411009|1575819373899318|79488309|1585581881|00089261
1585581800-0001-000|1575820382501871|1575820466620995|84119124|1585581882|00096044
1585581800-0001-000|1575821483652557|1575821568995754|85343197|1585581883|00097262
1585581800-0001-000|1575822585776394|1575822686489731|100713337|1585581884|00117837
1585581800-0001-000|1575823699083809|1575823778785820|79702011|1585581885|00091544
1585581800-0001-000|1575824790444572|1575824869996337|79551765|1585581886|00091230
1585581800-0001-000|1575825878583702|1575825971490260|92906558|1585581887|00101197
1585581800-0001-000|1575826985336492|1575827064635953|79299461|1585581888|00093979
1585581800-0001-000|1575828071898562|1575828158628855|86730293|1585581889|00094336
1585581800-0001-000|1575829166873303|1575829247922224|81048921|1585581890|00094316
1585581800-0001-000|1575830262593582|1575830345906702|83313120|1585581892|00091352
1585581800-0001-000|1575831354454385|1575831437953993|83499608|1585581893|00093432
1585581800-0001-000|1575832446702427|1575832529682852|82980425|1585581894|00089947
1585581800-0001-000|1575833542136503|1575833639566634|97430131|1585581895|00119207
1585581800-0001-000|1575834665354426|1575834751152586|85798160|1585581896|00103122
1585581800-0001-000|1575835762885892|1575835852171824|89285932|1585581897|00099571
1585581800-0001-000|1575836858790438|1575836945566357|86775919|1585581898|00093123
1585581800-0001-000|1575837960862978|1575838041952217|81089239|1585581899|00096566
1585581800-0001-000|1575839050487904|1575839138929496|88441592|1585581900|00096916
1585581800-0001-000|1575840146841823|1575840237084494|90242671|1585581901|00099728
1585581800-0001-000|1575841248770248|1575841339112102|90341854|1585581903|00103511
1585581800-0001-000|1575842356929600|1575842445131729|88202129|1585581904|00102103
1585581800-0001-000|1575843454787789|1575843548436745|93648956|1585581905|00104579
1585581800-0001-000|1575844568374594|1575844654836278|86461684|1585581906|00109129
1585581800-0001-000|1575845674491800|1575845789349065|114857265|1585581907|00131803
1585581800-0001-000|1575846828893172|1575846894854455|65961283|1585581908|00103515
1585581800-0001-000|1575847902717817|1575847984876476|82158659|1585581909|00089724
