openmpi-master|4006055918247|4006148474074|92555827|1585926251|00108111
openmpi-master|4006492358073|4006566384602|74026529|1585926251|00428996
openmpi-master|4006997831501|4007106398398|108566897|1585926252|00531837
openmpi-master|4007397149131|4007499194247|102045116|1585926252|00399840
openmpi-master|4007943200012|4008120664389|177464377|1585926253|00608967
openmpi-master|4008422300454|4008559848042|137547588|1585926253|00458719
openmpi-master|4008929802843|4009071454723|141651880|1585926254|00511919
openmpi-master|4009423852912|4009585101064|161248152|1585926254|00495792
openmpi-master|4009910091410|4010061073573|150982163|1585926255|00473375
openmpi-master|4010380701915|4010507633504|126931589|1585926255|00466502
openmpi-master|4010860514672|4011023434369|162919697|1585926256|00507850
openmpi-master|4011308712819|4011444604689|135891870|1585926256|00415911
openmpi-master|4011780618126|4011915426084|134807958|1585926257|00475902
openmpi-master|4012294317400|4012435334338|141016938|1585926257|00520955
openmpi-master|4012805358728|4012954657365|149298637|1585926258|00518789
openmpi-master|4013278418723|4013437053652|158634929|1585926258|00475897
openmpi-master|4013692346357|4013833127279|140780922|1585926259|00389276
openmpi-master|4014176152983|4014304384199|128231216|1585926259|00478483
openmpi-master|4014635808481|4014767235600|131427119|1585926260|00469897
openmpi-master|4015110265344|4015253358667|143093323|1585926260|00481809
openmpi-master|4015602965240|4015751968589|149003349|1585926261|00488144
openmpi-master|4015987923634|4016134053745|146130111|1585926261|00391755
openmpi-master|4016454358647|4016628127584|173768937|1585926261|00487754
openmpi-master|4016938184465|4017074543210|136358745|1585926262|00447776
openmpi-master|4017402099114|4017547620265|145521151|1585926262|00488003
openmpi-master|4017879744500|4018025796395|146051895|1585926263|00465886
openmpi-master|4018370840565|4018517987553|147146988|1585926263|00489796
openmpi-master|4018842402054|4018985648693|143246639|1585926264|00467893
openmpi-master|4019237271348|4019369971025|132699677|1585926264|00384785
openmpi-master|4019710564121|4019857483684|146919563|1585926265|00483040
openmpi-master|4020169318003|4020306229336|136911333|1585926265|00455776
openmpi-master|4020662439814|4020798391937|135952123|1585926266|00488235
openmpi-master|4021139426212|4021292423076|152996864|1585926266|00490328
openmpi-master|4021629863442|4021793610389|163746947|1585926267|00501403
openmpi-master|4022143005232|4022282303261|139298029|1585926267|00496884
openmpi-master|4022628668654|4022758866827|130198173|1585926268|00482635
openmpi-master|4023048665037|4023192492566|143827529|1585926268|00419915
openmpi-master|4023506014855|4023656804378|150789523|1585926268|00462515
openmpi-master|4023954616534|4024101904024|147287490|1585926269|00457252
openmpi-master|4024445231989|4024596383924|151151935|1585926269|00480535
openmpi-master|4024914849557|4025061616271|146766714|1585926270|00479194
openmpi-master|4025353922273|4025505542537|151620264|1585926270|00431963
openmpi-master|4025794239252|4025933800402|139561150|1585926271|00443859
openmpi-master|4026284263284|4026411699615|127436331|1585926271|00475853
openmpi-master|4026721621390|4026858251697|136630307|1585926272|00447870
openmpi-master|4027206443957|4027346212079|139768122|1585926272|00470361
openmpi-master|4027648162722|4027778948343|130785621|1585926273|00441449
openmpi-master|4028074175639|4028214843001|140667362|1585926273|00436879
openmpi-master|4028553979936|4028692756116|138776180|1585926273|00475265
openmpi-master|4028990561257|4029131491471|140930214|1585926274|00447497
openmpi-master|4029487009480|4029630846586|143837106|1585926274|00491876
openmpi-master|4029926458522|4030058232430|131773908|1585926275|00431844
openmpi-master|4030356150228|4030496161322|140011094|1585926275|00424173
openmpi-master|4030810184689|4030961571563|151386874|1585926276|00467535
openmpi-master|4031298447346|4031435759484|137312138|1585926276|00487874
openmpi-master|4031774108597|4031922631594|148522997|1585926277|00482530
openmpi-master|4032232231899|4032378955249|146723350|1585926277|00461294
openmpi-master|4032720922505|4032876075643|155153138|1585926278|00480165
openmpi-master|4033194226591|4033326737824|132511233|1585926278|00467561
openmpi-master|4033682159719|4033829444043|147284324|1585926279|00488979
openmpi-master|4034188749828|4034319767166|131017338|1585926279|00501768
openmpi-master|4034650723836|4034791538196|140814360|1585926280|00472916
openmpi-master|4035143008946|4035283848103|140839157|1585926280|00492227
openmpi-master|4035603721610|4035810455825|206734215|1585926281|00523590
openmpi-master|4036142299610|4036300233370|157933760|1585926281|00476232
openmpi-master|4036625208159|4036766150021|140941862|1585926282|00470335
openmpi-master|4037098684034|4037257869382|159185348|1585926282|00488980
openmpi-master|4037581359516|4037719900605|138541089|1585926283|00476477
openmpi-master|4038002598546|4038164113043|161514497|1585926283|00427920
openmpi-master|4038505765222|4038673449395|167684173|1585926283|00515216
openmpi-master|4038994449402|4039164695199|170245797|1585926284|00484903
openmpi-master|4039482438997|4039621919550|139480553|1585926284|00462899
openmpi-master|4039953022091|4040107176274|154154183|1585926285|00495935
openmpi-master|4040418552186|4040607602047|189049861|1585926285|00499945
openmpi-master|4041023869180|4041221774820|197905640|1585926286|00607792
openmpi-master|4041602461786|4041739141819|136680033|1585926287|00523698
openmpi-master|4042098763641|4042246459484|147695843|1585926287|00499949
openmpi-master|4042566718681|4042712591823|145873142|1585926287|00456947
openmpi-master|4042986130574|4043129174838|143044264|1585926288|00422887
openmpi-master|4043424194457|4043568865690|144671233|1585926288|00439910
openmpi-master|4043869956169|4044024967988|155011819|1585926289|00455811
openmpi-master|4044357982487|4044491097125|133114638|1585926289|00459847
openmpi-master|4044825426319|4044971544407|146118088|1585926290|00484018
openmpi-master|4045278202790|4045423259551|145056761|1585926290|00463876
openmpi-master|4045678475894|4045822665133|144189239|1585926291|00395856
openmpi-master|4046134228940|4046270823810|136594870|1585926291|00447885
openmpi-master|4046680959312|4046824872572|143913260|1585926292|00547925
openmpi-master|4047165027960|4047283272576|118244616|1585926292|00470266
openmpi-master|4047624975564|4047768837142|143861578|1585926293|00473365
openmpi-master|4048010291251|4048158934449|148643198|1585926293|00391942
openmpi-master|4048433931084|4048571327286|137396202|1585926293|00409178
openmpi-master|4048912628157|4049055755663|143127506|1585926294|00491455
openmpi-master|4049397763935|4049527091502|129327567|1585926294|00464276
openmpi-master|4049804910935|4049942228792|137317857|1585926295|00418579
openmpi-master|4050213406835|4050352480973|139074138|1585926295|00402158
openmpi-master|4050682596876|4050834462632|151865756|1585926296|00497574
openmpi-master|4051182363709|4051324163826|141800117|1585926296|00474198
openmpi-master|4051651848827|4051804114210|152265383|1585926297|00481647
openmpi-master|4052130814427|4052280493747|149679320|1585926297|00472627
openmpi-master|4052471656548|4052611219016|139562468|1585926297|00336190
