openmpi-slave4|4006284467208|4006370393302|85926094|1585926251|00323269
openmpi-slave4|4006766049529|4006853776706|87727177|1585926252|00482004
openmpi-slave4|4007212607485|4007314905605|102298120|1585926252|00472204
openmpi-slave4|4007642451706|4007759249590|116797884|1585926253|00436696
openmpi-slave4|4008094982973|4008238514226|143531253|1585926253|00491036
openmpi-slave4|4008574291742|4008727608345|153316603|1585926253|00481907
openmpi-slave4|4009078612686|4009246998360|168385674|1585926254|00509083
openmpi-slave4|4009515162984|4009658423546|143260562|1585926254|00424658
openmpi-slave4|4009948070101|4010082362315|134292214|1585926255|00411848
openmpi-slave4|4010394167201|4010534296252|140129051|1585926255|00468025
openmpi-slave4|4010941416583|4011078534941|137118358|1585926256|00538392
openmpi-slave4|4011370557840|4011521785032|151227192|1585926256|00437344
openmpi-slave4|4011801061427|4011941621989|140560562|1585926257|00419858
openmpi-slave4|4012324299327|4012466101861|141802534|1585926257|00523900
openmpi-slave4|4012817399526|4012951531601|134132075|1585926258|00497533
openmpi-slave4|4013307188493|4013451720450|144531957|1585926258|00497648
openmpi-slave4|4013774209607|4013915385225|141175618|1585926259|00464523
openmpi-slave4|4014198839193|4014335148537|136309344|1585926259|00419908
openmpi-slave4|4014654678701|4014801809368|147130667|1585926260|00450073
openmpi-slave4|4015115172324|4015266487838|151315514|1585926260|00469664
openmpi-slave4|4015613979290|4015750955893|136976603|1585926261|00491892
openmpi-slave4|4016096798759|4016252836180|156037421|1585926261|00490049
openmpi-slave4|4016605011683|4016738463497|133451814|1585926262|00496798
openmpi-slave4|4016997897876|4017131480530|133582654|1585926262|00400843
openmpi-slave4|4017459987016|4017607253746|147266730|1585926262|00463058
openmpi-slave4|4017886513082|4018027566422|141053340|1585926263|00420571
openmpi-slave4|4018362681405|4018506975213|144293808|1585926263|00482199
openmpi-slave4|4018758059480|4018896437071|138377591|1585926264|00380618
openmpi-slave4|4019226533398|4019372416579|145883181|1585926264|00476881
openmpi-slave4|4019642448888|4019782332343|139883455|1585926265|00421635
openmpi-slave4|4020166731592|4020302852028|136120436|1585926265|00516029
openmpi-slave4|4020657231127|4020796462973|139231846|1585926266|00485975
openmpi-slave4|4021061882726|4021217466658|155583932|1585926266|00419763
openmpi-slave4|4021561939923|4021702883913|140943990|1585926266|00495978
openmpi-slave4|4021994485604|4022152605724|158120120|1585926267|00443911
openmpi-slave4|4022462895926|4022608232981|145337055|1585926267|00451898
openmpi-slave4|4022867903468|4023028391262|160487794|1585926268|00419866
openmpi-slave4|4023346731244|4023483946436|137215192|1585926268|00468292
openmpi-slave4|4023779810038|4023940143582|160333544|1585926269|00439960
openmpi-slave4|4024254390825|4024414198256|159807431|1585926269|00491495
openmpi-slave4|4024757367828|4024904662495|147294667|1585926270|00472949
openmpi-slave4|4025182664547|4025340578914|157914367|1585926270|00435699
openmpi-slave4|4025644166817|4025784600207|140433390|1585926271|00447007
openmpi-slave4|4026114748644|4026262395383|147646739|1585926271|00483569
openmpi-slave4|4026546383165|4026683829382|137446217|1585926271|00436134
openmpi-slave4|4027033976902|4027175819517|141842615|1585926272|00484123
openmpi-slave4|4027470477236|4027618706371|148229135|1585926272|00443667
openmpi-slave4|4027903984103|4028047269611|143285508|1585926273|00427896
openmpi-slave4|4028349993888|4028483544097|133550209|1585926273|00429628
openmpi-slave4|4028822388255|4028959009825|136621570|1585926274|00478161
openmpi-slave4|4029250479619|4029409084219|158604600|1585926274|00437254
openmpi-slave4|4029709576424|4029847468866|137892442|1585926275|00452142
openmpi-slave4|4030178554250|4030323244267|144690017|1585926275|00471686
openmpi-slave4|4030615988670|4030757356525|141367855|1585926276|00426596
openmpi-slave4|4031121357511|4031267561199|146203688|1585926276|00515698
openmpi-slave4|4031560535125|4031690416300|129881175|1585926276|00427900
openmpi-slave4|4032015768836|4032173044157|157275321|1585926277|00471877
openmpi-slave4|4032516913200|4032672170609|155257409|1585926277|00503913
openmpi-slave4|4033028367972|4033167081215|138713243|1585926278|00495818
openmpi-slave4|4033482975726|4033642561151|159585425|1585926278|00479985
openmpi-slave4|4033938243833|4034083722846|145479013|1585926279|00443998
openmpi-slave4|4034390419076|4034537956568|147537492|1585926279|00439745
openmpi-slave4|4034857801709|4035018442253|160640544|1585926280|00487884
openmpi-slave4|4035342752153|4035519395964|176643811|1585926280|00507918
openmpi-slave4|4035940970105|4036075657520|134687415|1585926281|00551812
openmpi-slave4|4036411249271|4036554687404|143438133|1585926281|00479859
openmpi-slave4|4036826783112|4036982345355|155562243|1585926282|00419954
openmpi-slave4|4037337199744|4037469841786|132642042|1585926282|00495918
openmpi-slave4|4037800889613|4037952997424|152107811|1585926283|00471838
openmpi-slave4|4038293353378|4038427246173|133892795|1585926283|00484016
openmpi-slave4|4038767781897|4038929068205|161286308|1585926284|00491856
openmpi-slave4|4039220735157|4039362628535|141893378|1585926284|00439900
openmpi-slave4|4039673643688|4039814630196|140986508|1585926285|00451814
openmpi-slave4|4040177796036|4040318528955|140732919|1585926285|00508028
openmpi-slave4|4040762692163|4040968656406|205964243|1585926286|00639779
openmpi-slave4|4041367538420|4041544574340|177035920|1585926286|00579811
openmpi-slave4|4041834046466|4041991748760|157702294|1585926287|00452210
openmpi-slave4|4042302062681|4042442641422|140578741|1585926287|00447683
openmpi-slave4|4042739754908|4042879790888|140035980|1585926288|00435938
openmpi-slave4|4043214086761|4043352637376|138550615|1585926288|00475834
openmpi-slave4|4043646430044|4043786820412|140390368|1585926289|00431753
openmpi-slave4|4044072732426|4044191941493|119209067|1585926289|00419908
openmpi-slave4|4044506551842|4044653279705|146727863|1585926289|00443794
openmpi-slave4|4044993071424|4045131668436|138597012|1585926290|00488524
openmpi-slave4|4045465770950|4045612997624|147226674|1585926290|00467362
openmpi-slave4|4045934601181|4046082739198|148138017|1585926291|00475900
openmpi-slave4|4046337897171|4046534522560|196625389|1585926291|00455972
openmpi-slave4|4046845606915|4046984833691|139226776|1585926292|00437837
openmpi-slave4|4047318048134|4047451337495|133289361|1585926292|00474910
openmpi-slave4|4047806376490|4047949349817|142973327|1585926293|00488334
openmpi-slave4|4048270170687|4048412860327|142689640|1585926293|00468510
openmpi-slave4|4048656685812|4048782423436|125737624|1585926294|00377748
openmpi-slave4|4049085045085|4049211251173|126206088|1585926294|00429412
openmpi-slave4|4049542759156|4049703064221|160305065|1585926294|00483435
openmpi-slave4|4050033798810|4050183424343|149625533|1585926295|00487747
openmpi-slave4|4050525923514|4050665684889|139761375|1585926295|00471779
openmpi-slave4|4051013874890|4051154751536|140876646|1585926296|00503122
openmpi-slave4|4051493554237|4051633374895|139820658|1585926296|00471930
openmpi-slave4|4051939990624|4052092708915|152718291|1585926297|00451801
openmpi-slave4|4052306992343|4052452422326|145429983|1585926297|00359879
