openmpi-slave2|4006279084579|4006371975462|92890883|1585926251|00322924
openmpi-slave2|4006679960210|4006758511695|78551485|1585926252|00397259
openmpi-slave2|4007144247017|4007253260372|109013355|1585926252|00486097
openmpi-slave2|4007638426004|4007751103236|112677232|1585926253|00507913
openmpi-slave2|4008090749455|4008241171985|150422530|1585926253|00483977
openmpi-slave2|4008510522934|4008655224708|144701774|1585926253|00423843
openmpi-slave2|4008956349938|4009108507728|152157790|1585926254|00439812
openmpi-slave2|4009426411267|4009573834668|147423401|1585926254|00473278
openmpi-slave2|4009895985486|4010039377153|143391667|1585926255|00465589
openmpi-slave2|4010322168027|4010461539988|139371961|1585926255|00416643
openmpi-slave2|4010758088955|4010954604835|196515880|1585926256|00503922
openmpi-slave2|4011270205572|4011421565691|151360119|1585926256|00450677
openmpi-slave2|4011768825213|4011913147291|144322078|1585926257|00492715
openmpi-slave2|4012226848759|4012389676435|162827676|1585926257|00488231
openmpi-slave2|4012678509062|4012815285971|136776909|1585926258|00423937
openmpi-slave2|4013165002168|4013314157205|149155037|1585926258|00495782
openmpi-slave2|4013664072679|4013801549099|137476420|1585926259|00483804
openmpi-slave2|4014145473672|4014288525825|143052153|1585926259|00486823
openmpi-slave2|4014607882608|4014761475260|153592652|1585926260|00472578
openmpi-slave2|4014993888450|4015140503755|146615305|1585926260|00380238
openmpi-slave2|4015473628971|4015611190113|137561142|1585926260|00479870
openmpi-slave2|4015943017066|4016075918256|132901190|1585926261|00465531
openmpi-slave2|4016428446335|4016582203514|153757179|1585926261|00506072
openmpi-slave2|4016918614642|4017063103946|144489304|1585926262|00475893
openmpi-slave2|4017413278333|4017535270344|121992011|1585926262|00473439
openmpi-slave2|4017804439070|4017935656258|131217188|1585926263|00406487
openmpi-slave2|4018278739794|4018422329006|143589212|1585926263|00479633
openmpi-slave2|4018764463534|4018896958806|132495272|1585926264|00461194
openmpi-slave2|4019162396587|4019309484752|147088165|1585926264|00416909
openmpi-slave2|4019646047999|4019786873863|140825864|1585926265|00485732
openmpi-slave2|4020172850937|4020312465565|139614628|1585926265|00512483
openmpi-slave2|4020558376303|4020711114707|152738404|1585926265|00412435
openmpi-slave2|4021065249134|4021206033597|140784463|1585926266|00492445
openmpi-slave2|4021470440296|4021622481710|152041414|1585926266|00413986
openmpi-slave2|4021966933379|4022125254886|158321507|1585926267|00493465
openmpi-slave2|4022387438350|4022529418521|141980171|1585926267|00410200
openmpi-slave2|4022858822839|4023003285253|144462414|1585926268|00484038
openmpi-slave2|4023307914386|4023443305855|135391469|1585926268|00439778
openmpi-slave2|4023760915630|4023895018397|134102767|1585926269|00451901
openmpi-slave2|4024243054766|4024409623262|166568496|1585926269|00503818
openmpi-slave2|4024685352737|4024826449312|141096575|1585926270|00423855
openmpi-slave2|4025160843194|4025301836528|140993334|1585926270|00467763
openmpi-slave2|4025622709893|4025769629982|146920089|1585926271|00467921
openmpi-slave2|4026068582944|4026209520387|140937443|1585926271|00443801
openmpi-slave2|4026530519827|4026677878163|147358336|1585926271|00476060
openmpi-slave2|4026978253727|4027122200308|143946581|1585926272|00439879
openmpi-slave2|4027430222087|4027577754474|147532387|1585926272|00447706
openmpi-slave2|4027911297583|4028055075542|143777959|1585926273|00481269
openmpi-slave2|4028394666407|4028544872477|150206070|1585926273|00481317
openmpi-slave2|4028873590225|4029023991062|150400837|1585926274|00487032
openmpi-slave2|4029374743611|4029518774088|144030477|1585926274|00497966
openmpi-slave2|4029832201185|4029980531028|148329843|1585926275|00451842
openmpi-slave2|4030290456204|4030433597040|143140836|1585926275|00459899
openmpi-slave2|4030707920397|4030857919932|149999535|1585926276|00419904
openmpi-slave2|4031189192098|4031336714543|147522445|1585926276|00475844
openmpi-slave2|4031652604381|4031791373045|138768664|1585926277|00463792
openmpi-slave2|4032136865516|4032304419629|167554113|1585926277|00503974
openmpi-slave2|4032646197892|4032801575965|155378073|1585926278|00495764
openmpi-slave2|4033116693615|4033243442712|126749097|1585926278|00456028
openmpi-slave2|4033549661384|4033695355710|145694326|1585926278|00451745
openmpi-slave2|4034014677199|4034176141504|161464305|1585926279|00464220
openmpi-slave2|4034510236662|4034661350136|151113474|1585926279|00487530
openmpi-slave2|4035002538223|4035138319979|135781756|1585926280|00483878
openmpi-slave2|4035487675061|4035693290817|205615756|1585926280|00547934
openmpi-slave2|4036010279277|4036164998518|154719241|1585926281|00471769
openmpi-slave2|4036470404104|4036614111249|143707145|1585926281|00463992
openmpi-slave2|4036947794909|4037103261216|155466307|1585926282|00483823
openmpi-slave2|4037438171797|4037575412130|137240333|1585926282|00475927
openmpi-slave2|4037919567000|4038055452253|135885253|1585926283|00479800
openmpi-slave2|4038342432208|4038512816113|170383905|1585926283|00447902
openmpi-slave2|4038856119317|4038987048309|130928992|1585926284|00479812
openmpi-slave2|4039342225944|4039481275193|139049249|1585926284|00491838
openmpi-slave2|4039809417885|4039970498750|161080865|1585926285|00491869
openmpi-slave2|4040294392896|4040472000370|177607474|1585926285|00504420
openmpi-slave2|4040854425222|4041045964592|191539370|1585926286|00575365
openmpi-slave2|4041451370232|4041605425323|154055091|1585926286|00555870
openmpi-slave2|4041937892617|4042083017676|145125059|1585926287|00473219
openmpi-slave2|4042432809398|4042569569568|136760170|1585926287|00479309
openmpi-slave2|4042894603162|4043038127444|143524282|1585926288|00472747
openmpi-slave2|4043382433485|4043522877677|140444192|1585926288|00490140
openmpi-slave2|4043858696293|4044005546809|146850516|1585926289|00473948
openmpi-slave2|4044296950523|4044425516464|128565941|1585926289|00425754
openmpi-slave2|4044698141599|4044852426089|154284490|1585926290|00419870
openmpi-slave2|4045158149367|4045301807554|143658187|1585926290|00455886
openmpi-slave2|4045622354523|4045784499547|162145024|1585926291|00475926
openmpi-slave2|4046115287889|4046258456405|143168516|1585926291|00483699
openmpi-slave2|4046673083082|4046798888109|125805027|1585926292|00543871
openmpi-slave2|4047135271228|4047278437940|143166712|1585926292|00475972
openmpi-slave2|4047522255789|4047666003265|143747476|1585926292|00391881
openmpi-slave2|4047969841263|4048099129587|129288324|1585926293|00429804
openmpi-slave2|4048437657287|4048573416721|135759434|1585926293|00462123
openmpi-slave2|4048908143022|4049043585793|135442771|1585926294|00483869
openmpi-slave2|4049312822237|4049449964858|137142621|1585926294|00395727
openmpi-slave2|4049718272862|4049851566999|133294137|1585926295|00407867
openmpi-slave2|4050205620496|4050341566632|135946136|1585926295|00489552
openmpi-slave2|4050675017402|4050837748568|162731166|1585926296|00502169
openmpi-slave2|4051179076796|4051318381203|139304407|1585926296|00470881
openmpi-slave2|4051673948475|4051803816048|129867573|1585926297|00489073
openmpi-slave2|4052138681296|4052278033276|139351980|1585926297|00471837
openmpi-slave2|4052583656469|4052681981820|98325351|1585926297|00402023
