1585584028-0004-000|1577967662521826|1577967771353258|108831432|1585584029|00771647
1585584028-0004-000|1577970191274826|1577970335139286|143864460|1585584032|01575902
1585584028-0004-000|1577972731311592|1577972867506599|136195007|1585584034|01530661
1585584028-0004-000|1577975307622711|1577975454551930|146929219|1585584037|01581114
1585584028-0004-000|1577978025963165|1577978158946335|132983170|1585584039|01706500
1585584028-0004-000|1577980591872672|1577980731104059|139231387|1585584042|01569088
1585584028-0004-000|1577983189673852|1577983345732791|156058939|1585584045|01612028
1585584028-0004-000|1577985879078297|1577986025640339|146562042|1585584047|01675425
1585584028-0004-000|1577988442169418|1577988592478637|150309219|1585584050|01565701
1585584028-0004-000|1577991066587211|1577991213721161|147133950|1585584052|01629913
1585584028-0004-000|1577993666295080|1577993802631308|136336228|1585584055|01588881
1585584028-0004-000|1577996234446058|1577996378764294|144318236|1585584058|01575738
1585584028-0004-000|1577998940001120|1577999083677694|143676574|1585584060|01707014
1585584028-0004-000|1578001716973814|1578001898751371|181777557|1585584063|01819903
1585584028-0004-000|1578004562701210|1578004716411110|153709900|1585584066|01803595
1585584028-0004-000|1578007253833760|1578007395808704|141974944|1585584069|01692313
1585584028-0004-000|1578009934642442|1578010078170206|143527764|1585584071|01673779
1585584028-0004-000|1578012518231888|1578012653996387|135764499|1585584074|01575965
1585584028-0004-000|1578015081808437|1578015226140688|144332251|1585584076|01572890
1585584028-0004-000|1578017663220724|1578017812354246|149133522|1585584079|01579292
1585584028-0004-000|1578020195541631|1578020354441416|158899785|1585584082|01539360
1585584028-0004-000|1578022791694144|1578022947846980|156152836|1585584084|01605426
1585584028-0004-000|1578025374892613|1578025523533954|148641341|1585584087|01577598
1585584028-0004-000|1578027957428743|1578028111521210|154092467|1585584089|01577793
1585584028-0004-000|1578030617987662|1578030751693675|133706013|1585584092|01656208
1585584028-0004-000|1578033485792701|1578033618323270|132530569|1585584095|01863749
1585584028-0004-000|1578036214424117|1578036365811622|151387505|1585584098|01731812
1585584028-0004-000|1578038944519528|1578039093752647|149233119|1585584100|01730898
1585584028-0004-000|1578041606649761|1578041754243201|147593440|1585584103|01660622
1585584028-0004-000|1578044111558602|1578044257345110|145786508|1585584105|01500889
1585584028-0004-000|1578046749203299|1578046887264761|138061462|1585584108|01642770
1585584028-0004-000|1578049260691200|1578049405070733|144379533|1585584111|01500988
1585584028-0004-000|1578051863887396|1578052013492864|149605468|1585584113|01614653
1585584028-0004-000|1578054447064804|1578054600815332|153750528|1585584116|01585046
1585584028-0004-000|1578057121311471|1578057264706057|143394586|1585584118|01659543
1585584028-0004-000|1578059702181972|1578059843982665|141800693|1585584121|01597134
1585584028-0004-000|1578062520176072|1578062672487200|152311128|1585584124|01813741
1585584028-0004-000|1578065195520384|1578065334794717|139274333|1585584127|01671775
1585584028-0004-000|1578067759704674|1578067895707270|136002596|1585584129|01560638
1585584028-0004-000|1578070300576359|1578070435543756|134967397|1585584132|01539007
1585584028-0004-000|1578072939419581|1578073102403126|162983545|1585584134|01667875
1585584028-0004-000|1578075663342596|1578075822968946|159626350|1585584137|01715810
1585584028-0004-000|1578078271743727|1578078403500695|131756968|1585584140|01591907
1585584028-0004-000|1578080960204165|1578081095621083|135416918|1585584142|01683735
1585584028-0004-000|1578083595605411|1578083730830527|135225116|1585584145|01635901
1585584028-0004-000|1578086143920872|1578086286464584|142543712|1585584148|01555829
1585584028-0004-000|1578088766540012|1578088946520318|179980306|1585584150|01663753
1585584028-0004-000|1578091526065531|1578091659687546|133622015|1585584153|01708562
1585584028-0004-000|1578094242138873|1578094417896437|175757564|1585584156|01747873
1585584028-0004-000|1578096875817902|1578097022087049|146269147|1585584158|01615283
1585584028-0004-000|1578099652542588|1578099794838474|142295886|1585584161|01779719
1585584028-0004-000|1578102408267777|1578102531641629|123373852|1585584164|01728663
1585584028-0004-000|1578104989658267|1578105130460235|140801968|1585584166|01587053
1585584028-0004-000|1578107631444823|1578107770819402|139374579|1585584169|01645573
1585584028-0004-000|1578110238953720|1578110385325846|146372126|1585584172|01618122
1585584028-0004-000|1578112958551359|1578113113686385|155135026|1585584174|01723768
1585584028-0004-000|1578115685548276|1578115829055642|143507366|1585584177|01716850
1585584028-0004-000|1578118341985479|1578118485100723|143115244|1585584180|01650783
1585584028-0004-000|1578121331179796|1578121522435597|191255801|1585584183|02043980
1585584028-0004-000|1578124342507119|1578124482924303|140417184|1585584186|01951499
1585584028-0004-000|1578126954418698|1578127090179198|135760500|1585584188|01616048
1585584028-0004-000|1578129486321320|1578129622696845|136375525|1585584191|01528705
1585584028-0004-000|1578132125739912|1578132265714106|139974194|1585584193|01642908
1585584028-0004-000|1578134799568295|1578134964940930|165372635|1585584196|01693169
1585584028-0004-000|1578137471489662|1578137614534136|143044474|1585584199|01662597
1585584028-0004-000|1578140106336190|1578140243513820|137177630|1585584201|01639804
1585584028-0004-000|1578142741602069|1578142889918086|148316017|1585584204|01629748
1585584028-0004-000|1578145326637226|1578145473443821|146806595|1585584207|01581922
1585584028-0004-000|1578148087848104|1578148259288985|171440881|1585584209|01795895
1585584028-0004-000|1578150753413493|1578150892937219|139523726|1585584212|01624801
1585584028-0004-000|1578153425745004|1578153554701952|128956948|1585584215|01670027
1585584028-0004-000|1578156069169011|1578156217982867|148813856|1585584217|01649605
1585584028-0004-000|1578158867636825|1578159017355372|149718547|1585584220|01798782
1585584028-0004-000|1578161504625703|1578161660434765|155809062|1585584223|01643788
1585584028-0004-000|1578164300339484|1578164452427606|152088122|1585584226|01795132
1585584028-0004-000|1578166931965075|1578167088712736|156747661|1585584228|01629431
1585584028-0004-000|1578169619464808|1578169765453090|145988282|1585584231|01687078
1585584028-0004-000|1578172273693339|1578172428731783|155038444|1585584234|01656561
1585584028-0004-000|1578175083227963|1578175228524411|145296448|1585584236|01802992
1585584028-0004-000|1578177722146024|1578177866024786|143878762|1585584239|01637431
1585584028-0004-000|1578180426331372|1578180567673666|141342294|1585584242|01702117
1585584028-0004-000|1578183331077267|1578183486727330|155650063|1585584245|01927937
1585584028-0004-000|1578186023584521|1578186166012559|142428038|1585584247|01673800
1585584028-0004-000|1578188634697375|1578188782733547|148036172|1585584250|01613920
1585584028-0004-000|1578191315389954|1578191451846598|136456644|1585584253|01685854
1585584028-0004-000|1578193916099724|1578194043997704|127897980|1585584255|01582062
1585584028-0004-000|1578196516200080|1578196647494927|131294847|1585584258|01599544
1585584028-0004-000|1578199150395507|1578199308526237|158130730|1585584261|01648560
1585584028-0004-000|1578201832463943|1578202001313089|168849146|1585584263|01698203
1585584028-0004-000|1578204558454898|1578204724575932|166121034|1585584266|01718757
1585584028-0004-000|1578207143033805|1578207298900174|155866369|1585584269|01581701
1585584028-0004-000|1578209851544073|1578209991013919|139469846|1585584271|01695833
1585584028-0004-000|1578212447093522|1578212597670843|150577321|1585584274|01607772
1585584028-0004-000|1578215109018171|1578215242960262|133942091|1585584276|01647831
1585584028-0004-000|1578218019630600|1578218173134967|153504367|1585584279|01920104
1585584028-0004-000|1578220792835095|1578220935560213|142725118|1585584282|01771655
1585584028-0004-000|1578223409827291|1578223546579884|136752593|1585584285|01605693
1585584028-0004-000|1578226013935570|1578226169595364|155659794|1585584287|01614064
1585584028-0004-000|1578228643788469|1578228782411682|138623213|1585584290|01623787
1585584028-0004-000|1578231229226767|1578231366686693|137459926|1585584293|01583779
