openmpi-slave3|3326014873590|3326086446458|71572868|1585925580|00011171
openmpi-slave3|3326014873590|3326086446458|71572868|1585925580|00012072
openmpi-slave3|3326014873590|3326086446458|71572868|1585925580|00024137
openmpi-slave3|3326014873590|3326086446458|71572868|1585925580|00016514
openmpi-slave3|3326014873590|3326086446458|71572868|1585925580|00033052
openmpi-slave3|3326014873590|3326086446458|71572868|1585925580|00047701
openmpi-slave3|3326014873590|3326086446458|71572868|1585925580|00033763
openmpi-slave3|3326014873590|3326086446458|71572868|1585925580|00035608
openmpi-slave3|3326014873590|3326086446458|71572868|1585925580|00032416
openmpi-slave3|3340726648061|3340961898374|235250313|1585925595|00029849
openmpi-slave3|3340726648061|3340961898374|235250313|1585925595|00020827
openmpi-slave3|3340726648061|3340961898374|235250313|1585925595|00020167
openmpi-slave3|3340726648061|3340961898374|235250313|1585925595|00018038
openmpi-slave3|3340726648061|3340961898374|235250313|1585925595|00022769
openmpi-slave3|3340726648061|3340961898374|235250313|1585925595|00018024
openmpi-slave3|3340726648061|3340961898374|235250313|1585925595|00025609
openmpi-slave3|3340726648061|3340961898374|235250313|1585925595|00021825
openmpi-slave3|3340726648061|3340961898374|235250313|1585925595|00023837
openmpi-slave3|3340726648061|3340961898374|235250313|1585925595|00023682
openmpi-slave3|3340726648061|3340961898374|235250313|1585925595|00020068
openmpi-slave3|3340726648061|3340961898374|235250313|1585925595|00025018
openmpi-slave3|3340726648061|3340961898374|235250313|1585925595|00018655
openmpi-slave3|3340726648061|3340961898374|235250313|1585925595|00016065
openmpi-slave3|3340726648061|3340961898374|235250313|1585925595|00026093
openmpi-slave3|3340726648061|3340961898374|235250313|1585925595|00021516
openmpi-slave3|3340726648061|3340961898374|235250313|1585925595|00022668
openmpi-slave3|3340726648061|3340961898374|235250313|1585925595|00022786
openmpi-slave3|3340726648061|3340961898374|235250313|1585925595|00019124
openmpi-slave3|3340726648061|3340961898374|235250313|1585925595|00024250
openmpi-slave3|3340726648061|3340961898374|235250313|1585925595|00020977
openmpi-slave3|3340726648061|3340961898374|235250313|1585925595|00026770
openmpi-slave3|3340726648061|3340961898374|235250313|1585925595|00014696
openmpi-slave3|3340726648061|3340961898374|235250313|1585925595|00027401
openmpi-slave3|3340726648061|3340961898374|235250313|1585925595|00027352
openmpi-slave3|3340726648061|3340961898374|235250313|1585925595|00017133
openmpi-slave3|3340726648061|3340961898374|235250313|1585925595|00022028
openmpi-slave3|3340726648061|3340961898374|235250313|1585925595|00019037
openmpi-slave3|3340726648061|3340961898374|235250313|1585925595|00019304
openmpi-slave3|3340726648061|3340961898374|235250313|1585925595|00015288
openmpi-slave3|3340726648061|3340961898374|235250313|1585925595|00024531
openmpi-slave3|3340726648061|3340961898374|235250313|1585925595|00019312
openmpi-slave3|3340726648061|3340961898374|235250313|1585925595|00023072
openmpi-slave3|3340726648061|3340961898374|235250313|1585925595|00020081
openmpi-slave3|3340726648061|3340961898374|235250313|1585925595|00018115
openmpi-slave3|3340726648061|3340961898374|235250313|1585925595|00021987
openmpi-slave3|3340726648061|3340961898374|235250313|1585925595|00017091
openmpi-slave3|3340726648061|3340961898374|235250313|1585925595|00023001
openmpi-slave3|3340726648061|3340961898374|235250313|1585925595|00016718
openmpi-slave3|3340726648061|3340961898374|235250313|1585925595|00018857
openmpi-slave3|3340726648061|3340961898374|235250313|1585925595|00017828
openmpi-slave3|3340726648061|3340961898374|235250313|1585925595|00017568
openmpi-slave3|3340726648061|3340961898374|235250313|1585925595|00016238
openmpi-slave3|3340726648061|3340961898374|235250313|1585925595|00024761
openmpi-slave3|3340726648061|3340961898374|235250313|1585925595|00022409
openmpi-slave3|3340726648061|3340961898374|235250313|1585925595|00015802
openmpi-slave3|3340726648061|3340961898374|235250313|1585925595|00015416
openmpi-slave3|3340726648061|3340961898374|235250313|1585925595|00019714
openmpi-slave3|3340726648061|3340961898374|235250313|1585925595|00024910
openmpi-slave3|3340726648061|3340961898374|235250313|1585925595|00017766
openmpi-slave3|3340726648061|3340961898374|235250313|1585925595|00014874
openmpi-slave3|3340726648061|3340961898374|235250313|1585925595|00022443
openmpi-slave3|3340726648061|3340961898374|235250313|1585925595|00016656
openmpi-slave3|3340726648061|3340961898374|235250313|1585925595|00023833
openmpi-slave3|3340726648061|3340961898374|235250313|1585925595|00014162
openmpi-slave3|3340726648061|3340961898374|235250313|1585925595|00023323
openmpi-slave3|3340726648061|3340961898374|235250313|1585925595|00018410
openmpi-slave3|3340726648061|3340961898374|235250313|1585925595|00022050
openmpi-slave3|3340726648061|3340961898374|235250313|1585925595|00017118
openmpi-slave3|3340726648061|3340961898374|235250313|1585925595|00024454
openmpi-slave3|3340726648061|3340961898374|235250313|1585925595|00018035
openmpi-slave3|3340726648061|3340961898374|235250313|1585925595|00015296
openmpi-slave3|3340726648061|3340961898374|235250313|1585925595|00017476
openmpi-slave3|3340726648061|3340961898374|235250313|1585925595|00019391
openmpi-slave3|3340726648061|3340961898374|235250313|1585925595|00021114
openmpi-slave3|3340726648061|3340961898374|235250313|1585925595|00016506
openmpi-slave3|3340726648061|3340961898374|235250313|1585925595|01004441
openmpi-slave3|3340726648061|3340961898374|235250313|1585925595|00002012
openmpi-slave3|3340726648061|3340961898374|235250313|1585925595|00001906
openmpi-slave3|3340726648061|3340961898374|235250313|1585925595|00002941
openmpi-slave3|3340726648061|3340961898374|235250313|1585925595|00003413
openmpi-slave3|3340726648061|3340961898374|235250313|1585925595|00007611
openmpi-slave3|3340726648061|3340961898374|235250313|1585925595|01005112
openmpi-slave3|3340726648061|3340961898374|235250313|1585925595|00001422
openmpi-slave3|3340726648061|3340961898374|235250313|1585925595|00001161
openmpi-slave3|3340726648061|3340961898374|235250313|1585925595|00001634
openmpi-slave3|3340726648061|3340961898374|235250313|1585925595|00001920
openmpi-slave3|3340726648061|3340961898374|235250313|1585925595|00001520
openmpi-slave3|3340726648061|3340961898374|235250313|1585925595|00001468
openmpi-slave3|3340726648061|3340961898374|235250313|1585925595|00002806
openmpi-slave3|3340726648061|3340961898374|235250313|1585925595|00009565
openmpi-slave3|3340726648061|3340961898374|235250313|1585925595|00008364
openmpi-slave3|3340726648061|3340961898374|235250313|1585925595|01046596
openmpi-slave3|3340726648061|3340961898374|235250313|1585925595|00016824
openmpi-slave3|3340726648061|3340961898374|235250313|1585925595|00020567
openmpi-slave3|3340726648061|3340961898374|235250313|1585925595|00019033
openmpi-slave3|3340726648061|3340961898374|235250313|1585925595|00020524
openmpi-slave3|3340726648061|3340961898374|235250313|1585925595|00013918
openmpi-slave3|3340726648061|3340961898374|235250313|1585925595|00017016
openmpi-slave3|3340726648061|3340961898374|235250313|1585925595|00017673
openmpi-slave3|3340726648061|3340961898374|235250313|1585925595|00011047
