openmpi-slave4|3326017061234|3326089014323|71953089|1585925580|00032053
openmpi-slave4|3326017061234|3326089014323|71953089|1585925580|00023897
openmpi-slave4|3326017061234|3326089014323|71953089|1585925580|00017361
openmpi-slave4|3326017061234|3326089014323|71953089|1585925580|00032432
openmpi-slave4|3326017061234|3326089014323|71953089|1585925580|00064949
openmpi-slave4|3326017061234|3326089014323|71953089|1585925580|00036060
openmpi-slave4|3326017061234|3326089014323|71953089|1585925580|00062566
openmpi-slave4|3340741928368|3340963959117|222030749|1585925595|00025023
openmpi-slave4|3340741928368|3340963959117|222030749|1585925595|00013945
openmpi-slave4|3340741928368|3340963959117|222030749|1585925595|00025771
openmpi-slave4|3340741928368|3340963959117|222030749|1585925595|00018057
openmpi-slave4|3340741928368|3340963959117|222030749|1585925595|00016011
openmpi-slave4|3340741928368|3340963959117|222030749|1585925595|00018090
openmpi-slave4|3340741928368|3340963959117|222030749|1585925595|00027544
openmpi-slave4|3340741928368|3340963959117|222030749|1585925595|00019360
openmpi-slave4|3340741928368|3340963959117|222030749|1585925595|00023416
openmpi-slave4|3340741928368|3340963959117|222030749|1585925595|00023388
openmpi-slave4|3340741928368|3340963959117|222030749|1585925595|00019814
openmpi-slave4|3340741928368|3340963959117|222030749|1585925595|00018766
openmpi-slave4|3340741928368|3340963959117|222030749|1585925595|00019904
openmpi-slave4|3340741928368|3340963959117|222030749|1585925595|00021107
openmpi-slave4|3340741928368|3340963959117|222030749|1585925595|00013598
openmpi-slave4|3340741928368|3340963959117|222030749|1585925595|00020621
openmpi-slave4|3340741928368|3340963959117|222030749|1585925595|00022194
openmpi-slave4|3340741928368|3340963959117|222030749|1585925595|00017304
openmpi-slave4|3340741928368|3340963959117|222030749|1585925595|00022883
openmpi-slave4|3340741928368|3340963959117|222030749|1585925595|00026121
openmpi-slave4|3340741928368|3340963959117|222030749|1585925595|00020109
openmpi-slave4|3340741928368|3340963959117|222030749|1585925595|00017521
openmpi-slave4|3340741928368|3340963959117|222030749|1585925595|00019892
openmpi-slave4|3340741928368|3340963959117|222030749|1585925595|00019836
openmpi-slave4|3340741928368|3340963959117|222030749|1585925595|00018317
openmpi-slave4|3340741928368|3340963959117|222030749|1585925595|00029405
openmpi-slave4|3340741928368|3340963959117|222030749|1585925595|00017174
openmpi-slave4|3340741928368|3340963959117|222030749|1585925595|00019908
openmpi-slave4|3340741928368|3340963959117|222030749|1585925595|00030207
openmpi-slave4|3340741928368|3340963959117|222030749|1585925595|00019395
openmpi-slave4|3340741928368|3340963959117|222030749|1585925595|00022967
openmpi-slave4|3340741928368|3340963959117|222030749|1585925595|00023454
openmpi-slave4|3340741928368|3340963959117|222030749|1585925595|00017671
openmpi-slave4|3340741928368|3340963959117|222030749|1585925595|00018012
openmpi-slave4|3340741928368|3340963959117|222030749|1585925595|00020064
openmpi-slave4|3340741928368|3340963959117|222030749|1585925595|00017775
openmpi-slave4|3340741928368|3340963959117|222030749|1585925595|00022085
openmpi-slave4|3340741928368|3340963959117|222030749|1585925595|00016461
openmpi-slave4|3340741928368|3340963959117|222030749|1585925595|00022501
openmpi-slave4|3340741928368|3340963959117|222030749|1585925595|00017327
openmpi-slave4|3340741928368|3340963959117|222030749|1585925595|00018717
openmpi-slave4|3340741928368|3340963959117|222030749|1585925595|00017779
openmpi-slave4|3340741928368|3340963959117|222030749|1585925595|00017173
openmpi-slave4|3340741928368|3340963959117|222030749|1585925595|00016291
openmpi-slave4|3340741928368|3340963959117|222030749|1585925595|00025117
openmpi-slave4|3340741928368|3340963959117|222030749|1585925595|00022264
openmpi-slave4|3340741928368|3340963959117|222030749|1585925595|00015973
openmpi-slave4|3340741928368|3340963959117|222030749|1585925595|00015469
openmpi-slave4|3340741928368|3340963959117|222030749|1585925595|00019551
openmpi-slave4|3340741928368|3340963959117|222030749|1585925595|00024840
openmpi-slave4|3340741928368|3340963959117|222030749|1585925595|00012801
openmpi-slave4|3340741928368|3340963959117|222030749|1585925595|00014184
openmpi-slave4|3340741928368|3340963959117|222030749|1585925595|00014283
openmpi-slave4|3340741928368|3340963959117|222030749|1585925595|00021447
openmpi-slave4|3340741928368|3340963959117|222030749|1585925595|00019545
openmpi-slave4|3340741928368|3340963959117|222030749|1585925595|00015413
openmpi-slave4|3340741928368|3340963959117|222030749|1585925595|00020976
openmpi-slave4|3340741928368|3340963959117|222030749|1585925595|00022797
openmpi-slave4|3340741928368|3340963959117|222030749|1585925595|00017983
openmpi-slave4|3340741928368|3340963959117|222030749|1585925595|00016009
openmpi-slave4|3340741928368|3340963959117|222030749|1585925595|00016754
openmpi-slave4|3340741928368|3340963959117|222030749|1585925595|00023746
openmpi-slave4|3340741928368|3340963959117|222030749|1585925595|00018073
openmpi-slave4|3340741928368|3340963959117|222030749|1585925595|00015183
openmpi-slave4|3340741928368|3340963959117|222030749|1585925595|00017520
openmpi-slave4|3340741928368|3340963959117|222030749|1585925595|00019476
openmpi-slave4|3340741928368|3340963959117|222030749|1585925595|00020974
openmpi-slave4|3340741928368|3340963959117|222030749|1585925595|00016439
openmpi-slave4|3340741928368|3340963959117|222030749|1585925595|00015416
openmpi-slave4|3340741928368|3340963959117|222030749|1585925595|03028308
openmpi-slave4|3340741928368|3340963959117|222030749|1585925595|00003360
openmpi-slave4|3340741928368|3340963959117|222030749|1585925595|00003515
openmpi-slave4|3340741928368|3340963959117|222030749|1585925595|00004123
openmpi-slave4|3340741928368|3340963959117|222030749|1585925595|00003350
openmpi-slave4|3340741928368|3340963959117|222030749|1585925595|00005836
openmpi-slave4|3340741928368|3340963959117|222030749|1585925595|00012291
openmpi-slave4|3340741928368|3340963959117|222030749|1585925595|00014833
openmpi-slave4|3340741928368|3340963959117|222030749|1585925595|00023068
openmpi-slave4|3340741928368|3340963959117|222030749|1585925595|00015055
openmpi-slave4|3340741928368|3340963959117|222030749|1585925595|00023287
openmpi-slave4|3340741928368|3340963959117|222030749|1585925595|01008040
openmpi-slave4|3340741928368|3340963959117|222030749|1585925595|00001452
openmpi-slave4|3340741928368|3340963959117|222030749|1585925595|00001108
openmpi-slave4|3340741928368|3340963959117|222030749|1585925595|00001052
openmpi-slave4|3340741928368|3340963959117|222030749|1585925595|00001374
openmpi-slave4|3340741928368|3340963959117|222030749|1585925595|00000899
openmpi-slave4|3340741928368|3340963959117|222030749|1585925595|00001257
openmpi-slave4|3340741928368|3340963959117|222030749|1585925595|00001158
openmpi-slave4|3340741928368|3340963959117|222030749|1585925595|00001231
openmpi-slave4|3340741928368|3340963959117|222030749|1585925595|00001256
openmpi-slave4|3340741928368|3340963959117|222030749|1585925595|00001260
openmpi-slave4|3340741928368|3340963959117|222030749|1585925595|00001163
openmpi-slave4|3340741928368|3340963959117|222030749|1585925595|00001292
