openmpi-slave1|3327006628921|3327090114637|83485716|1585925581|00005736
openmpi-slave1|3327006628921|3327090114637|83485716|1585925581|00001629
openmpi-slave1|3327006628921|3327090114637|83485716|1585925581|00001445
openmpi-slave1|3327006628921|3327090114637|83485716|1585925581|00001484
openmpi-slave1|3327006628921|3327090114637|83485716|1585925581|00002726
openmpi-slave1|3327006628921|3327090114637|83485716|1585925581|00003221
openmpi-slave1|3327006628921|3327090114637|83485716|1585925581|00013033
openmpi-slave1|3327006628921|3327090114637|83485716|1585925581|00046963
openmpi-slave1|3327006628921|3327090114637|83485716|1585925581|00015781
openmpi-slave1|3327006628921|3327090114637|83485716|1585925581|00024272
openmpi-slave1|3327006628921|3327090114637|83485716|1585925581|00041480
openmpi-slave1|3327006628921|3327090114637|83485716|1585925581|00033835
openmpi-slave1|3327006628921|3327090114637|83485716|1585925581|00037038
openmpi-slave1|3327006628921|3327090114637|83485716|1585925581|00035336
openmpi-slave1|3327006628921|3327090114637|83485716|1585925581|00032924
openmpi-slave1|3340687528627|3340931017596|243488969|1585925595|00025325
openmpi-slave1|3340687528627|3340931017596|243488969|1585925595|00014269
openmpi-slave1|3340687528627|3340931017596|243488969|1585925595|00025837
openmpi-slave1|3340687528627|3340931017596|243488969|1585925595|00018077
openmpi-slave1|3340687528627|3340931017596|243488969|1585925595|00016325
openmpi-slave1|3340687528627|3340931017596|243488969|1585925595|00018055
openmpi-slave1|3340687528627|3340931017596|243488969|1585925595|00027893
openmpi-slave1|3340687528627|3340931017596|243488969|1585925595|00019383
openmpi-slave1|3340687528627|3340931017596|243488969|1585925595|00029524
openmpi-slave1|3340687528627|3340931017596|243488969|1585925595|00023317
openmpi-slave1|3340687528627|3340931017596|243488969|1585925595|00014445
openmpi-slave1|3340687528627|3340931017596|243488969|1585925595|00025680
openmpi-slave1|3340687528627|3340931017596|243488969|1585925595|00017896
openmpi-slave1|3340687528627|3340931017596|243488969|1585925595|00021711
openmpi-slave1|3340687528627|3340931017596|243488969|1585925595|00020586
openmpi-slave1|3340687528627|3340931017596|243488969|1585925595|00021809
openmpi-slave1|3340687528627|3340931017596|243488969|1585925595|00022790
openmpi-slave1|3340687528627|3340931017596|243488969|1585925595|00023384
openmpi-slave1|3340687528627|3340931017596|243488969|1585925595|00023951
openmpi-slave1|3340687528627|3340931017596|243488969|1585925595|00022197
openmpi-slave1|3340687528627|3340931017596|243488969|1585925595|00017948
openmpi-slave1|3340687528627|3340931017596|243488969|1585925595|00020064
openmpi-slave1|3340687528627|3340931017596|243488969|1585925595|00019748
openmpi-slave1|3340687528627|3340931017596|243488969|1585925595|00018643
openmpi-slave1|3340687528627|3340931017596|243488969|1585925595|00029402
openmpi-slave1|3340687528627|3340931017596|243488969|1585925595|00017693
openmpi-slave1|3340687528627|3340931017596|243488969|1585925595|00020312
openmpi-slave1|3340687528627|3340931017596|243488969|1585925595|00023870
openmpi-slave1|3340687528627|3340931017596|243488969|1585925595|00017272
openmpi-slave1|3340687528627|3340931017596|243488969|1585925595|00020979
openmpi-slave1|3340687528627|3340931017596|243488969|1585925595|00024495
openmpi-slave1|3340687528627|3340931017596|243488969|1585925595|00019895
openmpi-slave1|3340687528627|3340931017596|243488969|1585925595|00023044
openmpi-slave1|3340687528627|3340931017596|243488969|1585925595|00020508
openmpi-slave1|3340687528627|3340931017596|243488969|1585925595|00018324
openmpi-slave1|3340687528627|3340931017596|243488969|1585925595|00017276
openmpi-slave1|3340687528627|3340931017596|243488969|1585925595|00021403
openmpi-slave1|3340687528627|3340931017596|243488969|1585925595|00015272
openmpi-slave1|3340687528627|3340931017596|243488969|1585925595|00019012
openmpi-slave1|3340687528627|3340931017596|243488969|1585925595|00020804
openmpi-slave1|3340687528627|3340931017596|243488969|1585925595|00017345
openmpi-slave1|3340687528627|3340931017596|243488969|1585925595|00016628
openmpi-slave1|3340687528627|3340931017596|243488969|1585925595|00015399
openmpi-slave1|3340687528627|3340931017596|243488969|1585925595|00025202
openmpi-slave1|3340687528627|3340931017596|243488969|1585925595|00020093
openmpi-slave1|3340687528627|3340931017596|243488969|1585925595|00018838
openmpi-slave1|3340687528627|3340931017596|243488969|1585925595|00020163
openmpi-slave1|3340687528627|3340931017596|243488969|1585925595|00019731
openmpi-slave1|3340687528627|3340931017596|243488969|1585925595|00024879
openmpi-slave1|3340687528627|3340931017596|243488969|1585925595|00013263
openmpi-slave1|3340687528627|3340931017596|243488969|1585925595|00019185
openmpi-slave1|3340687528627|3340931017596|243488969|1585925595|00017606
openmpi-slave1|3340687528627|3340931017596|243488969|1585925595|00014518
openmpi-slave1|3340687528627|3340931017596|243488969|1585925595|00019503
openmpi-slave1|3340687528627|3340931017596|243488969|1585925595|00025224
openmpi-slave1|3340687528627|3340931017596|243488969|1585925595|00018413
openmpi-slave1|3340687528627|3340931017596|243488969|1585925595|00016308
openmpi-slave1|3340687528627|3340931017596|243488969|1585925595|00017069
openmpi-slave1|3340687528627|3340931017596|243488969|1585925595|00024517
openmpi-slave1|3340687528627|3340931017596|243488969|1585925595|00017575
openmpi-slave1|3340687528627|3340931017596|243488969|1585925595|00015864
openmpi-slave1|3340687528627|3340931017596|243488969|1585925595|00023417
openmpi-slave1|3340687528627|3340931017596|243488969|1585925595|00014952
openmpi-slave1|3340687528627|3340931017596|243488969|1585925595|00027366
openmpi-slave1|3340687528627|3340931017596|243488969|1585925595|00017633
openmpi-slave1|3340687528627|3340931017596|243488969|1585925595|00016215
openmpi-slave1|3340687528627|3340931017596|243488969|1585925595|00017193
openmpi-slave1|3340687528627|3340931017596|243488969|1585925595|03048698
openmpi-slave1|3340687528627|3340931017596|243488969|1585925595|00009523
openmpi-slave1|3340687528627|3340931017596|243488969|1585925595|00020430
openmpi-slave1|3340687528627|3340931017596|243488969|1585925595|00016396
openmpi-slave1|3340687528627|3340931017596|243488969|1585925595|00021806
openmpi-slave1|3340687528627|3340931017596|243488969|1585925595|00016085
openmpi-slave1|3340687528627|3340931017596|243488969|1585925595|00023954
openmpi-slave1|3340687528627|3340931017596|243488969|1585925595|00015311
openmpi-slave1|3340687528627|3340931017596|243488969|1585925595|00014051
openmpi-slave1|3340687528627|3340931017596|243488969|1585925595|00019159
openmpi-slave1|3340687528627|3340931017596|243488969|1585925595|00014995
openmpi-slave1|3340687528627|3340931017596|243488969|1585925595|00010992
openmpi-slave1|3340687528627|3340931017596|243488969|1585925595|01036083
openmpi-slave1|3340687528627|3340931017596|243488969|1585925595|00016355
openmpi-slave1|3340687528627|3340931017596|243488969|1585925595|00003807
openmpi-slave1|3340687528627|3340931017596|243488969|1585925595|00001823
openmpi-slave1|3340687528627|3340931017596|243488969|1585925595|00001281
openmpi-slave1|3340687528627|3340931017596|243488969|1585925595|00001355
