openmpi-slave3|3326014873590|3326086446458|71572868|1585925580|00018768
openmpi-slave3|3326014873590|3326086446458|71572868|1585925580|00022564
openmpi-slave3|3326014873590|3326086446458|71572868|1585925580|00040407
openmpi-slave3|3326014873590|3326086446458|71572868|1585925580|00031440
openmpi-slave3|3326014873590|3326086446458|71572868|1585925580|00033596
openmpi-slave3|3326014873590|3326086446458|71572868|1585925580|00032608
openmpi-slave3|3326014873590|3326086446458|71572868|1585925580|00032762
openmpi-slave3|3340726648061|3340961898374|235250313|1585925595|00032517
openmpi-slave3|3340726648061|3340961898374|235250313|1585925595|00020689
openmpi-slave3|3340726648061|3340961898374|235250313|1585925595|00020029
openmpi-slave3|3340726648061|3340961898374|235250313|1585925595|00017908
openmpi-slave3|3340726648061|3340961898374|235250313|1585925595|00022731
openmpi-slave3|3340726648061|3340961898374|235250313|1585925595|00018341
openmpi-slave3|3340726648061|3340961898374|235250313|1585925595|00025564
openmpi-slave3|3340726648061|3340961898374|235250313|1585925595|00022055
openmpi-slave3|3340726648061|3340961898374|235250313|1585925595|00023816
openmpi-slave3|3340726648061|3340961898374|235250313|1585925595|00023429
openmpi-slave3|3340726648061|3340961898374|235250313|1585925595|00020059
openmpi-slave3|3340726648061|3340961898374|235250313|1585925595|00024994
openmpi-slave3|3340726648061|3340961898374|235250313|1585925595|00018673
openmpi-slave3|3340726648061|3340961898374|235250313|1585925595|00016305
openmpi-slave3|3340726648061|3340961898374|235250313|1585925595|00025830
openmpi-slave3|3340726648061|3340961898374|235250313|1585925595|00021551
openmpi-slave3|3340726648061|3340961898374|235250313|1585925595|00022813
openmpi-slave3|3340726648061|3340961898374|235250313|1585925595|00023209
openmpi-slave3|3340726648061|3340961898374|235250313|1585925595|00021349
openmpi-slave3|3340726648061|3340961898374|235250313|1585925595|00021639
openmpi-slave3|3340726648061|3340961898374|235250313|1585925595|00021041
openmpi-slave3|3340726648061|3340961898374|235250313|1585925595|00016726
openmpi-slave3|3340726648061|3340961898374|235250313|1585925595|00022730
openmpi-slave3|3340726648061|3340961898374|235250313|1585925595|00018868
openmpi-slave3|3340726648061|3340961898374|235250313|1585925595|00022018
openmpi-slave3|3340726648061|3340961898374|235250313|1585925595|00024159
openmpi-slave3|3340726648061|3340961898374|235250313|1585925595|00015639
openmpi-slave3|3340726648061|3340961898374|235250313|1585925595|00021090
openmpi-slave3|3340726648061|3340961898374|235250313|1585925595|00020213
openmpi-slave3|3340726648061|3340961898374|235250313|1585925595|00024804
openmpi-slave3|3340726648061|3340961898374|235250313|1585925595|00019098
openmpi-slave3|3340726648061|3340961898374|235250313|1585925595|00017322
openmpi-slave3|3340726648061|3340961898374|235250313|1585925595|00022359
openmpi-slave3|3340726648061|3340961898374|235250313|1585925595|00022012
openmpi-slave3|3340726648061|3340961898374|235250313|1585925595|00020203
openmpi-slave3|3340726648061|3340961898374|235250313|1585925595|00018893
openmpi-slave3|3340726648061|3340961898374|235250313|1585925595|00018914
openmpi-slave3|3340726648061|3340961898374|235250313|1585925595|00015826
openmpi-slave3|3340726648061|3340961898374|235250313|1585925595|00017071
openmpi-slave3|3340726648061|3340961898374|235250313|1585925595|00023107
openmpi-slave3|3340726648061|3340961898374|235250313|1585925595|00013296
openmpi-slave3|3340726648061|3340961898374|235250313|1585925595|00020546
openmpi-slave3|3340726648061|3340961898374|235250313|1585925595|00021193
openmpi-slave3|3340726648061|3340961898374|235250313|1585925595|00019561
openmpi-slave3|3340726648061|3340961898374|235250313|1585925595|00025548
openmpi-slave3|3340726648061|3340961898374|235250313|1585925595|00019198
openmpi-slave3|3340726648061|3340961898374|235250313|1585925595|00020233
openmpi-slave3|3340726648061|3340961898374|235250313|1585925595|00019621
openmpi-slave3|3340726648061|3340961898374|235250313|1585925595|00018332
openmpi-slave3|3340726648061|3340961898374|235250313|1585925595|00015187
openmpi-slave3|3340726648061|3340961898374|235250313|1585925595|00018226
openmpi-slave3|3340726648061|3340961898374|235250313|1585925595|00014561
openmpi-slave3|3340726648061|3340961898374|235250313|1585925595|00021886
openmpi-slave3|3340726648061|3340961898374|235250313|1585925595|00019534
openmpi-slave3|3340726648061|3340961898374|235250313|1585925595|00020068
openmpi-slave3|3340726648061|3340961898374|235250313|1585925595|00023699
openmpi-slave3|3340726648061|3340961898374|235250313|1585925595|00016037
openmpi-slave3|3340726648061|3340961898374|235250313|1585925595|00017251
openmpi-slave3|3340726648061|3340961898374|235250313|1585925595|00020772
openmpi-slave3|3340726648061|3340961898374|235250313|1585925595|00012561
openmpi-slave3|3340726648061|3340961898374|235250313|1585925595|00023769
openmpi-slave3|3340726648061|3340961898374|235250313|1585925595|00017661
openmpi-slave3|3340726648061|3340961898374|235250313|1585925595|00015422
openmpi-slave3|3340726648061|3340961898374|235250313|1585925595|00026186
openmpi-slave3|3340726648061|3340961898374|235250313|1585925595|00010542
openmpi-slave3|3340726648061|3340961898374|235250313|1585925595|00020995
openmpi-slave3|3340726648061|3340961898374|235250313|1585925595|00016291
openmpi-slave3|3340726648061|3340961898374|235250313|1585925595|01004046
openmpi-slave3|3340726648061|3340961898374|235250313|1585925595|00002085
openmpi-slave3|3340726648061|3340961898374|235250313|1585925595|00001494
openmpi-slave3|3340726648061|3340961898374|235250313|1585925595|00002946
openmpi-slave3|3340726648061|3340961898374|235250313|1585925595|00003196
openmpi-slave3|3340726648061|3340961898374|235250313|1585925595|00008004
openmpi-slave3|3340726648061|3340961898374|235250313|1585925595|00008432
openmpi-slave3|3340726648061|3340961898374|235250313|1585925595|03045373
openmpi-slave3|3340726648061|3340961898374|235250313|1585925595|00003058
openmpi-slave3|3340726648061|3340961898374|235250313|1585925595|00001741
openmpi-slave3|3340726648061|3340961898374|235250313|1585925595|00003306
openmpi-slave3|3340726648061|3340961898374|235250313|1585925595|00001846
openmpi-slave3|3340726648061|3340961898374|235250313|1585925595|00001993
openmpi-slave3|3340726648061|3340961898374|235250313|1585925595|00006666
openmpi-slave3|3340726648061|3340961898374|235250313|1585925595|00002338
openmpi-slave3|3340726648061|3340961898374|235250313|1585925595|00002033
openmpi-slave3|3340726648061|3340961898374|235250313|1585925595|00001599
openmpi-slave3|3340726648061|3340961898374|235250313|1585925595|00007098
openmpi-slave3|3340726648061|3340961898374|235250313|1585925595|00002729
openmpi-slave3|3340726648061|3340961898374|235250313|1585925595|00001996
openmpi-slave3|3340726648061|3340961898374|235250313|1585925595|00001707
openmpi-slave3|3340726648061|3340961898374|235250313|1585925595|00003685
openmpi-slave3|3340726648061|3340961898374|235250313|1585925595|00002191
openmpi-slave3|3340726648061|3340961898374|235250313|1585925595|00001432
openmpi-slave3|3340726648061|3340961898374|235250313|1585925595|00001351
openmpi-slave3|3340726648061|3340961898374|235250313|1585925595|00001499
