openmpi-slave1|3327006628921|3327090114637|83485716|1585925581|00006175
openmpi-slave1|3327006628921|3327090114637|83485716|1585925581|00004279
openmpi-slave1|3327006628921|3327090114637|83485716|1585925581|00007385
openmpi-slave1|3327006628921|3327090114637|83485716|1585925581|00008072
openmpi-slave1|3327006628921|3327090114637|83485716|1585925581|00031702
openmpi-slave1|3327006628921|3327090114637|83485716|1585925581|00045386
openmpi-slave1|3327006628921|3327090114637|83485716|1585925581|00045663
openmpi-slave1|3327006628921|3327090114637|83485716|1585925581|00028944
openmpi-slave1|3327006628921|3327090114637|83485716|1585925581|00035298
openmpi-slave1|3327006628921|3327090114637|83485716|1585925581|00036508
openmpi-slave1|3327006628921|3327090114637|83485716|1585925581|00039485
openmpi-slave1|3340687528627|3340931017596|243488969|1585925595|00018606
openmpi-slave1|3340687528627|3340931017596|243488969|1585925595|00021224
openmpi-slave1|3340687528627|3340931017596|243488969|1585925595|00019459
openmpi-slave1|3340687528627|3340931017596|243488969|1585925595|00017901
openmpi-slave1|3340687528627|3340931017596|243488969|1585925595|00022701
openmpi-slave1|3340687528627|3340931017596|243488969|1585925595|00018211
openmpi-slave1|3340687528627|3340931017596|243488969|1585925595|00027991
openmpi-slave1|3340687528627|3340931017596|243488969|1585925595|00019843
openmpi-slave1|3340687528627|3340931017596|243488969|1585925595|00023647
openmpi-slave1|3340687528627|3340931017596|243488969|1585925595|00023528
openmpi-slave1|3340687528627|3340931017596|243488969|1585925595|00019894
openmpi-slave1|3340687528627|3340931017596|243488969|1585925595|00018629
openmpi-slave1|3340687528627|3340931017596|243488969|1585925595|00019985
openmpi-slave1|3340687528627|3340931017596|243488969|1585925595|00020771
openmpi-slave1|3340687528627|3340931017596|243488969|1585925595|00020187
openmpi-slave1|3340687528627|3340931017596|243488969|1585925595|00020985
openmpi-slave1|3340687528627|3340931017596|243488969|1585925595|00024514
openmpi-slave1|3340687528627|3340931017596|243488969|1585925595|00017754
openmpi-slave1|3340687528627|3340931017596|243488969|1585925595|00023534
openmpi-slave1|3340687528627|3340931017596|243488969|1585925595|00021808
openmpi-slave1|3340687528627|3340931017596|243488969|1585925595|00021452
openmpi-slave1|3340687528627|3340931017596|243488969|1585925595|00019697
openmpi-slave1|3340687528627|3340931017596|243488969|1585925595|00023150
openmpi-slave1|3340687528627|3340931017596|243488969|1585925595|00016230
openmpi-slave1|3340687528627|3340931017596|243488969|1585925595|00025200
openmpi-slave1|3340687528627|3340931017596|243488969|1585925595|00025098
openmpi-slave1|3340687528627|3340931017596|243488969|1585925595|00013853
openmpi-slave1|3340687528627|3340931017596|243488969|1585925595|00026172
openmpi-slave1|3340687528627|3340931017596|243488969|1585925595|00014985
openmpi-slave1|3340687528627|3340931017596|243488969|1585925595|00025894
openmpi-slave1|3340687528627|3340931017596|243488969|1585925595|00016729
openmpi-slave1|3340687528627|3340931017596|243488969|1585925595|00023813
openmpi-slave1|3340687528627|3340931017596|243488969|1585925595|00022394
openmpi-slave1|3340687528627|3340931017596|243488969|1585925595|00022364
openmpi-slave1|3340687528627|3340931017596|243488969|1585925595|00020097
openmpi-slave1|3340687528627|3340931017596|243488969|1585925595|00018964
openmpi-slave1|3340687528627|3340931017596|243488969|1585925595|00018901
openmpi-slave1|3340687528627|3340931017596|243488969|1585925595|00016242
openmpi-slave1|3340687528627|3340931017596|243488969|1585925595|00017198
openmpi-slave1|3340687528627|3340931017596|243488969|1585925595|00023156
openmpi-slave1|3340687528627|3340931017596|243488969|1585925595|00013221
openmpi-slave1|3340687528627|3340931017596|243488969|1585925595|00020418
openmpi-slave1|3340687528627|3340931017596|243488969|1585925595|00020838
openmpi-slave1|3340687528627|3340931017596|243488969|1585925595|00019230
openmpi-slave1|3340687528627|3340931017596|243488969|1585925595|00021443
openmpi-slave1|3340687528627|3340931017596|243488969|1585925595|00016615
openmpi-slave1|3340687528627|3340931017596|243488969|1585925595|00026819
openmpi-slave1|3340687528627|3340931017596|243488969|1585925595|00019591
openmpi-slave1|3340687528627|3340931017596|243488969|1585925595|00018926
openmpi-slave1|3340687528627|3340931017596|243488969|1585925595|00015311
openmpi-slave1|3340687528627|3340931017596|243488969|1585925595|00011885
openmpi-slave1|3340687528627|3340931017596|243488969|1585925595|00021448
openmpi-slave1|3340687528627|3340931017596|243488969|1585925595|00021414
openmpi-slave1|3340687528627|3340931017596|243488969|1585925595|00019924
openmpi-slave1|3340687528627|3340931017596|243488969|1585925595|00016172
openmpi-slave1|3340687528627|3340931017596|243488969|1585925595|00020806
openmpi-slave1|3340687528627|3340931017596|243488969|1585925595|00023126
openmpi-slave1|3340687528627|3340931017596|243488969|1585925595|00017583
openmpi-slave1|3340687528627|3340931017596|243488969|1585925595|00020218
openmpi-slave1|3340687528627|3340931017596|243488969|1585925595|00013171
openmpi-slave1|3340687528627|3340931017596|243488969|1585925595|00023817
openmpi-slave1|3340687528627|3340931017596|243488969|1585925595|00017565
openmpi-slave1|3340687528627|3340931017596|243488969|1585925595|00015425
openmpi-slave1|3340687528627|3340931017596|243488969|1585925595|00026349
openmpi-slave1|3340687528627|3340931017596|243488969|1585925595|00011378
openmpi-slave1|3340687528627|3340931017596|243488969|1585925595|00025168
openmpi-slave1|3340687528627|3340931017596|243488969|1585925595|00017411
openmpi-slave1|3340687528627|3340931017596|243488969|1585925595|01002706
openmpi-slave1|3340687528627|3340931017596|243488969|1585925595|00002941
openmpi-slave1|3340687528627|3340931017596|243488969|1585925595|00003456
openmpi-slave1|3340687528627|3340931017596|243488969|1585925595|00012007
openmpi-slave1|3340687528627|3340931017596|243488969|1585925595|01005779
openmpi-slave1|3340687528627|3340931017596|243488969|1585925595|00002763
openmpi-slave1|3340687528627|3340931017596|243488969|1585925595|00001672
openmpi-slave1|3340687528627|3340931017596|243488969|1585925595|00002808
openmpi-slave1|3340687528627|3340931017596|243488969|1585925595|00009619
openmpi-slave1|3340687528627|3340931017596|243488969|1585925595|00008704
openmpi-slave1|3340687528627|3340931017596|243488969|1585925595|01046269
openmpi-slave1|3340687528627|3340931017596|243488969|1585925595|00017157
openmpi-slave1|3340687528627|3340931017596|243488969|1585925595|00021044
openmpi-slave1|3340687528627|3340931017596|243488969|1585925595|00019213
openmpi-slave1|3340687528627|3340931017596|243488969|1585925595|00020461
openmpi-slave1|3340687528627|3340931017596|243488969|1585925595|00013511
openmpi-slave1|3340687528627|3340931017596|243488969|1585925595|00019800
openmpi-slave1|3340687528627|3340931017596|243488969|1585925595|01023698
openmpi-slave1|3340687528627|3340931017596|243488969|1585925595|00002011
openmpi-slave1|3340687528627|3340931017596|243488969|1585925595|00001892
openmpi-slave1|3340687528627|3340931017596|243488969|1585925595|00002134
openmpi-slave1|3340687528627|3340931017596|243488969|1585925595|00011135
