openmpi-slave4|3326017061234|3326089014323|71953089|1585925580|00044470
openmpi-slave4|3326017061234|3326089014323|71953089|1585925580|00032335
openmpi-slave4|3326017061234|3326089014323|71953089|1585925580|00031961
openmpi-slave4|3326017061234|3326089014323|71953089|1585925580|00035602
openmpi-slave4|3326017061234|3326089014323|71953089|1585925580|00032554
openmpi-slave4|3340741928368|3340963959117|222030749|1585925595|00032120
openmpi-slave4|3340741928368|3340963959117|222030749|1585925595|00015180
openmpi-slave4|3340741928368|3340963959117|222030749|1585925595|00024258
openmpi-slave4|3340741928368|3340963959117|222030749|1585925595|00015261
openmpi-slave4|3340741928368|3340963959117|222030749|1585925595|00018073
openmpi-slave4|3340741928368|3340963959117|222030749|1585925595|00016031
openmpi-slave4|3340741928368|3340963959117|222030749|1585925595|00017768
openmpi-slave4|3340741928368|3340963959117|222030749|1585925595|00027704
openmpi-slave4|3340741928368|3340963959117|222030749|1585925595|00019233
openmpi-slave4|3340741928368|3340963959117|222030749|1585925595|00023589
openmpi-slave4|3340741928368|3340963959117|222030749|1585925595|00023278
openmpi-slave4|3340741928368|3340963959117|222030749|1585925595|00019753
openmpi-slave4|3340741928368|3340963959117|222030749|1585925595|00018669
openmpi-slave4|3340741928368|3340963959117|222030749|1585925595|00020020
openmpi-slave4|3340741928368|3340963959117|222030749|1585925595|00020981
openmpi-slave4|3340741928368|3340963959117|222030749|1585925595|00013762
openmpi-slave4|3340741928368|3340963959117|222030749|1585925595|00026853
openmpi-slave4|3340741928368|3340963959117|222030749|1585925595|00021125
openmpi-slave4|3340741928368|3340963959117|222030749|1585925595|00012440
openmpi-slave4|3340741928368|3340963959117|222030749|1585925595|00031245
openmpi-slave4|3340741928368|3340963959117|222030749|1585925595|00022509
openmpi-slave4|3340741928368|3340963959117|222030749|1585925595|00021471
openmpi-slave4|3340741928368|3340963959117|222030749|1585925595|00019698
openmpi-slave4|3340741928368|3340963959117|222030749|1585925595|00016910
openmpi-slave4|3340741928368|3340963959117|222030749|1585925595|00022270
openmpi-slave4|3340741928368|3340963959117|222030749|1585925595|00019724
openmpi-slave4|3340741928368|3340963959117|222030749|1585925595|00027016
openmpi-slave4|3340741928368|3340963959117|222030749|1585925595|00016991
openmpi-slave4|3340741928368|3340963959117|222030749|1585925595|00018188
openmpi-slave4|3340741928368|3340963959117|222030749|1585925595|00022722
openmpi-slave4|3340741928368|3340963959117|222030749|1585925595|00019803
openmpi-slave4|3340741928368|3340963959117|222030749|1585925595|00023776
openmpi-slave4|3340741928368|3340963959117|222030749|1585925595|00023622
openmpi-slave4|3340741928368|3340963959117|222030749|1585925595|00017736
openmpi-slave4|3340741928368|3340963959117|222030749|1585925595|00017925
openmpi-slave4|3340741928368|3340963959117|222030749|1585925595|00019868
openmpi-slave4|3340741928368|3340963959117|222030749|1585925595|00018056
openmpi-slave4|3340741928368|3340963959117|222030749|1585925595|00021901
openmpi-slave4|3340741928368|3340963959117|222030749|1585925595|00016621
openmpi-slave4|3340741928368|3340963959117|222030749|1585925595|00014962
openmpi-slave4|3340741928368|3340963959117|222030749|1585925595|00018748
openmpi-slave4|3340741928368|3340963959117|222030749|1585925595|00021071
openmpi-slave4|3340741928368|3340963959117|222030749|1585925595|00017274
openmpi-slave4|3340741928368|3340963959117|222030749|1585925595|00016392
openmpi-slave4|3340741928368|3340963959117|222030749|1585925595|00015302
openmpi-slave4|3340741928368|3340963959117|222030749|1585925595|00025077
openmpi-slave4|3340741928368|3340963959117|222030749|1585925595|00020060
openmpi-slave4|3340741928368|3340963959117|222030749|1585925595|00019105
openmpi-slave4|3340741928368|3340963959117|222030749|1585925595|00019548
openmpi-slave4|3340741928368|3340963959117|222030749|1585925595|00019468
openmpi-slave4|3340741928368|3340963959117|222030749|1585925595|00019172
openmpi-slave4|3340741928368|3340963959117|222030749|1585925595|00014855
openmpi-slave4|3340741928368|3340963959117|222030749|1585925595|00011681
openmpi-slave4|3340741928368|3340963959117|222030749|1585925595|00021465
openmpi-slave4|3340741928368|3340963959117|222030749|1585925595|00021166
openmpi-slave4|3340741928368|3340963959117|222030749|1585925595|00015072
openmpi-slave4|3340741928368|3340963959117|222030749|1585925595|00020162
openmpi-slave4|3340741928368|3340963959117|222030749|1585925595|00021018
openmpi-slave4|3340741928368|3340963959117|222030749|1585925595|00022875
openmpi-slave4|3340741928368|3340963959117|222030749|1585925595|00017868
openmpi-slave4|3340741928368|3340963959117|222030749|1585925595|00016207
openmpi-slave4|3340741928368|3340963959117|222030749|1585925595|00016586
openmpi-slave4|3340741928368|3340963959117|222030749|1585925595|00017895
openmpi-slave4|3340741928368|3340963959117|222030749|1585925595|00017337
openmpi-slave4|3340741928368|3340963959117|222030749|1585925595|00016148
openmpi-slave4|3340741928368|3340963959117|222030749|1585925595|00014319
openmpi-slave4|3340741928368|3340963959117|222030749|1585925595|00027228
openmpi-slave4|3340741928368|3340963959117|222030749|1585925595|00017265
openmpi-slave4|3340741928368|3340963959117|222030749|1585925595|00016049
openmpi-slave4|3340741928368|3340963959117|222030749|1585925595|00016990
openmpi-slave4|3340741928368|3340963959117|222030749|1585925595|01022214
openmpi-slave4|3340741928368|3340963959117|222030749|1585925595|01026077
openmpi-slave4|3340741928368|3340963959117|222030749|1585925595|01029876
openmpi-slave4|3340741928368|3340963959117|222030749|1585925595|00016184
openmpi-slave4|3340741928368|3340963959117|222030749|1585925595|00016824
openmpi-slave4|3340741928368|3340963959117|222030749|1585925595|00013602
openmpi-slave4|3340741928368|3340963959117|222030749|1585925595|00025506
openmpi-slave4|3340741928368|3340963959117|222030749|1585925595|00013831
openmpi-slave4|3340741928368|3340963959117|222030749|1585925595|00015106
openmpi-slave4|3340741928368|3340963959117|222030749|1585925595|00014161
openmpi-slave4|3340741928368|3340963959117|222030749|1585925595|00020367
openmpi-slave4|3340741928368|3340963959117|222030749|1585925595|00011396
openmpi-slave4|3340741928368|3340963959117|222030749|1585925595|00012820
openmpi-slave4|3340741928368|3340963959117|222030749|1585925595|01010487
openmpi-slave4|3340741928368|3340963959117|222030749|1585925595|00005064
openmpi-slave4|3340741928368|3340963959117|222030749|1585925595|00010728
openmpi-slave4|3340741928368|3340963959117|222030749|1585925595|00007713
openmpi-slave4|3340741928368|3340963959117|222030749|1585925595|00006033
openmpi-slave4|3340741928368|3340963959117|222030749|1585925595|00002992
openmpi-slave4|3340741928368|3340963959117|222030749|1585925595|01033246
openmpi-slave4|3340741928368|3340963959117|222030749|1585925595|00004337
openmpi-slave4|3340741928368|3340963959117|222030749|1585925595|00001974
openmpi-slave4|3340741928368|3340963959117|222030749|1585925595|00003193
openmpi-slave4|3340741928368|3340963959117|222030749|1585925595|01032452
openmpi-slave4|3340741928368|3340963959117|222030749|1585925595|00002207
