openmpi-slave3|3326014873590|3326086446458|71572868|1585925580|00016258
openmpi-slave3|3326014873590|3326086446458|71572868|1585925580|00007875
openmpi-slave3|3326014873590|3326086446458|71572868|1585925580|00015066
openmpi-slave3|3326014873590|3326086446458|71572868|1585925580|00016242
openmpi-slave3|3326014873590|3326086446458|71572868|1585925580|00040515
openmpi-slave3|3326014873590|3326086446458|71572868|1585925580|00040221
openmpi-slave3|3326014873590|3326086446458|71572868|1585925580|00032543
openmpi-slave3|3326014873590|3326086446458|71572868|1585925580|00031844
openmpi-slave3|3326014873590|3326086446458|71572868|1585925580|00035360
openmpi-slave3|3326014873590|3326086446458|71572868|1585925580|00032203
openmpi-slave3|3340726648061|3340961898374|235250313|1585925595|00032658
openmpi-slave3|3340726648061|3340961898374|235250313|1585925595|00020662
openmpi-slave3|3340726648061|3340961898374|235250313|1585925595|00019974
openmpi-slave3|3340726648061|3340961898374|235250313|1585925595|00017869
openmpi-slave3|3340726648061|3340961898374|235250313|1585925595|00025643
openmpi-slave3|3340726648061|3340961898374|235250313|1585925595|00025234
openmpi-slave3|3340726648061|3340961898374|235250313|1585925595|00028803
openmpi-slave3|3340726648061|3340961898374|235250313|1585925595|00021300
openmpi-slave3|3340726648061|3340961898374|235250313|1585925595|00019256
openmpi-slave3|3340726648061|3340961898374|235250313|1585925595|00023533
openmpi-slave3|3340726648061|3340961898374|235250313|1585925595|00022618
openmpi-slave3|3340726648061|3340961898374|235250313|1585925595|00017937
openmpi-slave3|3340726648061|3340961898374|235250313|1585925595|00024304
openmpi-slave3|3340726648061|3340961898374|235250313|1585925595|00019552
openmpi-slave3|3340726648061|3340961898374|235250313|1585925595|00020646
openmpi-slave3|3340726648061|3340961898374|235250313|1585925595|00022691
openmpi-slave3|3340726648061|3340961898374|235250313|1585925595|00017543
openmpi-slave3|3340726648061|3340961898374|235250313|1585925595|00023237
openmpi-slave3|3340726648061|3340961898374|235250313|1585925595|00026176
openmpi-slave3|3340726648061|3340961898374|235250313|1585925595|00020424
openmpi-slave3|3340726648061|3340961898374|235250313|1585925595|00017365
openmpi-slave3|3340726648061|3340961898374|235250313|1585925595|00025136
openmpi-slave3|3340726648061|3340961898374|235250313|1585925595|00025841
openmpi-slave3|3340726648061|3340961898374|235250313|1585925595|00026232
openmpi-slave3|3340726648061|3340961898374|235250313|1585925595|00021671
openmpi-slave3|3340726648061|3340961898374|235250313|1585925595|00013121
openmpi-slave3|3340726648061|3340961898374|235250313|1585925595|00022007
openmpi-slave3|3340726648061|3340961898374|235250313|1585925595|00018704
openmpi-slave3|3340726648061|3340961898374|235250313|1585925595|00019192
openmpi-slave3|3340726648061|3340961898374|235250313|1585925595|00022850
openmpi-slave3|3340726648061|3340961898374|235250313|1585925595|00016856
openmpi-slave3|3340726648061|3340961898374|235250313|1585925595|00019182
openmpi-slave3|3340726648061|3340961898374|235250313|1585925595|00023034
openmpi-slave3|3340726648061|3340961898374|235250313|1585925595|00020240
openmpi-slave3|3340726648061|3340961898374|235250313|1585925595|00018175
openmpi-slave3|3340726648061|3340961898374|235250313|1585925595|00022105
openmpi-slave3|3340726648061|3340961898374|235250313|1585925595|00016716
openmpi-slave3|3340726648061|3340961898374|235250313|1585925595|00022921
openmpi-slave3|3340726648061|3340961898374|235250313|1585925595|00017028
openmpi-slave3|3340726648061|3340961898374|235250313|1585925595|00018733
openmpi-slave3|3340726648061|3340961898374|235250313|1585925595|00017890
openmpi-slave3|3340726648061|3340961898374|235250313|1585925595|00017563
openmpi-slave3|3340726648061|3340961898374|235250313|1585925595|00021379
openmpi-slave3|3340726648061|3340961898374|235250313|1585925595|00019844
openmpi-slave3|3340726648061|3340961898374|235250313|1585925595|00022177
openmpi-slave3|3340726648061|3340961898374|235250313|1585925595|00020807
openmpi-slave3|3340726648061|3340961898374|235250313|1585925595|00018346
openmpi-slave3|3340726648061|3340961898374|235250313|1585925595|00020834
openmpi-slave3|3340726648061|3340961898374|235250313|1585925595|00016340
openmpi-slave3|3340726648061|3340961898374|235250313|1585925595|00017543
openmpi-slave3|3340726648061|3340961898374|235250313|1585925595|00020805
openmpi-slave3|3340726648061|3340961898374|235250313|1585925595|00016365
openmpi-slave3|3340726648061|3340961898374|235250313|1585925595|00016546
openmpi-slave3|3340726648061|3340961898374|235250313|1585925595|00023770
openmpi-slave3|3340726648061|3340961898374|235250313|1585925595|00014135
openmpi-slave3|3340726648061|3340961898374|235250313|1585925595|00023346
openmpi-slave3|3340726648061|3340961898374|235250313|1585925595|00018188
openmpi-slave3|3340726648061|3340961898374|235250313|1585925595|00022033
openmpi-slave3|3340726648061|3340961898374|235250313|1585925595|00017043
openmpi-slave3|3340726648061|3340961898374|235250313|1585925595|00018195
openmpi-slave3|3340726648061|3340961898374|235250313|1585925595|00017306
openmpi-slave3|3340726648061|3340961898374|235250313|1585925595|00016329
openmpi-slave3|3340726648061|3340961898374|235250313|1585925595|00023912
openmpi-slave3|3340726648061|3340961898374|235250313|1585925595|00019243
openmpi-slave3|3340726648061|3340961898374|235250313|1585925595|00020950
openmpi-slave3|3340726648061|3340961898374|235250313|1585925595|00016192
openmpi-slave3|3340726648061|3340961898374|235250313|1585925595|01005223
openmpi-slave3|3340726648061|3340961898374|235250313|1585925595|00002052
openmpi-slave3|3340726648061|3340961898374|235250313|1585925595|00002904
openmpi-slave3|3340726648061|3340961898374|235250313|1585925595|00003577
openmpi-slave3|3340726648061|3340961898374|235250313|1585925595|00005160
openmpi-slave3|3340726648061|3340961898374|235250313|1585925595|00009053
openmpi-slave3|3340726648061|3340961898374|235250313|1585925595|00004785
openmpi-slave3|3340726648061|3340961898374|235250313|1585925595|00002036
openmpi-slave3|3340726648061|3340961898374|235250313|1585925595|03041804
openmpi-slave3|3340726648061|3340961898374|235250313|1585925595|00001565
openmpi-slave3|3340726648061|3340961898374|235250313|1585925595|00002117
openmpi-slave3|3340726648061|3340961898374|235250313|1585925595|00001552
openmpi-slave3|3340726648061|3340961898374|235250313|1585925595|00001465
openmpi-slave3|3340726648061|3340961898374|235250313|1585925595|00002473
openmpi-slave3|3340726648061|3340961898374|235250313|1585925595|00001767
openmpi-slave3|3340726648061|3340961898374|235250313|1585925595|00001749
openmpi-slave3|3340726648061|3340961898374|235250313|1585925595|00001489
openmpi-slave3|3340726648061|3340961898374|235250313|1585925595|00001849
openmpi-slave3|3340726648061|3340961898374|235250313|1585925595|00002067
openmpi-slave3|3340726648061|3340961898374|235250313|1585925595|00001761
openmpi-slave3|3340726648061|3340961898374|235250313|1585925595|00001820
openmpi-slave3|3340726648061|3340961898374|235250313|1585925595|00001883
openmpi-slave3|3340726648061|3340961898374|235250313|1585925595|00005964
openmpi-slave3|3340726648061|3340961898374|235250313|1585925595|00002831
