openmpi-slave3|3326014873590|3326086446458|71572868|1585925580|00034690
openmpi-slave3|3326014873590|3326086446458|71572868|1585925580|00040438
openmpi-slave3|3326014873590|3326086446458|71572868|1585925580|00031966
openmpi-slave3|3326014873590|3326086446458|71572868|1585925580|00035024
openmpi-slave3|3326014873590|3326086446458|71572868|1585925580|00035862
openmpi-slave3|3326014873590|3326086446458|71572868|1585925580|00029611
openmpi-slave3|3340726648061|3340961898374|235250313|1585925595|00024960
openmpi-slave3|3340726648061|3340961898374|235250313|1585925595|00014427
openmpi-slave3|3340726648061|3340961898374|235250313|1585925595|00025576
openmpi-slave3|3340726648061|3340961898374|235250313|1585925595|00018762
openmpi-slave3|3340726648061|3340961898374|235250313|1585925595|00021748
openmpi-slave3|3340726648061|3340961898374|235250313|1585925595|00020037
openmpi-slave3|3340726648061|3340961898374|235250313|1585925595|00028647
openmpi-slave3|3340726648061|3340961898374|235250313|1585925595|00020999
openmpi-slave3|3340726648061|3340961898374|235250313|1585925595|00019327
openmpi-slave3|3340726648061|3340961898374|235250313|1585925595|00023481
openmpi-slave3|3340726648061|3340961898374|235250313|1585925595|00022572
openmpi-slave3|3340726648061|3340961898374|235250313|1585925595|00017508
openmpi-slave3|3340726648061|3340961898374|235250313|1585925595|00024148
openmpi-slave3|3340726648061|3340961898374|235250313|1585925595|00019784
openmpi-slave3|3340726648061|3340961898374|235250313|1585925595|00020969
openmpi-slave3|3340726648061|3340961898374|235250313|1585925595|00022838
openmpi-slave3|3340726648061|3340961898374|235250313|1585925595|00017405
openmpi-slave3|3340726648061|3340961898374|235250313|1585925595|00023352
openmpi-slave3|3340726648061|3340961898374|235250313|1585925595|00026422
openmpi-slave3|3340726648061|3340961898374|235250313|1585925595|00026034
openmpi-slave3|3340726648061|3340961898374|235250313|1585925595|00019720
openmpi-slave3|3340726648061|3340961898374|235250313|1585925595|00017437
openmpi-slave3|3340726648061|3340961898374|235250313|1585925595|00025960
openmpi-slave3|3340726648061|3340961898374|235250313|1585925595|00026194
openmpi-slave3|3340726648061|3340961898374|235250313|1585925595|00021602
openmpi-slave3|3340726648061|3340961898374|235250313|1585925595|00013045
openmpi-slave3|3340726648061|3340961898374|235250313|1585925595|00026399
openmpi-slave3|3340726648061|3340961898374|235250313|1585925595|00020420
openmpi-slave3|3340726648061|3340961898374|235250313|1585925595|00020484
openmpi-slave3|3340726648061|3340961898374|235250313|1585925595|00016781
openmpi-slave3|3340726648061|3340961898374|235250313|1585925595|00023759
openmpi-slave3|3340726648061|3340961898374|235250313|1585925595|00022590
openmpi-slave3|3340726648061|3340961898374|235250313|1585925595|00022357
openmpi-slave3|3340726648061|3340961898374|235250313|1585925595|00020310
openmpi-slave3|3340726648061|3340961898374|235250313|1585925595|00019102
openmpi-slave3|3340726648061|3340961898374|235250313|1585925595|00018914
openmpi-slave3|3340726648061|3340961898374|235250313|1585925595|00021962
openmpi-slave3|3340726648061|3340961898374|235250313|1585925595|00018872
openmpi-slave3|3340726648061|3340961898374|235250313|1585925595|00015473
openmpi-slave3|3340726648061|3340961898374|235250313|1585925595|00013425
openmpi-slave3|3340726648061|3340961898374|235250313|1585925595|00020715
openmpi-slave3|3340726648061|3340961898374|235250313|1585925595|00020640
openmpi-slave3|3340726648061|3340961898374|235250313|1585925595|00025238
openmpi-slave3|3340726648061|3340961898374|235250313|1585925595|00020224
openmpi-slave3|3340726648061|3340961898374|235250313|1585925595|00018806
openmpi-slave3|3340726648061|3340961898374|235250313|1585925595|00020255
openmpi-slave3|3340726648061|3340961898374|235250313|1585925595|00019578
openmpi-slave3|3340726648061|3340961898374|235250313|1585925595|00024949
openmpi-slave3|3340726648061|3340961898374|235250313|1585925595|00013038
openmpi-slave3|3340726648061|3340961898374|235250313|1585925595|00014463
openmpi-slave3|3340726648061|3340961898374|235250313|1585925595|00014467
openmpi-slave3|3340726648061|3340961898374|235250313|1585925595|00021807
openmpi-slave3|3340726648061|3340961898374|235250313|1585925595|00019358
openmpi-slave3|3340726648061|3340961898374|235250313|1585925595|00019918
openmpi-slave3|3340726648061|3340961898374|235250313|1585925595|00023507
openmpi-slave3|3340726648061|3340961898374|235250313|1585925595|00016166
openmpi-slave3|3340726648061|3340961898374|235250313|1585925595|00017318
openmpi-slave3|3340726648061|3340961898374|235250313|1585925595|00020764
openmpi-slave3|3340726648061|3340961898374|235250313|1585925595|00012553
openmpi-slave3|3340726648061|3340961898374|235250313|1585925595|00023903
openmpi-slave3|3340726648061|3340961898374|235250313|1585925595|00017486
openmpi-slave3|3340726648061|3340961898374|235250313|1585925595|00015323
openmpi-slave3|3340726648061|3340961898374|235250313|1585925595|00026054
openmpi-slave3|3340726648061|3340961898374|235250313|1585925595|00010901
openmpi-slave3|3340726648061|3340961898374|235250313|1585925595|00020956
openmpi-slave3|3340726648061|3340961898374|235250313|1585925595|00016258
openmpi-slave3|3340726648061|3340961898374|235250313|1585925595|01004525
openmpi-slave3|3340726648061|3340961898374|235250313|1585925595|00002708
openmpi-slave3|3340726648061|3340961898374|235250313|1585925595|00003160
openmpi-slave3|3340726648061|3340961898374|235250313|1585925595|00003583
openmpi-slave3|3340726648061|3340961898374|235250313|1585925595|00008053
openmpi-slave3|3340726648061|3340961898374|235250313|1585925595|00007736
openmpi-slave3|3340726648061|3340961898374|235250313|1585925595|03047120
openmpi-slave3|3340726648061|3340961898374|235250313|1585925595|00001159
openmpi-slave3|3340726648061|3340961898374|235250313|1585925595|00001685
openmpi-slave3|3340726648061|3340961898374|235250313|1585925595|00001869
openmpi-slave3|3340726648061|3340961898374|235250313|1585925595|00001473
openmpi-slave3|3340726648061|3340961898374|235250313|1585925595|00002183
openmpi-slave3|3340726648061|3340961898374|235250313|1585925595|00001701
openmpi-slave3|3340726648061|3340961898374|235250313|1585925595|00001877
openmpi-slave3|3340726648061|3340961898374|235250313|1585925595|00001500
openmpi-slave3|3340726648061|3340961898374|235250313|1585925595|00001792
openmpi-slave3|3340726648061|3340961898374|235250313|1585925595|00001575
openmpi-slave3|3340726648061|3340961898374|235250313|1585925595|00001809
openmpi-slave3|3340726648061|3340961898374|235250313|1585925595|00001880
openmpi-slave3|3340726648061|3340961898374|235250313|1585925595|00004275
openmpi-slave3|3340726648061|3340961898374|235250313|1585925595|00002112
openmpi-slave3|3340726648061|3340961898374|235250313|1585925595|00001624
openmpi-slave3|3340726648061|3340961898374|235250313|1585925595|00002019
openmpi-slave3|3340726648061|3340961898374|235250313|1585925595|00001870
openmpi-slave3|3340726648061|3340961898374|235250313|1585925595|00004227
openmpi-slave3|3340726648061|3340961898374|235250313|1585925595|00002536
openmpi-slave3|3340726648061|3340961898374|235250313|1585925595|00002367
openmpi-slave3|3340726648061|3340961898374|235250313|1585925595|00001570
