openmpi-slave2|3336393022835|3336428070122|35047287|1585925590|00026029
openmpi-slave2|3336393022835|3336428070122|35047287|1585925590|00014896
openmpi-slave2|3336393022835|3336428070122|35047287|1585925590|00030871
openmpi-slave2|3336393022835|3336428070122|35047287|1585925590|00039334
openmpi-slave2|3336393022835|3336428070122|35047287|1585925590|00032578
openmpi-slave2|3336393022835|3336428070122|35047287|1585925590|00034419
openmpi-slave2|3336393022835|3336428070122|35047287|1585925590|00064831
openmpi-slave2|3336393022835|3336428070122|35047287|1585925590|00025156
openmpi-slave2|3336393022835|3336428070122|35047287|1585925590|00014229
openmpi-slave2|3336393022835|3336428070122|35047287|1585925590|00025648
openmpi-slave2|3336393022835|3336428070122|35047287|1585925590|00018317
openmpi-slave2|3336393022835|3336428070122|35047287|1585925590|00015973
openmpi-slave2|3336393022835|3336428070122|35047287|1585925590|00026600
openmpi-slave2|3336393022835|3336428070122|35047287|1585925590|00028695
openmpi-slave2|3336393022835|3336428070122|35047287|1585925590|00020843
openmpi-slave2|3336393022835|3336428070122|35047287|1585925590|00019526
openmpi-slave2|3336393022835|3336428070122|35047287|1585925590|00023541
openmpi-slave2|3336393022835|3336428070122|35047287|1585925590|00022511
openmpi-slave2|3336393022835|3336428070122|35047287|1585925590|00017267
openmpi-slave2|3336393022835|3336428070122|35047287|1585925590|00024091
openmpi-slave2|3336393022835|3336428070122|35047287|1585925590|00019630
openmpi-slave2|3336393022835|3336428070122|35047287|1585925590|00020780
openmpi-slave2|3336393022835|3336428070122|35047287|1585925590|00017407
openmpi-slave2|3336393022835|3336428070122|35047287|1585925590|00022941
openmpi-slave2|3336393022835|3336428070122|35047287|1585925590|00023441
openmpi-slave2|3336393022835|3336428070122|35047287|1585925590|00026427
openmpi-slave2|3336393022835|3336428070122|35047287|1585925590|00020284
openmpi-slave2|3336393022835|3336428070122|35047287|1585925590|00017624
openmpi-slave2|3336393022835|3336428070122|35047287|1585925590|00024359
openmpi-slave2|3336393022835|3336428070122|35047287|1585925590|00014998
openmpi-slave2|3336393022835|3336428070122|35047287|1585925590|00026974
openmpi-slave2|3336393022835|3336428070122|35047287|1585925590|00027188
openmpi-slave2|3336393022835|3336428070122|35047287|1585925590|00017315
openmpi-slave2|3336393022835|3336428070122|35047287|1585925590|00018389
openmpi-slave2|3336393022835|3336428070122|35047287|1585925590|00022754
openmpi-slave2|3336393022835|3336428070122|35047287|1585925590|00019849
openmpi-slave2|3336393022835|3336428070122|35047287|1585925590|00023063
openmpi-slave2|3336393022835|3336428070122|35047287|1585925590|00016710
openmpi-slave2|3336393022835|3336428070122|35047287|1585925590|00019668
openmpi-slave2|3336393022835|3336428070122|35047287|1585925590|00022982
openmpi-slave2|3336393022835|3336428070122|35047287|1585925590|00020141
openmpi-slave2|3336393022835|3336428070122|35047287|1585925590|00017997
openmpi-slave2|3336393022835|3336428070122|35047287|1585925590|00022655
openmpi-slave2|3336393022835|3336428070122|35047287|1585925590|00022319
openmpi-slave2|3336393022835|3336428070122|35047287|1585925590|00017280
openmpi-slave2|3336393022835|3336428070122|35047287|1585925590|00016923
openmpi-slave2|3336393022835|3336428070122|35047287|1585925590|00019582
openmpi-slave2|3336393022835|3336428070122|35047287|1585925590|00020394
openmpi-slave2|3336393022835|3336428070122|35047287|1585925590|00014547
openmpi-slave2|3336393022835|3336428070122|35047287|1585925590|00025749
openmpi-slave2|3336393022835|3336428070122|35047287|1585925590|00021408
openmpi-slave2|3336393022835|3336428070122|35047287|1585925590|00016585
openmpi-slave2|3336393022835|3336428070122|35047287|1585925590|00026783
openmpi-slave2|3336393022835|3336428070122|35047287|1585925590|00019697
openmpi-slave2|3336393022835|3336428070122|35047287|1585925590|00019099
openmpi-slave2|3336393022835|3336428070122|35047287|1585925590|00020259
openmpi-slave2|3336393022835|3336428070122|35047287|1585925590|00014810
openmpi-slave2|3336393022835|3336428070122|35047287|1585925590|00022167
openmpi-slave2|3336393022835|3336428070122|35047287|1585925590|00014716
openmpi-slave2|3336393022835|3336428070122|35047287|1585925590|00019475
openmpi-slave2|3336393022835|3336428070122|35047287|1585925590|00024818
openmpi-slave2|3336393022835|3336428070122|35047287|1585925590|00018622
openmpi-slave2|3336393022835|3336428070122|35047287|1585925590|00016456
openmpi-slave2|3336393022835|3336428070122|35047287|1585925590|00017014
openmpi-slave2|3336393022835|3336428070122|35047287|1585925590|00024357
openmpi-slave2|3336393022835|3336428070122|35047287|1585925590|00017647
openmpi-slave2|3336393022835|3336428070122|35047287|1585925590|00015793
openmpi-slave2|3336393022835|3336428070122|35047287|1585925590|00023392
openmpi-slave2|3336393022835|3336428070122|35047287|1585925590|00014697
openmpi-slave2|3336393022835|3336428070122|35047287|1585925590|00027452
openmpi-slave2|3336393022835|3336428070122|35047287|1585925590|00017650
openmpi-slave2|3336393022835|3336428070122|35047287|1585925590|00015912
openmpi-slave2|3336393022835|3336428070122|35047287|1585925590|00013636
openmpi-slave2|3336393022835|3336428070122|35047287|1585925590|01015753
openmpi-slave2|3336393022835|3336428070122|35047287|1585925590|00009926
openmpi-slave2|3336393022835|3336428070122|35047287|1585925590|01012165
openmpi-slave2|3336393022835|3336428070122|35047287|1585925590|00010163
openmpi-slave2|3336393022835|3336428070122|35047287|1585925590|01019250
openmpi-slave2|3336393022835|3336428070122|35047287|1585925590|00015155
openmpi-slave2|3336393022835|3336428070122|35047287|1585925590|00016260
openmpi-slave2|3336393022835|3336428070122|35047287|1585925590|00021542
openmpi-slave2|3336393022835|3336428070122|35047287|1585925590|00016426
openmpi-slave2|3336393022835|3336428070122|35047287|1585925590|00023863
openmpi-slave2|3336393022835|3336428070122|35047287|1585925590|00014973
openmpi-slave2|3336393022835|3336428070122|35047287|1585925590|00013376
openmpi-slave2|3336393022835|3336428070122|35047287|1585925590|00019301
openmpi-slave2|3336393022835|3336428070122|35047287|1585925590|00015152
openmpi-slave2|3336393022835|3336428070122|35047287|1585925590|00010968
openmpi-slave2|3336393022835|3336428070122|35047287|1585925590|00012081
openmpi-slave2|3346511101456|3346547212057|36110601|1585925601|01033626
openmpi-slave2|3346511101456|3346547212057|36110601|1585925601|00003912
openmpi-slave2|3346511101456|3346547212057|36110601|1585925601|01012853
openmpi-slave2|3346511101456|3346547212057|36110601|1585925601|00006560
openmpi-slave2|3346511101456|3346547212057|36110601|1585925601|00005132
openmpi-slave2|3346511101456|3346547212057|36110601|1585925601|00003794
openmpi-slave2|3346511101456|3346547212057|36110601|1585925601|00008113
openmpi-slave2|3346511101456|3346547212057|36110601|1585925601|00005422
openmpi-slave2|3346511101456|3346547212057|36110601|1585925601|01024915
openmpi-slave2|3346511101456|3346547212057|36110601|1585925601|00001887
openmpi-slave2|3346511101456|3346547212057|36110601|1585925601|00002303
