openmpi-slave4|3326017061234|3326089014323|71953089|1585925580|00046672
openmpi-slave4|3326017061234|3326089014323|71953089|1585925580|00039955
openmpi-slave4|3326017061234|3326089014323|71953089|1585925580|00034278
openmpi-slave4|3326017061234|3326089014323|71953089|1585925580|00032729
openmpi-slave4|3326017061234|3326089014323|71953089|1585925580|00039475
openmpi-slave4|3326017061234|3326089014323|71953089|1585925580|00039429
openmpi-slave4|3340741928368|3340963959117|222030749|1585925595|00018802
openmpi-slave4|3340741928368|3340963959117|222030749|1585925595|00020509
openmpi-slave4|3340741928368|3340963959117|222030749|1585925595|00019806
openmpi-slave4|3340741928368|3340963959117|222030749|1585925595|00017523
openmpi-slave4|3340741928368|3340963959117|222030749|1585925595|00022571
openmpi-slave4|3340741928368|3340963959117|222030749|1585925595|00019222
openmpi-slave4|3340741928368|3340963959117|222030749|1585925595|00025239
openmpi-slave4|3340741928368|3340963959117|222030749|1585925595|00018361
openmpi-slave4|3340741928368|3340963959117|222030749|1585925595|00022484
openmpi-slave4|3340741928368|3340963959117|222030749|1585925595|00024451
openmpi-slave4|3340741928368|3340963959117|222030749|1585925595|00023542
openmpi-slave4|3340741928368|3340963959117|222030749|1585925595|00018903
openmpi-slave4|3340741928368|3340963959117|222030749|1585925595|00019993
openmpi-slave4|3340741928368|3340963959117|222030749|1585925595|00021008
openmpi-slave4|3340741928368|3340963959117|222030749|1585925595|00013825
openmpi-slave4|3340741928368|3340963959117|222030749|1585925595|00027049
openmpi-slave4|3340741928368|3340963959117|222030749|1585925595|00024429
openmpi-slave4|3340741928368|3340963959117|222030749|1585925595|00017989
openmpi-slave4|3340741928368|3340963959117|222030749|1585925595|00023494
openmpi-slave4|3340741928368|3340963959117|222030749|1585925595|00021821
openmpi-slave4|3340741928368|3340963959117|222030749|1585925595|00021443
openmpi-slave4|3340741928368|3340963959117|222030749|1585925595|00019368
openmpi-slave4|3340741928368|3340963959117|222030749|1585925595|00016908
openmpi-slave4|3340741928368|3340963959117|222030749|1585925595|00022249
openmpi-slave4|3340741928368|3340963959117|222030749|1585925595|00019821
openmpi-slave4|3340741928368|3340963959117|222030749|1585925595|00026965
openmpi-slave4|3340741928368|3340963959117|222030749|1585925595|00016898
openmpi-slave4|3340741928368|3340963959117|222030749|1585925595|00023184
openmpi-slave4|3340741928368|3340963959117|222030749|1585925595|00018737
openmpi-slave4|3340741928368|3340963959117|222030749|1585925595|00019026
openmpi-slave4|3340741928368|3340963959117|222030749|1585925595|00023684
openmpi-slave4|3340741928368|3340963959117|222030749|1585925595|00023619
openmpi-slave4|3340741928368|3340963959117|222030749|1585925595|00017630
openmpi-slave4|3340741928368|3340963959117|222030749|1585925595|00017993
openmpi-slave4|3340741928368|3340963959117|222030749|1585925595|00019909
openmpi-slave4|3340741928368|3340963959117|222030749|1585925595|00018177
openmpi-slave4|3340741928368|3340963959117|222030749|1585925595|00022232
openmpi-slave4|3340741928368|3340963959117|222030749|1585925595|00016426
openmpi-slave4|3340741928368|3340963959117|222030749|1585925595|00022795
openmpi-slave4|3340741928368|3340963959117|222030749|1585925595|00017017
openmpi-slave4|3340741928368|3340963959117|222030749|1585925595|00018717
openmpi-slave4|3340741928368|3340963959117|222030749|1585925595|00017830
openmpi-slave4|3340741928368|3340963959117|222030749|1585925595|00017121
openmpi-slave4|3340741928368|3340963959117|222030749|1585925595|00016419
openmpi-slave4|3340741928368|3340963959117|222030749|1585925595|00024956
openmpi-slave4|3340741928368|3340963959117|222030749|1585925595|00021757
openmpi-slave4|3340741928368|3340963959117|222030749|1585925595|00016452
openmpi-slave4|3340741928368|3340963959117|222030749|1585925595|00015331
openmpi-slave4|3340741928368|3340963959117|222030749|1585925595|00019510
openmpi-slave4|3340741928368|3340963959117|222030749|1585925595|00024803
openmpi-slave4|3340741928368|3340963959117|222030749|1585925595|00012732
openmpi-slave4|3340741928368|3340963959117|222030749|1585925595|00013970
openmpi-slave4|3340741928368|3340963959117|222030749|1585925595|00014391
openmpi-slave4|3340741928368|3340963959117|222030749|1585925595|00021097
openmpi-slave4|3340741928368|3340963959117|222030749|1585925595|00018966
openmpi-slave4|3340741928368|3340963959117|222030749|1585925595|00016444
openmpi-slave4|3340741928368|3340963959117|222030749|1585925595|00021016
openmpi-slave4|3340741928368|3340963959117|222030749|1585925595|00022904
openmpi-slave4|3340741928368|3340963959117|222030749|1585925595|00018089
openmpi-slave4|3340741928368|3340963959117|222030749|1585925595|00015942
openmpi-slave4|3340741928368|3340963959117|222030749|1585925595|00016788
openmpi-slave4|3340741928368|3340963959117|222030749|1585925595|00017758
openmpi-slave4|3340741928368|3340963959117|222030749|1585925595|00024170
openmpi-slave4|3340741928368|3340963959117|222030749|1585925595|00015092
openmpi-slave4|3340741928368|3340963959117|222030749|1585925595|00017569
openmpi-slave4|3340741928368|3340963959117|222030749|1585925595|00019307
openmpi-slave4|3340741928368|3340963959117|222030749|1585925595|00027034
openmpi-slave4|3340741928368|3340963959117|222030749|1585925595|00016832
openmpi-slave4|3340741928368|3340963959117|222030749|1585925595|03037461
openmpi-slave4|3340741928368|3340963959117|222030749|1585925595|00003428
openmpi-slave4|3340741928368|3340963959117|222030749|1585925595|00005266
openmpi-slave4|3340741928368|3340963959117|222030749|1585925595|00005194
openmpi-slave4|3340741928368|3340963959117|222030749|1585925595|00006093
openmpi-slave4|3340741928368|3340963959117|222030749|1585925595|00012054
openmpi-slave4|3340741928368|3340963959117|222030749|1585925595|00014747
openmpi-slave4|3340741928368|3340963959117|222030749|1585925595|00016263
openmpi-slave4|3340741928368|3340963959117|222030749|1585925595|00021612
openmpi-slave4|3340741928368|3340963959117|222030749|1585925595|00015929
openmpi-slave4|3340741928368|3340963959117|222030749|1585925595|00024049
openmpi-slave4|3340741928368|3340963959117|222030749|1585925595|00015015
openmpi-slave4|3340741928368|3340963959117|222030749|1585925595|00013640
openmpi-slave4|3340741928368|3340963959117|222030749|1585925595|00016934
openmpi-slave4|3340741928368|3340963959117|222030749|1585925595|00015247
openmpi-slave4|3340741928368|3340963959117|222030749|1585925595|00013161
openmpi-slave4|3340741928368|3340963959117|222030749|1585925595|00007290
openmpi-slave4|3340741928368|3340963959117|222030749|1585925595|00010374
openmpi-slave4|3340741928368|3340963959117|222030749|1585925595|03043883
openmpi-slave4|3340741928368|3340963959117|222030749|1585925595|00002582
openmpi-slave4|3340741928368|3340963959117|222030749|1585925595|00001868
openmpi-slave4|3340741928368|3340963959117|222030749|1585925595|00006278
openmpi-slave4|3340741928368|3340963959117|222030749|1585925595|00001775
openmpi-slave4|3340741928368|3340963959117|222030749|1585925595|00001898
openmpi-slave4|3340741928368|3340963959117|222030749|1585925595|00002742
openmpi-slave4|3340741928368|3340963959117|222030749|1585925595|00001346
