openmpi-slave2|3336393022835|3336428070122|35047287|1585925590|00046903
openmpi-slave2|3336393022835|3336428070122|35047287|1585925590|00031107
openmpi-slave2|3336393022835|3336428070122|35047287|1585925590|00032972
openmpi-slave2|3336393022835|3336428070122|35047287|1585925590|00035746
openmpi-slave2|3336393022835|3336428070122|35047287|1585925590|00039584
openmpi-slave2|3336393022835|3336428070122|35047287|1585925590|00018709
openmpi-slave2|3336393022835|3336428070122|35047287|1585925590|00020888
openmpi-slave2|3336393022835|3336428070122|35047287|1585925590|00019369
openmpi-slave2|3336393022835|3336428070122|35047287|1585925590|00024478
openmpi-slave2|3336393022835|3336428070122|35047287|1585925590|00016053
openmpi-slave2|3336393022835|3336428070122|35047287|1585925590|00018162
openmpi-slave2|3336393022835|3336428070122|35047287|1585925590|00027711
openmpi-slave2|3336393022835|3336428070122|35047287|1585925590|00019465
openmpi-slave2|3336393022835|3336428070122|35047287|1585925590|00023748
openmpi-slave2|3336393022835|3336428070122|35047287|1585925590|00023615
openmpi-slave2|3336393022835|3336428070122|35047287|1585925590|00019898
openmpi-slave2|3336393022835|3336428070122|35047287|1585925590|00018626
openmpi-slave2|3336393022835|3336428070122|35047287|1585925590|00024920
openmpi-slave2|3336393022835|3336428070122|35047287|1585925590|00016124
openmpi-slave2|3336393022835|3336428070122|35047287|1585925590|00020715
openmpi-slave2|3336393022835|3336428070122|35047287|1585925590|00026718
openmpi-slave2|3336393022835|3336428070122|35047287|1585925590|00017932
openmpi-slave2|3336393022835|3336428070122|35047287|1585925590|00018090
openmpi-slave2|3336393022835|3336428070122|35047287|1585925590|00028850
openmpi-slave2|3336393022835|3336428070122|35047287|1585925590|00024609
openmpi-slave2|3336393022835|3336428070122|35047287|1585925590|00020676
openmpi-slave2|3336393022835|3336428070122|35047287|1585925590|00017230
openmpi-slave2|3336393022835|3336428070122|35047287|1585925590|00018082
openmpi-slave2|3336393022835|3336428070122|35047287|1585925590|00023927
openmpi-slave2|3336393022835|3336428070122|35047287|1585925590|00029283
openmpi-slave2|3336393022835|3336428070122|35047287|1585925590|00017405
openmpi-slave2|3336393022835|3336428070122|35047287|1585925590|00019967
openmpi-slave2|3336393022835|3336428070122|35047287|1585925590|00020826
openmpi-slave2|3336393022835|3336428070122|35047287|1585925590|00020652
openmpi-slave2|3336393022835|3336428070122|35047287|1585925590|00021357
openmpi-slave2|3336393022835|3336428070122|35047287|1585925590|00024359
openmpi-slave2|3336393022835|3336428070122|35047287|1585925590|00019797
openmpi-slave2|3336393022835|3336428070122|35047287|1585925590|00023886
openmpi-slave2|3336393022835|3336428070122|35047287|1585925590|00020292
openmpi-slave2|3336393022835|3336428070122|35047287|1585925590|00018087
openmpi-slave2|3336393022835|3336428070122|35047287|1585925590|00022608
openmpi-slave2|3336393022835|3336428070122|35047287|1585925590|00022590
openmpi-slave2|3336393022835|3336428070122|35047287|1585925590|00017436
openmpi-slave2|3336393022835|3336428070122|35047287|1585925590|00016528
openmpi-slave2|3336393022835|3336428070122|35047287|1585925590|00019855
openmpi-slave2|3336393022835|3336428070122|35047287|1585925590|00020317
openmpi-slave2|3336393022835|3336428070122|35047287|1585925590|00014108
openmpi-slave2|3336393022835|3336428070122|35047287|1585925590|00025944
openmpi-slave2|3336393022835|3336428070122|35047287|1585925590|00021122
openmpi-slave2|3336393022835|3336428070122|35047287|1585925590|00016575
openmpi-slave2|3336393022835|3336428070122|35047287|1585925590|00020583
openmpi-slave2|3336393022835|3336428070122|35047287|1585925590|00017984
openmpi-slave2|3336393022835|3336428070122|35047287|1585925590|00027039
openmpi-slave2|3336393022835|3336428070122|35047287|1585925590|00021199
openmpi-slave2|3336393022835|3336428070122|35047287|1585925590|00019232
openmpi-slave2|3336393022835|3336428070122|35047287|1585925590|00017779
openmpi-slave2|3336393022835|3336428070122|35047287|1585925590|00021572
openmpi-slave2|3336393022835|3336428070122|35047287|1585925590|00018745
openmpi-slave2|3336393022835|3336428070122|35047287|1585925590|00018948
openmpi-slave2|3336393022835|3336428070122|35047287|1585925590|00023610
openmpi-slave2|3336393022835|3336428070122|35047287|1585925590|00018553
openmpi-slave2|3336393022835|3336428070122|35047287|1585925590|00016046
openmpi-slave2|3336393022835|3336428070122|35047287|1585925590|00022553
openmpi-slave2|3336393022835|3336428070122|35047287|1585925590|00018306
openmpi-slave2|3336393022835|3336428070122|35047287|1585925590|00017400
openmpi-slave2|3336393022835|3336428070122|35047287|1585925590|00016190
openmpi-slave2|3336393022835|3336428070122|35047287|1585925590|00014821
openmpi-slave2|3336393022835|3336428070122|35047287|1585925590|00027941
openmpi-slave2|3336393022835|3336428070122|35047287|1585925590|00017073
openmpi-slave2|3336393022835|3336428070122|35047287|1585925590|00016336
openmpi-slave2|3336393022835|3336428070122|35047287|1585925590|00017561
openmpi-slave2|3336393022835|3336428070122|35047287|1585925590|01011614
openmpi-slave2|3336393022835|3336428070122|35047287|1585925590|01021864
openmpi-slave2|3336393022835|3336428070122|35047287|1585925590|00009638
openmpi-slave2|3336393022835|3336428070122|35047287|1585925590|01020785
openmpi-slave2|3336393022835|3336428070122|35047287|1585925590|00015245
openmpi-slave2|3336393022835|3336428070122|35047287|1585925590|00023471
openmpi-slave2|3336393022835|3336428070122|35047287|1585925590|00027947
openmpi-slave2|3336393022835|3336428070122|35047287|1585925590|00019237
openmpi-slave2|3336393022835|3336428070122|35047287|1585925590|00020788
openmpi-slave2|3336393022835|3336428070122|35047287|1585925590|00013786
openmpi-slave2|3336393022835|3336428070122|35047287|1585925590|00019021
openmpi-slave2|3346511101456|3346547212057|36110601|1585925601|01036440
openmpi-slave2|3346511101456|3346547212057|36110601|1585925601|00007040
openmpi-slave2|3346511101456|3346547212057|36110601|1585925601|00005122
openmpi-slave2|3346511101456|3346547212057|36110601|1585925601|00010867
openmpi-slave2|3346511101456|3346547212057|36110601|1585925601|00007765
openmpi-slave2|3346511101456|3346547212057|36110601|1585925601|01022272
openmpi-slave2|3346511101456|3346547212057|36110601|1585925601|00005643
openmpi-slave2|3346511101456|3346547212057|36110601|1585925601|00005696
openmpi-slave2|3346511101456|3346547212057|36110601|1585925601|00003261
openmpi-slave2|3346511101456|3346547212057|36110601|1585925601|00002587
openmpi-slave2|3346511101456|3346547212057|36110601|1585925601|00002759
openmpi-slave2|3346511101456|3346547212057|36110601|1585925601|00004997
openmpi-slave2|3346511101456|3346547212057|36110601|1585925601|01028001
openmpi-slave2|3346511101456|3346547212057|36110601|1585925601|00001994
openmpi-slave2|3346511101456|3346547212057|36110601|1585925601|00001964
openmpi-slave2|3346511101456|3346547212057|36110601|1585925601|00005259
openmpi-slave2|3346511101456|3346547212057|36110601|1585925601|00003897
openmpi-slave2|3346511101456|3346547212057|36110601|1585925601|00003884
