openmpi-slave3|3326014873590|3326086446458|71572868|1585925580|00044660
openmpi-slave3|3326014873590|3326086446458|71572868|1585925580|00040326
openmpi-slave3|3326014873590|3326086446458|71572868|1585925580|00031253
openmpi-slave3|3326014873590|3326086446458|71572868|1585925580|00044959
openmpi-slave3|3326014873590|3326086446458|71572868|1585925580|00035928
openmpi-slave3|3326014873590|3326086446458|71572868|1585925580|00035318
openmpi-slave3|3340726648061|3340961898374|235250313|1585925595|00019392
openmpi-slave3|3340726648061|3340961898374|235250313|1585925595|00020477
openmpi-slave3|3340726648061|3340961898374|235250313|1585925595|00025643
openmpi-slave3|3340726648061|3340961898374|235250313|1585925595|00018230
openmpi-slave3|3340726648061|3340961898374|235250313|1585925595|00017004
openmpi-slave3|3340726648061|3340961898374|235250313|1585925595|00025100
openmpi-slave3|3340726648061|3340961898374|235250313|1585925595|00028790
openmpi-slave3|3340726648061|3340961898374|235250313|1585925595|00021028
openmpi-slave3|3340726648061|3340961898374|235250313|1585925595|00019441
openmpi-slave3|3340726648061|3340961898374|235250313|1585925595|00023732
openmpi-slave3|3340726648061|3340961898374|235250313|1585925595|00022794
openmpi-slave3|3340726648061|3340961898374|235250313|1585925595|00017701
openmpi-slave3|3340726648061|3340961898374|235250313|1585925595|00023926
openmpi-slave3|3340726648061|3340961898374|235250313|1585925595|00019910
openmpi-slave3|3340726648061|3340961898374|235250313|1585925595|00020751
openmpi-slave3|3340726648061|3340961898374|235250313|1585925595|00022738
openmpi-slave3|3340726648061|3340961898374|235250313|1585925595|00017382
openmpi-slave3|3340726648061|3340961898374|235250313|1585925595|00023392
openmpi-slave3|3340726648061|3340961898374|235250313|1585925595|00026291
openmpi-slave3|3340726648061|3340961898374|235250313|1585925595|00020414
openmpi-slave3|3340726648061|3340961898374|235250313|1585925595|00017267
openmpi-slave3|3340726648061|3340961898374|235250313|1585925595|00024784
openmpi-slave3|3340726648061|3340961898374|235250313|1585925595|00017580
openmpi-slave3|3340726648061|3340961898374|235250313|1585925595|00024667
openmpi-slave3|3340726648061|3340961898374|235250313|1585925595|00027400
openmpi-slave3|3340726648061|3340961898374|235250313|1585925595|00017051
openmpi-slave3|3340726648061|3340961898374|235250313|1585925595|00022024
openmpi-slave3|3340726648061|3340961898374|235250313|1585925595|00019178
openmpi-slave3|3340726648061|3340961898374|235250313|1585925595|00019135
openmpi-slave3|3340726648061|3340961898374|235250313|1585925595|00023073
openmpi-slave3|3340726648061|3340961898374|235250313|1585925595|00016797
openmpi-slave3|3340726648061|3340961898374|235250313|1585925595|00019370
openmpi-slave3|3340726648061|3340961898374|235250313|1585925595|00023089
openmpi-slave3|3340726648061|3340961898374|235250313|1585925595|00020157
openmpi-slave3|3340726648061|3340961898374|235250313|1585925595|00018111
openmpi-slave3|3340726648061|3340961898374|235250313|1585925595|00017123
openmpi-slave3|3340726648061|3340961898374|235250313|1585925595|00021320
openmpi-slave3|3340726648061|3340961898374|235250313|1585925595|00015830
openmpi-slave3|3340726648061|3340961898374|235250313|1585925595|00024453
openmpi-slave3|3340726648061|3340961898374|235250313|1585925595|00018772
openmpi-slave3|3340726648061|3340961898374|235250313|1585925595|00017877
openmpi-slave3|3340726648061|3340961898374|235250313|1585925595|00017522
openmpi-slave3|3340726648061|3340961898374|235250313|1585925595|00016062
openmpi-slave3|3340726648061|3340961898374|235250313|1585925595|00024950
openmpi-slave3|3340726648061|3340961898374|235250313|1585925595|00022215
openmpi-slave3|3340726648061|3340961898374|235250313|1585925595|00016030
openmpi-slave3|3340726648061|3340961898374|235250313|1585925595|00015432
openmpi-slave3|3340726648061|3340961898374|235250313|1585925595|00019754
openmpi-slave3|3340726648061|3340961898374|235250313|1585925595|00024894
openmpi-slave3|3340726648061|3340961898374|235250313|1585925595|00017413
openmpi-slave3|3340726648061|3340961898374|235250313|1585925595|00014829
openmpi-slave3|3340726648061|3340961898374|235250313|1585925595|00017562
openmpi-slave3|3340726648061|3340961898374|235250313|1585925595|00021339
openmpi-slave3|3340726648061|3340961898374|235250313|1585925595|00019082
openmpi-slave3|3340726648061|3340961898374|235250313|1585925595|00019349
openmpi-slave3|3340726648061|3340961898374|235250313|1585925595|00023804
openmpi-slave3|3340726648061|3340961898374|235250313|1585925595|00018533
openmpi-slave3|3340726648061|3340961898374|235250313|1585925595|00022194
openmpi-slave3|3340726648061|3340961898374|235250313|1585925595|00017314
openmpi-slave3|3340726648061|3340961898374|235250313|1585925595|00024018
openmpi-slave3|3340726648061|3340961898374|235250313|1585925595|00018024
openmpi-slave3|3340726648061|3340961898374|235250313|1585925595|00015397
openmpi-slave3|3340726648061|3340961898374|235250313|1585925595|00017119
openmpi-slave3|3340726648061|3340961898374|235250313|1585925595|00019384
openmpi-slave3|3340726648061|3340961898374|235250313|1585925595|00021215
openmpi-slave3|3340726648061|3340961898374|235250313|1585925595|00016254
openmpi-slave3|3340726648061|3340961898374|235250313|1585925595|01005842
openmpi-slave3|3340726648061|3340961898374|235250313|1585925595|00001764
openmpi-slave3|3340726648061|3340961898374|235250313|1585925595|00003015
openmpi-slave3|3340726648061|3340961898374|235250313|1585925595|00003010
openmpi-slave3|3340726648061|3340961898374|235250313|1585925595|00005032
openmpi-slave3|3340726648061|3340961898374|235250313|1585925595|00008947
openmpi-slave3|3340726648061|3340961898374|235250313|1585925595|00004961
openmpi-slave3|3340726648061|3340961898374|235250313|1585925595|03043242
openmpi-slave3|3340726648061|3340961898374|235250313|1585925595|00001929
openmpi-slave3|3340726648061|3340961898374|235250313|1585925595|00001940
openmpi-slave3|3340726648061|3340961898374|235250313|1585925595|00001874
openmpi-slave3|3340726648061|3340961898374|235250313|1585925595|00001576
openmpi-slave3|3340726648061|3340961898374|235250313|1585925595|00002321
openmpi-slave3|3340726648061|3340961898374|235250313|1585925595|00001560
openmpi-slave3|3340726648061|3340961898374|235250313|1585925595|00001630
openmpi-slave3|3340726648061|3340961898374|235250313|1585925595|00001573
openmpi-slave3|3340726648061|3340961898374|235250313|1585925595|00001533
openmpi-slave3|3340726648061|3340961898374|235250313|1585925595|00001986
openmpi-slave3|3340726648061|3340961898374|235250313|1585925595|00002092
openmpi-slave3|3340726648061|3340961898374|235250313|1585925595|00002417
openmpi-slave3|3340726648061|3340961898374|235250313|1585925595|00004381
openmpi-slave3|3340726648061|3340961898374|235250313|1585925595|00002201
openmpi-slave3|3340726648061|3340961898374|235250313|1585925595|00001465
openmpi-slave3|3340726648061|3340961898374|235250313|1585925595|00002120
openmpi-slave3|3340726648061|3340961898374|235250313|1585925595|00002235
openmpi-slave3|3340726648061|3340961898374|235250313|1585925595|00006492
openmpi-slave3|3340726648061|3340961898374|235250313|1585925595|00001719
openmpi-slave3|3340726648061|3340961898374|235250313|1585925595|00002353
