openmpi-slave2|3336393022835|3336428070122|35047287|1585925590|00009697
openmpi-slave2|3336393022835|3336428070122|35047287|1585925590|00014441
openmpi-slave2|3336393022835|3336428070122|35047287|1585925590|00024132
openmpi-slave2|3336393022835|3336428070122|35047287|1585925590|00018057
openmpi-slave2|3336393022835|3336428070122|35047287|1585925590|00038338
openmpi-slave2|3336393022835|3336428070122|35047287|1585925590|00035350
openmpi-slave2|3336393022835|3336428070122|35047287|1585925590|00032141
openmpi-slave2|3336393022835|3336428070122|35047287|1585925590|00035389
openmpi-slave2|3336393022835|3336428070122|35047287|1585925590|00033364
openmpi-slave2|3336393022835|3336428070122|35047287|1585925590|00033118
openmpi-slave2|3336393022835|3336428070122|35047287|1585925590|00019115
openmpi-slave2|3336393022835|3336428070122|35047287|1585925590|00019481
openmpi-slave2|3336393022835|3336428070122|35047287|1585925590|00022811
openmpi-slave2|3336393022835|3336428070122|35047287|1585925590|00016039
openmpi-slave2|3336393022835|3336428070122|35047287|1585925590|00021096
openmpi-slave2|3336393022835|3336428070122|35047287|1585925590|00015786
openmpi-slave2|3336393022835|3336428070122|35047287|1585925590|00031256
openmpi-slave2|3336393022835|3336428070122|35047287|1585925590|00022863
openmpi-slave2|3336393022835|3336428070122|35047287|1585925590|00022267
openmpi-slave2|3336393022835|3336428070122|35047287|1585925590|00020780
openmpi-slave2|3336393022835|3336428070122|35047287|1585925590|00017767
openmpi-slave2|3336393022835|3336428070122|35047287|1585925590|00017705
openmpi-slave2|3336393022835|3336428070122|35047287|1585925590|00023697
openmpi-slave2|3336393022835|3336428070122|35047287|1585925590|00019991
openmpi-slave2|3336393022835|3336428070122|35047287|1585925590|00020945
openmpi-slave2|3336393022835|3336428070122|35047287|1585925590|00027386
openmpi-slave2|3336393022835|3336428070122|35047287|1585925590|00021336
openmpi-slave2|3336393022835|3336428070122|35047287|1585925590|00023715
openmpi-slave2|3336393022835|3336428070122|35047287|1585925590|00021863
openmpi-slave2|3336393022835|3336428070122|35047287|1585925590|00021457
openmpi-slave2|3336393022835|3336428070122|35047287|1585925590|00019776
openmpi-slave2|3336393022835|3336428070122|35047287|1585925590|00023119
openmpi-slave2|3336393022835|3336428070122|35047287|1585925590|00016248
openmpi-slave2|3336393022835|3336428070122|35047287|1585925590|00024829
openmpi-slave2|3336393022835|3336428070122|35047287|1585925590|00025116
openmpi-slave2|3336393022835|3336428070122|35047287|1585925590|00013464
openmpi-slave2|3336393022835|3336428070122|35047287|1585925590|00021954
openmpi-slave2|3336393022835|3336428070122|35047287|1585925590|00018704
openmpi-slave2|3336393022835|3336428070122|35047287|1585925590|00019614
openmpi-slave2|3336393022835|3336428070122|35047287|1585925590|00022994
openmpi-slave2|3336393022835|3336428070122|35047287|1585925590|00023775
openmpi-slave2|3336393022835|3336428070122|35047287|1585925590|00017747
openmpi-slave2|3336393022835|3336428070122|35047287|1585925590|00018125
openmpi-slave2|3336393022835|3336428070122|35047287|1585925590|00020240
openmpi-slave2|3336393022835|3336428070122|35047287|1585925590|00017748
openmpi-slave2|3336393022835|3336428070122|35047287|1585925590|00022700
openmpi-slave2|3336393022835|3336428070122|35047287|1585925590|00022341
openmpi-slave2|3336393022835|3336428070122|35047287|1585925590|00017478
openmpi-slave2|3336393022835|3336428070122|35047287|1585925590|00016629
openmpi-slave2|3336393022835|3336428070122|35047287|1585925590|00019853
openmpi-slave2|3336393022835|3336428070122|35047287|1585925590|00020308
openmpi-slave2|3336393022835|3336428070122|35047287|1585925590|00014002
openmpi-slave2|3336393022835|3336428070122|35047287|1585925590|00025978
openmpi-slave2|3336393022835|3336428070122|35047287|1585925590|00021227
openmpi-slave2|3336393022835|3336428070122|35047287|1585925590|00016664
openmpi-slave2|3336393022835|3336428070122|35047287|1585925590|00020619
openmpi-slave2|3336393022835|3336428070122|35047287|1585925590|00018001
openmpi-slave2|3336393022835|3336428070122|35047287|1585925590|00027123
openmpi-slave2|3336393022835|3336428070122|35047287|1585925590|00020731
openmpi-slave2|3336393022835|3336428070122|35047287|1585925590|00014485
openmpi-slave2|3336393022835|3336428070122|35047287|1585925590|00014783
openmpi-slave2|3336393022835|3336428070122|35047287|1585925590|00021698
openmpi-slave2|3336393022835|3336428070122|35047287|1585925590|00019480
openmpi-slave2|3336393022835|3336428070122|35047287|1585925590|00024630
openmpi-slave2|3336393022835|3336428070122|35047287|1585925590|00018816
openmpi-slave2|3336393022835|3336428070122|35047287|1585925590|00016575
openmpi-slave2|3336393022835|3336428070122|35047287|1585925590|00017109
openmpi-slave2|3336393022835|3336428070122|35047287|1585925590|00024313
openmpi-slave2|3336393022835|3336428070122|35047287|1585925590|00017318
openmpi-slave2|3336393022835|3336428070122|35047287|1585925590|00015841
openmpi-slave2|3336393022835|3336428070122|35047287|1585925590|00016969
openmpi-slave2|3336393022835|3336428070122|35047287|1585925590|00020864
openmpi-slave2|3336393022835|3336428070122|35047287|1585925590|00023933
openmpi-slave2|3336393022835|3336428070122|35047287|1585925590|00016667
openmpi-slave2|3336393022835|3336428070122|35047287|1585925590|00016706
openmpi-slave2|3336393022835|3336428070122|35047287|1585925590|00017447
openmpi-slave2|3336393022835|3336428070122|35047287|1585925590|01016647
openmpi-slave2|3336393022835|3336428070122|35047287|1585925590|01027473
openmpi-slave2|3336393022835|3336428070122|35047287|1585925590|00011050
openmpi-slave2|3336393022835|3336428070122|35047287|1585925590|01052520
openmpi-slave2|3336393022835|3336428070122|35047287|1585925590|00019879
openmpi-slave2|3336393022835|3336428070122|35047287|1585925590|00018159
openmpi-slave2|3336393022835|3336428070122|35047287|1585925590|00022578
openmpi-slave2|3336393022835|3336428070122|35047287|1585925590|00020581
openmpi-slave2|3336393022835|3336428070122|35047287|1585925590|00017041
openmpi-slave2|3336393022835|3336428070122|35047287|1585925590|00017304
openmpi-slave2|3346511101456|3346547212057|36110601|1585925601|01021415
openmpi-slave2|3346511101456|3346547212057|36110601|1585925601|00013330
openmpi-slave2|3346511101456|3346547212057|36110601|1585925601|00006186
openmpi-slave2|3346511101456|3346547212057|36110601|1585925601|00006714
openmpi-slave2|3346511101456|3346547212057|36110601|1585925601|00007365
openmpi-slave2|3346511101456|3346547212057|36110601|1585925601|00002994
openmpi-slave2|3346511101456|3346547212057|36110601|1585925601|00003044
openmpi-slave2|3346511101456|3346547212057|36110601|1585925601|00001481
openmpi-slave2|3346511101456|3346547212057|36110601|1585925601|00001638
openmpi-slave2|3346511101456|3346547212057|36110601|1585925601|00003520
openmpi-slave2|3346511101456|3346547212057|36110601|1585925601|00001742
openmpi-slave2|3346511101456|3346547212057|36110601|1585925601|01002836
openmpi-slave2|3346511101456|3346547212057|36110601|1585925601|00004898
openmpi-slave2|3346511101456|3346547212057|36110601|1585925601|00005056
