openmpi-slave4|3326017061234|3326089014323|71953089|1585925580|00019061
openmpi-slave4|3326017061234|3326089014323|71953089|1585925580|00024984
openmpi-slave4|3326017061234|3326089014323|71953089|1585925580|00039935
openmpi-slave4|3326017061234|3326089014323|71953089|1585925580|00031523
openmpi-slave4|3326017061234|3326089014323|71953089|1585925580|00034916
openmpi-slave4|3326017061234|3326089014323|71953089|1585925580|00035976
openmpi-slave4|3326017061234|3326089014323|71953089|1585925580|00036593
openmpi-slave4|3340741928368|3340963959117|222030749|1585925595|00018405
openmpi-slave4|3340741928368|3340963959117|222030749|1585925595|00021043
openmpi-slave4|3340741928368|3340963959117|222030749|1585925595|00019478
openmpi-slave4|3340741928368|3340963959117|222030749|1585925595|00017752
openmpi-slave4|3340741928368|3340963959117|222030749|1585925595|00022861
openmpi-slave4|3340741928368|3340963959117|222030749|1585925595|00018080
openmpi-slave4|3340741928368|3340963959117|222030749|1585925595|00025398
openmpi-slave4|3340741928368|3340963959117|222030749|1585925595|00018369
openmpi-slave4|3340741928368|3340963959117|222030749|1585925595|00022346
openmpi-slave4|3340741928368|3340963959117|222030749|1585925595|00024324
openmpi-slave4|3340741928368|3340963959117|222030749|1585925595|00023691
openmpi-slave4|3340741928368|3340963959117|222030749|1585925595|00012583
openmpi-slave4|3340741928368|3340963959117|222030749|1585925595|00017360
openmpi-slave4|3340741928368|3340963959117|222030749|1585925595|00023461
openmpi-slave4|3340741928368|3340963959117|222030749|1585925595|00019582
openmpi-slave4|3340741928368|3340963959117|222030749|1585925595|00020666
openmpi-slave4|3340741928368|3340963959117|222030749|1585925595|00022599
openmpi-slave4|3340741928368|3340963959117|222030749|1585925595|00017512
openmpi-slave4|3340741928368|3340963959117|222030749|1585925595|00022990
openmpi-slave4|3340741928368|3340963959117|222030749|1585925595|00026199
openmpi-slave4|3340741928368|3340963959117|222030749|1585925595|00019917
openmpi-slave4|3340741928368|3340963959117|222030749|1585925595|00018150
openmpi-slave4|3340741928368|3340963959117|222030749|1585925595|00024661
openmpi-slave4|3340741928368|3340963959117|222030749|1585925595|00015074
openmpi-slave4|3340741928368|3340963959117|222030749|1585925595|00026710
openmpi-slave4|3340741928368|3340963959117|222030749|1585925595|00024181
openmpi-slave4|3340741928368|3340963959117|222030749|1585925595|00014395
openmpi-slave4|3340741928368|3340963959117|222030749|1585925595|00019725
openmpi-slave4|3340741928368|3340963959117|222030749|1585925595|00024124
openmpi-slave4|3340741928368|3340963959117|222030749|1585925595|00017146
openmpi-slave4|3340741928368|3340963959117|222030749|1585925595|00020870
openmpi-slave4|3340741928368|3340963959117|222030749|1585925595|00024223
openmpi-slave4|3340741928368|3340963959117|222030749|1585925595|00019788
openmpi-slave4|3340741928368|3340963959117|222030749|1585925595|00013710
openmpi-slave4|3340741928368|3340963959117|222030749|1585925595|00022088
openmpi-slave4|3340741928368|3340963959117|222030749|1585925595|00019599
openmpi-slave4|3340741928368|3340963959117|222030749|1585925595|00018675
openmpi-slave4|3340741928368|3340963959117|222030749|1585925595|00018717
openmpi-slave4|3340741928368|3340963959117|222030749|1585925595|00016189
openmpi-slave4|3340741928368|3340963959117|222030749|1585925595|00017000
openmpi-slave4|3340741928368|3340963959117|222030749|1585925595|00016476
openmpi-slave4|3340741928368|3340963959117|222030749|1585925595|00019585
openmpi-slave4|3340741928368|3340963959117|222030749|1585925595|00020245
openmpi-slave4|3340741928368|3340963959117|222030749|1585925595|00014099
openmpi-slave4|3340741928368|3340963959117|222030749|1585925595|00021258
openmpi-slave4|3340741928368|3340963959117|222030749|1585925595|00023170
openmpi-slave4|3340741928368|3340963959117|222030749|1585925595|00018824
openmpi-slave4|3340741928368|3340963959117|222030749|1585925595|00020554
openmpi-slave4|3340741928368|3340963959117|222030749|1585925595|00018212
openmpi-slave4|3340741928368|3340963959117|222030749|1585925595|00020629
openmpi-slave4|3340741928368|3340963959117|222030749|1585925595|00016196
openmpi-slave4|3340741928368|3340963959117|222030749|1585925595|00017309
openmpi-slave4|3340741928368|3340963959117|222030749|1585925595|00014640
openmpi-slave4|3340741928368|3340963959117|222030749|1585925595|00017355
openmpi-slave4|3340741928368|3340963959117|222030749|1585925595|00014253
openmpi-slave4|3340741928368|3340963959117|222030749|1585925595|00019099
openmpi-slave4|3340741928368|3340963959117|222030749|1585925595|00024886
openmpi-slave4|3340741928368|3340963959117|222030749|1585925595|00018457
openmpi-slave4|3340741928368|3340963959117|222030749|1585925595|00015891
openmpi-slave4|3340741928368|3340963959117|222030749|1585925595|00017346
openmpi-slave4|3340741928368|3340963959117|222030749|1585925595|00015815
openmpi-slave4|3340741928368|3340963959117|222030749|1585925595|00016968
openmpi-slave4|3340741928368|3340963959117|222030749|1585925595|00023725
openmpi-slave4|3340741928368|3340963959117|222030749|1585925595|00017962
openmpi-slave4|3340741928368|3340963959117|222030749|1585925595|00015275
openmpi-slave4|3340741928368|3340963959117|222030749|1585925595|00017221
openmpi-slave4|3340741928368|3340963959117|222030749|1585925595|00019412
openmpi-slave4|3340741928368|3340963959117|222030749|1585925595|00020975
openmpi-slave4|3340741928368|3340963959117|222030749|1585925595|00016417
openmpi-slave4|3340741928368|3340963959117|222030749|1585925595|03042043
openmpi-slave4|3340741928368|3340963959117|222030749|1585925595|00003171
openmpi-slave4|3340741928368|3340963959117|222030749|1585925595|00003304
openmpi-slave4|3340741928368|3340963959117|222030749|1585925595|00003998
openmpi-slave4|3340741928368|3340963959117|222030749|1585925595|00005283
openmpi-slave4|3340741928368|3340963959117|222030749|1585925595|00006127
openmpi-slave4|3340741928368|3340963959117|222030749|1585925595|00012308
openmpi-slave4|3340741928368|3340963959117|222030749|1585925595|00014738
openmpi-slave4|3340741928368|3340963959117|222030749|1585925595|00016346
openmpi-slave4|3340741928368|3340963959117|222030749|1585925595|00021492
openmpi-slave4|3340741928368|3340963959117|222030749|1585925595|00023006
openmpi-slave4|3340741928368|3340963959117|222030749|1585925595|00022716
openmpi-slave4|3340741928368|3340963959117|222030749|1585925595|00015588
openmpi-slave4|3340741928368|3340963959117|222030749|1585925595|00013931
openmpi-slave4|3340741928368|3340963959117|222030749|1585925595|00016031
openmpi-slave4|3340741928368|3340963959117|222030749|1585925595|00015534
openmpi-slave4|3340741928368|3340963959117|222030749|1585925595|00011396
openmpi-slave4|3340741928368|3340963959117|222030749|1585925595|00008180
openmpi-slave4|3340741928368|3340963959117|222030749|1585925595|03048870
openmpi-slave4|3340741928368|3340963959117|222030749|1585925595|00002179
openmpi-slave4|3340741928368|3340963959117|222030749|1585925595|00002871
openmpi-slave4|3340741928368|3340963959117|222030749|1585925595|00001597
openmpi-slave4|3340741928368|3340963959117|222030749|1585925595|00001745
openmpi-slave4|3340741928368|3340963959117|222030749|1585925595|00001247
