openmpi-master|3337290855974|3337315185448|24329474|1585925591|00005868
openmpi-master|3337290855974|3337315185448|24329474|1585925591|00001557
openmpi-master|3337290855974|3337315185448|24329474|1585925591|00001236
openmpi-master|3337290855974|3337315185448|24329474|1585925591|00001605
openmpi-master|3337290855974|3337315185448|24329474|1585925591|00005543
openmpi-master|3337290855974|3337315185448|24329474|1585925591|00007008
openmpi-master|3337290855974|3337315185448|24329474|1585925591|00015977
openmpi-master|3337290855974|3337315185448|24329474|1585925591|00007063
openmpi-master|3337290855974|3337315185448|24329474|1585925591|00008060
openmpi-master|3337290855974|3337315185448|24329474|1585925591|00021037
openmpi-master|3337290855974|3337315185448|24329474|1585925591|00014719
openmpi-master|3337290855974|3337315185448|24329474|1585925591|00018433
openmpi-master|3337290855974|3337315185448|24329474|1585925591|00045952
openmpi-master|3337290855974|3337315185448|24329474|1585925591|00031324
openmpi-master|3337290855974|3337315185448|24329474|1585925591|00032534
openmpi-master|3337290855974|3337315185448|24329474|1585925591|00036581
openmpi-master|3337290855974|3337315185448|24329474|1585925591|00038881
openmpi-master|3337290855974|3337315185448|24329474|1585925591|00018598
openmpi-master|3337290855974|3337315185448|24329474|1585925591|00020714
openmpi-master|3337290855974|3337315185448|24329474|1585925591|00019623
openmpi-master|3337290855974|3337315185448|24329474|1585925591|00017406
openmpi-master|3337290855974|3337315185448|24329474|1585925591|00022500
openmpi-master|3337290855974|3337315185448|24329474|1585925591|00018186
openmpi-master|3337290855974|3337315185448|24329474|1585925591|00023443
openmpi-master|3337290855974|3337315185448|24329474|1585925591|00020010
openmpi-master|3337290855974|3337315185448|24329474|1585925591|00022798
openmpi-master|3337290855974|3337315185448|24329474|1585925591|00022154
openmpi-master|3337290855974|3337315185448|24329474|1585925591|00020538
openmpi-master|3337290855974|3337315185448|24329474|1585925591|00017504
openmpi-master|3337290855974|3337315185448|24329474|1585925591|00017216
openmpi-master|3337290855974|3337315185448|24329474|1585925591|00023623
openmpi-master|3337290855974|3337315185448|24329474|1585925591|00015535
openmpi-master|3337290855974|3337315185448|24329474|1585925591|00024341
openmpi-master|3337290855974|3337315185448|24329474|1585925591|00017305
openmpi-master|3337290855974|3337315185448|24329474|1585925591|00022751
openmpi-master|3337290855974|3337315185448|24329474|1585925591|00023019
openmpi-master|3337290855974|3337315185448|24329474|1585925591|00022460
openmpi-master|3337290855974|3337315185448|24329474|1585925591|00020193
openmpi-master|3337290855974|3337315185448|24329474|1585925591|00020459
openmpi-master|3337290855974|3337315185448|24329474|1585925591|00017237
openmpi-master|3337290855974|3337315185448|24329474|1585925591|00018008
openmpi-master|3337290855974|3337315185448|24329474|1585925591|00023214
openmpi-master|3337290855974|3337315185448|24329474|1585925591|00021920
openmpi-master|3337290855974|3337315185448|24329474|1585925591|00021161
openmpi-master|3337290855974|3337315185448|24329474|1585925591|00013064
openmpi-master|3337290855974|3337315185448|24329474|1585925591|00021125
openmpi-master|3337290855974|3337315185448|24329474|1585925591|00019091
openmpi-master|3337290855974|3337315185448|24329474|1585925591|00019358
openmpi-master|3337290855974|3337315185448|24329474|1585925591|00015106
openmpi-master|3337290855974|3337315185448|24329474|1585925591|00024822
openmpi-master|3337290855974|3337315185448|24329474|1585925591|00019358
openmpi-master|3337290855974|3337315185448|24329474|1585925591|00023781
openmpi-master|3337290855974|3337315185448|24329474|1585925591|00019796
openmpi-master|3337290855974|3337315185448|24329474|1585925591|00017862
openmpi-master|3337290855974|3337315185448|24329474|1585925591|00017025
openmpi-master|3337290855974|3337315185448|24329474|1585925591|00014650
openmpi-master|3337290855974|3337315185448|24329474|1585925591|00022081
openmpi-master|3337290855974|3337315185448|24329474|1585925591|00018634
openmpi-master|3337290855974|3337315185448|24329474|1585925591|00015427
openmpi-master|3337290855974|3337315185448|24329474|1585925591|00013786
openmpi-master|3337290855974|3337315185448|24329474|1585925591|00020608
openmpi-master|3337290855974|3337315185448|24329474|1585925591|00020286
openmpi-master|3337290855974|3337315185448|24329474|1585925591|00019415
openmpi-master|3337290855974|3337315185448|24329474|1585925591|00025352
openmpi-master|3337290855974|3337315185448|24329474|1585925591|00019195
openmpi-master|3337290855974|3337315185448|24329474|1585925591|00019286
openmpi-master|3337290855974|3337315185448|24329474|1585925591|00019387
openmpi-master|3337290855974|3337315185448|24329474|1585925591|00018964
openmpi-master|3337290855974|3337315185448|24329474|1585925591|00015206
openmpi-master|3337290855974|3337315185448|24329474|1585925591|00012264
openmpi-master|3337290855974|3337315185448|24329474|1585925591|00021409
openmpi-master|3337290855974|3337315185448|24329474|1585925591|00021114
openmpi-master|3337290855974|3337315185448|24329474|1585925591|00015096
openmpi-master|3337290855974|3337315185448|24329474|1585925591|00020092
openmpi-master|3337290855974|3337315185448|24329474|1585925591|00020883
openmpi-master|3337290855974|3337315185448|24329474|1585925591|00022914
openmpi-master|3337290855974|3337315185448|24329474|1585925591|00017882
openmpi-master|3337290855974|3337315185448|24329474|1585925591|00016257
openmpi-master|3337290855974|3337315185448|24329474|1585925591|00016544
openmpi-master|3337290855974|3337315185448|24329474|1585925591|00017950
openmpi-master|3337290855974|3337315185448|24329474|1585925591|00017152
openmpi-master|3337290855974|3337315185448|24329474|1585925591|00016208
openmpi-master|3337290855974|3337315185448|24329474|1585925591|00014353
openmpi-master|3337290855974|3337315185448|24329474|1585925591|00027211
openmpi-master|3337290855974|3337315185448|24329474|1585925591|00017453
openmpi-master|3337290855974|3337315185448|24329474|1585925591|00016091
openmpi-master|3337290855974|3337315185448|24329474|1585925591|00017071
openmpi-master|3337290855974|3337315185448|24329474|1585925591|01011502
openmpi-master|3337290855974|3337315185448|24329474|1585925591|00007751
openmpi-master|3337290855974|3337315185448|24329474|1585925591|01014506
openmpi-master|3337290855974|3337315185448|24329474|1585925591|00009862
openmpi-master|3337290855974|3337315185448|24329474|1585925591|01019705
openmpi-master|3337290855974|3337315185448|24329474|1585925591|00014555
openmpi-master|3337290855974|3337315185448|24329474|1585925591|00016366
openmpi-master|3337290855974|3337315185448|24329474|1585925591|00016643
openmpi-master|3337290855974|3337315185448|24329474|1585925591|00020808
openmpi-master|3337290855974|3337315185448|24329474|1585925591|00018790
openmpi-master|3337290855974|3337315185448|24329474|1585925591|00013473
openmpi-master|3337290855974|3337315185448|24329474|1585925591|00014615
openmpi-master|3337290855974|3337315185448|24329474|1585925591|00013819
