1585592806-0001-000|8059410828612|8059475723860|64895248|1585592806|00091863
1585592806-0001-000|8059410828612|8059475723860|64895248|1585592806|00001184
1585592806-0001-000|8059410828612|8059475723860|64895248|1585592806|00001036
1585592806-0001-000|8059410828612|8059475723860|64895248|1585592806|00001076
1585592806-0001-000|8059410828612|8059475723860|64895248|1585592806|00001199
1585592806-0001-000|8059410828612|8059475723860|64895248|1585592806|00001065
1585592806-0001-000|8059410828612|8059475723860|64895248|1585592806|00001218
1585592806-0001-000|8059410828612|8059475723860|64895248|1585592806|00001050
1585592806-0001-000|8059410828612|8059475723860|64895248|1585592806|00000879
1585592806-0001-000|8059410828612|8059475723860|64895248|1585592806|00001069
1585592806-0001-000|8059410828612|8059475723860|64895248|1585592806|00001184
1585592806-0001-000|8059410828612|8059475723860|64895248|1585592806|00000993
1585592806-0001-000|8059410828612|8059475723860|64895248|1585592806|00000986
1585592806-0001-000|8059410828612|8059475723860|64895248|1585592806|00001116
1585592806-0001-000|8059410828612|8059475723860|64895248|1585592806|00000949
1585592806-0001-000|8059410828612|8059475723860|64895248|1585592806|00001275
1585592806-0001-000|8059410828612|8059475723860|64895248|1585592806|00001218
1585592806-0001-000|8059410828612|8059475723860|64895248|1585592806|00001065
1585592806-0001-000|8059410828612|8059475723860|64895248|1585592806|00001144
1585592806-0001-000|8059410828612|8059475723860|64895248|1585592806|00001148
1585592806-0001-000|8059410828612|8059475723860|64895248|1585592806|00000933
1585592806-0001-000|8059410828612|8059475723860|64895248|1585592806|00000927
1585592806-0001-000|8059410828612|8059475723860|64895248|1585592806|00001147
1585592806-0001-000|8059410828612|8059475723860|64895248|1585592806|00000901
1585592806-0001-000|8059410828612|8059475723860|64895248|1585592806|00001003
1585592806-0001-000|8059410828612|8059475723860|64895248|1585592806|00000894
1585592806-0001-000|8059410828612|8059475723860|64895248|1585592806|00000947
1585592806-0001-000|8059410828612|8059475723860|64895248|1585592806|00001080
1585592806-0001-000|8059410828612|8059475723860|64895248|1585592806|00001130
1585592806-0001-000|8059410828612|8059475723860|64895248|1585592806|00000899
1585592806-0001-000|8059410828612|8059475723860|64895248|1585592806|00000900
1585592806-0001-000|8059410828612|8059475723860|64895248|1585592806|00000855
1585592806-0001-000|8059410828612|8059475723860|64895248|1585592806|00000948
1585592806-0001-000|8059410828612|8059475723860|64895248|1585592806|00001011
1585592806-0001-000|8059410828612|8059475723860|64895248|1585592806|00001330
1585592806-0001-000|8059410828612|8059475723860|64895248|1585592806|00000884
1585592806-0001-000|8059410828612|8059475723860|64895248|1585592806|00000942
1585592806-0001-000|8059410828612|8059475723860|64895248|1585592806|00001034
1585592806-0001-000|8059410828612|8059475723860|64895248|1585592806|00000991
1585592806-0001-000|8059410828612|8059475723860|64895248|1585592806|00001057
1585592806-0001-000|8059410828612|8059475723860|64895248|1585592806|00001097
1585592806-0001-000|8059410828612|8059475723860|64895248|1585592806|00001099
1585592806-0001-000|8059410828612|8059475723860|64895248|1585592806|00001090
1585592806-0001-000|8059410828612|8059475723860|64895248|1585592806|00001085
1585592806-0001-000|8059410828612|8059475723860|64895248|1585592806|00000921
1585592806-0001-000|8059410828612|8059475723860|64895248|1585592806|00000963
1585592806-0001-000|8059410828612|8059475723860|64895248|1585592806|00001020
1585592806-0001-000|8059410828612|8059475723860|64895248|1585592806|00001298
1585592806-0001-000|8059410828612|8059475723860|64895248|1585592806|00001214
1585592806-0001-000|8059410828612|8059475723860|64895248|1585592806|00001008
1585592806-0001-000|8059410828612|8059475723860|64895248|1585592806|00001529
1585592806-0001-000|8059410828612|8059475723860|64895248|1585592806|00001050
1585592806-0001-000|8059410828612|8059475723860|64895248|1585592806|00001086
1585592806-0001-000|8059410828612|8059475723860|64895248|1585592806|00001196
1585592806-0001-000|8059410828612|8059475723860|64895248|1585592806|00000855
1585592806-0001-000|8059410828612|8059475723860|64895248|1585592806|00001007
1585592806-0001-000|8059410828612|8059475723860|64895248|1585592806|00000871
1585592806-0001-000|8059410828612|8059475723860|64895248|1585592806|00001083
1585592806-0001-000|8059410828612|8059475723860|64895248|1585592806|00000896
1585592806-0001-000|8059410828612|8059475723860|64895248|1585592806|00000954
1585592806-0001-000|8059410828612|8059475723860|64895248|1585592806|00001034
1585592806-0001-000|8059410828612|8059475723860|64895248|1585592806|00001105
1585592806-0001-000|8059410828612|8059475723860|64895248|1585592806|00000775
1585592806-0001-000|8059410828612|8059475723860|64895248|1585592806|00001000
1585592806-0001-000|8059410828612|8059475723860|64895248|1585592806|00001076
1585592806-0001-000|8059410828612|8059475723860|64895248|1585592806|00000988
1585592806-0001-000|8059410828612|8059475723860|64895248|1585592806|00001018
1585592806-0001-000|8059410828612|8059475723860|64895248|1585592806|00001247
1585592806-0001-000|8059410828612|8059475723860|64895248|1585592806|00000982
1585592806-0001-000|8059410828612|8059475723860|64895248|1585592806|00000889
1585592806-0001-000|8059410828612|8059475723860|64895248|1585592806|00001003
1585592806-0001-000|8059410828612|8059475723860|64895248|1585592806|00000962
1585592806-0001-000|8059410828612|8059475723860|64895248|1585592806|00000979
1585592806-0001-000|8059410828612|8059475723860|64895248|1585592806|00000996
1585592806-0001-000|8059410828612|8059475723860|64895248|1585592806|00000954
1585592806-0001-000|8059410828612|8059475723860|64895248|1585592806|00000993
1585592806-0001-000|8059410828612|8059475723860|64895248|1585592806|00001156
1585592806-0001-000|8059410828612|8059475723860|64895248|1585592806|00001008
1585592806-0001-000|8059410828612|8059475723860|64895248|1585592806|00000905
1585592806-0001-000|8059410828612|8059475723860|64895248|1585592806|00002493
1585592806-0001-000|8059410828612|8059475723860|64895248|1585592806|00000858
1585592806-0001-000|8059410828612|8059475723860|64895248|1585592806|00001078
1585592806-0001-000|8059410828612|8059475723860|64895248|1585592806|00000872
1585592806-0001-000|8059410828612|8059475723860|64895248|1585592806|00001039
1585592806-0001-000|8059410828612|8059475723860|64895248|1585592806|00000994
1585592806-0001-000|8059410828612|8059475723860|64895248|1585592806|00000993
1585592806-0001-000|8059410828612|8059475723860|64895248|1585592806|00001002
1585592806-0001-000|8059410828612|8059475723860|64895248|1585592806|00001133
1585592806-0001-000|8059410828612|8059475723860|64895248|1585592806|00001085
1585592806-0001-000|8059410828612|8059475723860|64895248|1585592806|00000836
1585592806-0001-000|8059410828612|8059475723860|64895248|1585592806|00001138
1585592806-0001-000|8059410828612|8059475723860|64895248|1585592806|00001020
1585592806-0001-000|8059410828612|8059475723860|64895248|1585592806|00001069
1585592806-0001-000|8059410828612|8059475723860|64895248|1585592806|00001048
1585592806-0001-000|8059410828612|8059475723860|64895248|1585592806|00001023
1585592806-0001-000|8059410828612|8059475723860|64895248|1585592806|00000915
1585592806-0001-000|8059410828612|8059475723860|64895248|1585592806|00000909
1585592806-0001-000|8059410828612|8059475723860|64895248|1585592806|00001114
1585592806-0001-000|8059410828612|8059475723860|64895248|1585592806|00000930
1585592806-0001-000|8059410828612|8059475723860|64895248|1585592806|00001075
