
openmpi-master|1586171816574|1586171816593|19|1586171816|1586171816587
openmpi-master|1586171816611|1586171816630|19|1586171816|1586171816625
openmpi-master|1586171816668|1586171816686|18|1586171816|1586171816678
openmpi-master|1586171816706|1586171816725|19|1586171816|1586171816717
openmpi-master|1586171816744|1586171816762|18|1586171816|1586171816754
openmpi-master|1586171816781|1586171816801|20|1586171816|1586171816793
openmpi-master|1586171816820|1586171816838|18|1586171816|1586171816830
openmpi-master|1586171816857|1586171816876|19|1586171816|1586171816868
openmpi-master|1586171816896|1586171816913|17|1586171816|1586171816906
openmpi-master|1586171816932|1586171816952|20|1586171816|1586171816944
openmpi-master|1586171816971|1586171816989|18|1586171816|1586171816982
openmpi-master|1586171817008|1586171817024|16|1586171817|1586171817016
openmpi-master|1586171817037|1586171817053|16|1586171817|1586171817045
openmpi-master|1586171817067|1586171817092|25|1586171817|1586171817084
openmpi-master|1586171817106|1586171817120|14|1586171817|1586171817114
openmpi-master|1586171817145|1586171817158|13|1586171817|1586171817150
openmpi-master|1586171817172|1586171817196|24|1586171817|1586171817188
openmpi-master|1586171817212|1586171817225|13|1586171817|1586171817217
openmpi-master|1586171817251|1586171817265|14|1586171817|1586171817258
openmpi-master|1586171817279|1586171817291|12|1586171817|1586171817285
openmpi-master|1586171817319|1586171817334|15|1586171817|1586171817326
openmpi-master|1586171817348|1586171817361|13|1586171817|1586171817354
openmpi-master|1586171817388|1586171817403|15|1586171817|1586171817396
openmpi-master|1586171817420|1586171817432|12|1586171817|1586171817425
openmpi-master|1586171817458|1586171817473|15|1586171817|1586171817465
openmpi-master|1586171817487|1586171817500|13|1586171817|1586171817492
openmpi-master|1586171817527|1586171817542|15|1586171817|1586171817534
openmpi-master|1586171817556|1586171817573|17|1586171817|1586171817565
openmpi-master|1586171817611|1586171817630|19|1586171817|1586171817623
openmpi-master|1586171817645|1586171817657|12|1586171817|1586171817649
openmpi-master|1586171817683|1586171817697|14|1586171817|1586171817690
openmpi-master|1586171817711|1586171817724|13|1586171817|1586171817717
openmpi-master|1586171817750|1586171817764|14|1586171817|1586171817757
openmpi-master|1586171817779|1586171817792|13|1586171817|1586171817785
openmpi-master|1586171817818|1586171817832|14|1586171817|1586171817824
openmpi-master|1586171817847|1586171817862|15|1586171817|1586171817855
openmpi-master|1586171817889|1586171817904|15|1586171817|1586171817896
openmpi-master|1586171817918|1586171817931|13|1586171817|1586171817923
openmpi-master|1586171817957|1586171817971|14|1586171817|1586171817963
openmpi-master|1586171817985|1586171817999|14|1586171817|1586171817991
openmpi-master|1586171818025|1586171818039|14|1586171818|1586171818031
openmpi-master|1586171818053|1586171818066|13|1586171818|1586171818058
openmpi-master|1586171818092|1586171818106|14|1586171818|1586171818098
openmpi-master|1586171818120|1586171818133|13|1586171818|1586171818125
openmpi-master|1586171818158|1586171818172|14|1586171818|1586171818164
openmpi-master|1586171818187|1586171818200|13|1586171818|1586171818192
openmpi-master|1586171818226|1586171818240|14|1586171818|1586171818235
openmpi-master|1586171818254|1586171818270|16|1586171818|1586171818263
openmpi-master|1586171818305|1586171818322|17|1586171818|1586171818315
openmpi-master|1586171818340|1586171818353|13|1586171818|1586171818346