openmpi-slave2|4288580686248|4288662657151|81970903|1585926533|00395839
openmpi-slave2|4289166979339|4289297481585|130502246|1585926534|00638076
openmpi-slave2|4289873745571|4289994576541|120830970|1585926535|00701156
openmpi-slave2|4290528762092|4290663783029|135020937|1585926535|00677657
openmpi-slave2|4291192507320|4291345584394|153077074|1585926536|00667619
openmpi-slave2|4291834188524|4291979542738|145354214|1585926537|00655948
openmpi-slave2|4292510672885|4292654445345|143772460|1585926537|00664720
openmpi-slave2|4293197773778|4293337487119|139713341|1585926538|00674789
openmpi-slave2|4293814465462|4293954343122|139877660|1585926539|00627986
openmpi-slave2|4294424908103|4294569654909|144746806|1585926539|00599749
openmpi-slave2|4295073138689|4295222385765|149247076|1585926540|00655923
openmpi-slave2|4295744611151|4295911293676|166682525|1585926541|00690310
openmpi-slave2|4296543976464|4296739853781|195877317|1585926542|00838051
openmpi-slave2|4297276400543|4297422403948|146003405|1585926542|00683398
openmpi-slave2|4297990404169|4298190124856|199720687|1585926543|00767753
openmpi-slave2|4298803795296|4298993731670|189936374|1585926544|00799810
openmpi-slave2|4299550445826|4299747516223|197070397|1585926545|00759996
openmpi-slave2|4300326572723|4300480905950|154333227|1585926545|00720620
openmpi-slave2|4300991553380|4301152418331|160864951|1585926546|00663838
openmpi-slave2|4301645607448|4301805810658|160203210|1585926547|00663083
openmpi-slave2|4302313109244|4302465053211|151943967|1585926547|00651904
openmpi-slave2|4302902553503|4303064536286|161982783|1585926548|00601538
openmpi-slave2|4303598094399|4303754932260|156837861|1585926549|00688111
openmpi-slave2|4304272469823|4304417185950|144716127|1585926549|00663620
openmpi-slave2|4304936682989|4305081023936|144340947|1585926550|00666096
openmpi-slave2|4305559552240|4305724324417|164772177|1585926550|00638366
openmpi-slave2|4306286088294|4306453676399|167588105|1585926551|00728258
openmpi-slave2|4306878305121|4307034651583|156346462|1585926552|00588206
openmpi-slave2|4307526953680|4307675602019|148648339|1585926552|00648703
openmpi-slave2|4308213300330|4308367965262|154664932|1585926553|00679829
openmpi-slave2|4308757346546|4308897365861|140019315|1585926554|00539890
openmpi-slave2|4309426669031|4309562109139|135440108|1585926554|00665030
openmpi-slave2|4310086386718|4310250748588|164361870|1585926555|00674626
openmpi-slave2|4310750402987|4310904897248|154494261|1585926556|00655850
openmpi-slave2|4311394025850|4311551537987|157512137|1585926556|00659928
openmpi-slave2|4312093075991|4312247110511|154034520|1585926557|00691911
openmpi-slave2|4312671980065|4312818491706|146511641|1585926558|00560572
openmpi-slave2|4313307145424|4313461308281|154162857|1585926558|00646999
openmpi-slave2|4313932086215|4314058667047|126580832|1585926559|00607849
openmpi-slave2|4314561011292|4314703600470|142589178|1585926559|00635905
openmpi-slave2|4315101484265|4315240980987|139496722|1585926560|00535851
openmpi-slave2|4315693771531|4315838854694|145083163|1585926561|00593588
openmpi-slave2|4316340640460|4316478927293|138286833|1585926561|00651411
openmpi-slave2|4317013956064|4317153786486|139830422|1585926562|00668685
openmpi-slave2|4317582179334|4317728863253|146683919|1585926562|00568827
openmpi-slave2|4318246651606|4318447445225|200793619|1585926563|00728865
openmpi-slave2|4318961378261|4319081817944|120439683|1585926564|00623815
openmpi-slave2|4319586511312|4319744990520|158479208|1585926565|00667779
openmpi-slave2|4320235508357|4320377085440|141577083|1585926565|00631934
openmpi-slave2|4320850344574|4320987598944|137254370|1585926566|00628050
openmpi-slave2|4321501032196|4321656384267|155352071|1585926566|00644529
openmpi-slave2|4322151856163|4322291535591|139679428|1585926567|00651186
openmpi-slave2|4322713064478|4322853636275|140571797|1585926568|00555865
openmpi-slave2|4323326668437|4323470175083|143506646|1585926568|00611721
openmpi-slave2|4323946249952|4324112152112|165902160|1585926569|00639853
openmpi-slave2|4324595177905|4324739963896|144785991|1585926570|00636588
openmpi-slave2|4325286392316|4325415805477|129413161|1585926570|00679463
openmpi-slave2|4325856571912|4325989012930|132441018|1585926571|00557004
openmpi-slave2|4326493793227|4326686707037|192913810|1585926571|00702497
openmpi-slave2|4327232466644|4327359945725|127479081|1585926572|00688257
openmpi-slave2|4327864407670|4327998381459|133973789|1585926573|00631460
openmpi-slave2|4328507021027|4328638566324|131545297|1585926573|00631924
openmpi-slave2|4329128189089|4329265685387|137496298|1585926574|00627847
openmpi-slave2|4329692775997|4329826948988|134172991|1585926575|00567900
openmpi-slave2|4330320367482|4330462535658|142168176|1585926575|00627812
openmpi-slave2|4330942191712|4331088813795|146622083|1585926576|00623896
openmpi-slave2|4331562662090|4331708705326|146043236|1585926576|00619872
openmpi-slave2|4332153648687|4332286206534|132557847|1585926577|00587831
openmpi-slave2|4332777989250|4332923118355|145129105|1585926578|00636090
openmpi-slave2|4333407554597|4333559094279|151539682|1585926578|00631609
openmpi-slave2|4334073851126|4334242555879|168704753|1585926579|00683898
openmpi-slave2|4334746005853|4334885455930|139450077|1585926580|00641263
openmpi-slave2|4335330618192|4335485725982|155107790|1585926580|00596476
openmpi-slave2|4335955557907|4336116620941|161063034|1585926581|00629838
openmpi-slave2|4336526278917|4336651983982|125705065|1585926581|00552262
openmpi-slave2|4337147921810|4337316170193|168248383|1585926582|00644029
openmpi-slave2|4337822574154|4337985266191|162692037|1585926583|00675855
openmpi-slave2|4338474414239|4338613367695|138953456|1585926583|00631284
openmpi-slave2|4339110402032|4339264820100|154418068|1585926584|00647885
openmpi-slave2|4339636884025|4339766344857|129460832|1585926585|00511920
openmpi-slave2|4340255151162|4340439951851|184800689|1585926585|00668879
openmpi-slave2|4340945933403|4341092667516|146734113|1585926586|00641259
openmpi-slave2|4341559031609|4341706190673|147159064|1585926586|00621472
openmpi-slave2|4342233799899|4342396569303|162769404|1585926587|00683554
openmpi-slave2|4342890159712|4343038234245|148074533|1585926588|00652072
openmpi-slave2|4343468670555|4343595873214|127202659|1585926588|00564754
openmpi-slave2|4344064944868|4344208972672|144027804|1585926589|00598918
openmpi-slave2|4344655978457|4344802782636|146804179|1585926590|00587050
openmpi-slave2|4345286437965|4345440212444|153774479|1585926590|00638141
openmpi-slave2|4345921918341|4346047787462|125869121|1585926591|00626479
openmpi-slave2|4346518343974|4346666449133|148105159|1585926591|00606705
openmpi-slave2|4347128868607|4347265084585|136215978|1585926592|00592952
openmpi-slave2|4347752907060|4347908575530|155668470|1585926593|00643834
openmpi-slave2|4348338228341|4348485156637|146928296|1585926593|00575826
openmpi-slave2|4348954131491|4349103811008|149679517|1585926594|00619852
openmpi-slave2|4349583513769|4349722377930|138864161|1585926594|00619918
openmpi-slave2|4350176979505|4350326136123|149156618|1585926595|00603834
openmpi-slave2|4350717778061|4350849496732|131718671|1585926596|00537843
openmpi-slave2|4351358283002|4351520324823|162041821|1585926596|00655478
openmpi-slave2|4352017121130|4352147481242|130360112|1585926597|00635213
