openmpi-slave2|4288474099473|4288561339865|87240392|1585926533|00300601
openmpi-slave2|4289061984152|4289147928566|85944414|1585926534|00592173
openmpi-slave2|4289750373952|4289861936457|111562505|1585926535|00711804
openmpi-slave2|4290359250075|4290506222166|146972091|1585926535|00647876
openmpi-slave2|4291029898924|4291169509671|139610747|1585926536|00659802
openmpi-slave2|4291670305283|4291824465048|154159765|1585926537|00651859
openmpi-slave2|4292349523477|4292498072391|148548914|1585926537|00670239
openmpi-slave2|4292977042973|4293125743255|148700282|1585926538|00637471
openmpi-slave2|4293576466014|4293713960389|137494375|1585926538|00587932
openmpi-slave2|4294204592507|4294356550974|151958467|1585926539|00639857
openmpi-slave2|4294889410037|4295030468290|141058253|1585926540|00683860
openmpi-slave2|4295523013113|4295681684823|158671710|1585926540|00639905
openmpi-slave2|4296241839613|4296441067582|199227969|1585926541|00753353
openmpi-slave2|4297055746483|4297211973324|156226841|1585926542|00786723
openmpi-slave2|4297761295486|4297926033002|164737516|1585926543|00711511
openmpi-slave2|4298578082888|4298748206318|170123430|1585926544|00811718
openmpi-slave2|4299330660147|4299507841379|177181232|1585926544|00772484
openmpi-slave2|4300113125132|4300255512368|142387236|1585926545|00747347
openmpi-slave2|4300776301668|4300930513850|154212182|1585926546|00671952
openmpi-slave2|4301431034785|4301600200541|169165756|1585926546|00656373
openmpi-slave2|4302050759072|4302199129874|148370802|1585926547|00615196
openmpi-slave2|4302737818128|4302878012587|140194459|1585926548|00676641
openmpi-slave2|4303420498919|4303568508791|148009872|1585926548|00685733
openmpi-slave2|4304045924319|4304192125291|146200972|1585926549|00617308
openmpi-slave2|4304611993637|4304750764762|138771125|1585926550|00575823
openmpi-slave2|4305278459472|4305423128432|144668960|1585926550|00665550
openmpi-slave2|4305926426651|4306076314019|149887368|1585926551|00638799
openmpi-slave2|4306539021411|4306683465909|144444498|1585926551|00623199
openmpi-slave2|4307233658098|4307389007787|155349689|1585926552|00691108
openmpi-slave2|4307920530452|4308062968759|142438307|1585926553|00671931
openmpi-slave2|4308568106388|4308691815612|123709224|1585926553|00646207
openmpi-slave2|4309222038189|4309376210617|154172428|1585926554|00666821
openmpi-slave2|4309885771798|4310030345200|144573402|1585926555|00663194
openmpi-slave2|4310460197647|4310590887922|130690275|1585926555|00568001
openmpi-slave2|4311094674573|4311252315589|157641016|1585926556|00647829
openmpi-slave2|4311794806126|4311941720313|146914187|1585926557|00695789
openmpi-slave2|4312458731073|4312595257607|136526534|1585926557|00663859
openmpi-slave2|4313097690880|4313248798735|151107855|1585926558|00639853
openmpi-slave2|4313750020755|4313894013767|143993012|1585926559|00647892
openmpi-slave2|4314282119719|4314430411267|148291548|1585926559|00539843
openmpi-slave2|4314931789772|4315082478352|150688580|1585926560|00644910
openmpi-slave2|4315578080580|4315721250793|143170213|1585926560|00636278
openmpi-slave2|4316182557862|4316315626424|133068562|1585926561|00610414
openmpi-slave2|4316827609816|4316994973448|167363632|1585926562|00663181
openmpi-slave2|4317428189119|4317572412145|144223026|1585926562|00573212
openmpi-slave2|4318090405947|4318240278676|149872729|1585926563|00669056
openmpi-slave2|4318824234812|4318938219994|113985182|1585926564|00710000
openmpi-slave2|4319503323494|4319664575285|161251791|1585926564|00716641
openmpi-slave2|4320078089499|4320224430864|146341365|1585926565|00563160
openmpi-slave2|4320724099032|4320847637489|123538457|1585926566|00631780
openmpi-slave2|4321362287362|4321499880809|137593447|1585926566|00652208
openmpi-slave2|4322006099966|4322147310664|141210698|1585926567|00647580
openmpi-slave2|4322652778727|4322801586377|148807650|1585926568|00639758
openmpi-slave2|4323204127039|4323340419856|136292817|1585926568|00543977
openmpi-slave2|4323808174533|4323940878076|132703543|1585926569|00603831
openmpi-slave2|4324443856201|4324582903203|139047002|1585926569|00643784
openmpi-slave2|4325113711390|4325259377496|145666106|1585926570|00673008
openmpi-slave2|4325692921039|4325836039280|143118241|1585926571|00567172
openmpi-slave2|4326307593754|4326463450584|155856830|1585926571|00643447
openmpi-slave2|4327058535300|4327204667582|146132282|1585926572|00731881
openmpi-slave2|4327704327377|4327835847590|131520213|1585926573|00635946
openmpi-slave2|4328333881199|4328478183034|144301835|1585926573|00639716
openmpi-slave2|4328958321607|4329101840659|143519052|1585926574|00627891
openmpi-slave2|4329503746158|4329670190418|166444260|1585926574|00567839
openmpi-slave2|4330143987271|4330286292677|142305406|1585926575|00619829
openmpi-slave2|4330790467683|4330927549769|137082086|1585926576|00633291
openmpi-slave2|4331417832264|4331550679092|132846828|1585926576|00620874
openmpi-slave2|4332064419740|4332191810385|127390645|1585926577|00647343
openmpi-slave2|4332656057576|4332789106721|133049145|1585926578|00585996
openmpi-slave2|4333299321435|4333455752823|156431388|1585926578|00680185
openmpi-slave2|4333906590061|4334057757210|151167149|1585926579|00603534
openmpi-slave2|4334586019752|4334737800888|151781136|1585926580|00661909
openmpi-slave2|4335180723967|4335316608611|135884644|1585926580|00585845
openmpi-slave2|4335808740458|4335949633996|140893538|1585926581|00626076
openmpi-slave2|4336363982359|4336509233279|145250920|1585926581|00569637
openmpi-slave2|4337000412729|4337134979591|134566862|1585926582|00623772
openmpi-slave2|4337668198455|4337808875267|140676812|1585926583|00672008
openmpi-slave2|4338324274857|4338458599389|134324532|1585926583|00643804
openmpi-slave2|4338943554505|4339101370002|157815497|1585926584|00641486
openmpi-slave2|4339484944402|4339615727973|130783571|1585926584|00515859
openmpi-slave2|4340079662516|4340233846839|154184323|1585926585|00626344
openmpi-slave2|4340776353269|4340906688547|130335278|1585926586|00679847
openmpi-slave2|4341312729741|4341435929720|123199979|1585926586|00531796
openmpi-slave2|4341944134609|4342067183139|123048530|1585926587|00623910
openmpi-slave2|4342570652949|4342716474227|145821278|1585926587|00636892
openmpi-slave2|4343138357464|4343289044484|150687020|1585926588|00572229
openmpi-slave2|4343756464939|4343883184760|126719821|1585926589|00610556
openmpi-slave2|4344338279130|4344489467455|151188325|1585926589|00589631
openmpi-slave2|4344950380685|4345094339771|143959086|1585926590|00618104
openmpi-slave2|4345594413879|4345748141489|153727610|1585926591|00640210
openmpi-slave2|4346210035043|4346343595114|133560071|1585926591|00611497
openmpi-slave2|4346804172936|4346927996977|123824041|1585926592|00587849
openmpi-slave2|4347402494582|4347557639670|155145088|1585926592|00615766
openmpi-slave2|4348011449867|4348154009156|142559289|1585926593|00599952
openmpi-slave2|4348654150462|4348797917572|143767110|1585926594|00636023
openmpi-slave2|4349293601772|4349415911150|122309378|1585926594|00635836
openmpi-slave2|4349906103351|4350049523486|143420135|1585926595|00621000
openmpi-slave2|4350553690629|4350689312005|135621376|1585926595|00646690
openmpi-slave2|4351182234141|4351330788798|148554657|1585926596|00641074
openmpi-slave2|4351847092137|4351996210030|149117893|1585926597|00650929
