1585592972-0062-000|8229254934134|8229478934671|224000537|1585592976|03405088
1585592972-0062-000|8229254934134|8229478934671|224000537|1585592976|00001297
1585592972-0062-000|8229254934134|8229478934671|224000537|1585592976|00001132
1585592972-0062-000|8229254934134|8229478934671|224000537|1585592976|00001144
1585592972-0062-000|8229254934134|8229478934671|224000537|1585592976|00001173
1585592972-0062-000|8229254934134|8229478934671|224000537|1585592976|00001158
1585592972-0062-000|8229254934134|8229478934671|224000537|1585592976|00001162
1585592972-0062-000|8229254934134|8229478934671|224000537|1585592976|00001045
1585592972-0062-000|8229254934134|8229478934671|224000537|1585592976|00001134
1585592972-0062-000|8229254934134|8229478934671|224000537|1585592976|00001182
1585592972-0062-000|8229254934134|8229478934671|224000537|1585592976|00001297
1585592972-0062-000|8229254934134|8229478934671|224000537|1585592976|00001967
1585592972-0062-000|8229254934134|8229478934671|224000537|1585592976|00001065
1585592972-0062-000|8229254934134|8229478934671|224000537|1585592976|00001288
1585592972-0062-000|8229254934134|8229478934671|224000537|1585592976|00001116
1585592972-0062-000|8229254934134|8229478934671|224000537|1585592976|00001197
1585592972-0062-000|8229254934134|8229478934671|224000537|1585592976|00001150
1585592972-0062-000|8229254934134|8229478934671|224000537|1585592976|00001010
1585592972-0062-000|8229254934134|8229478934671|224000537|1585592976|00001426
1585592972-0062-000|8229254934134|8229478934671|224000537|1585592976|00001182
1585592972-0062-000|8229254934134|8229478934671|224000537|1585592976|00001135
1585592972-0062-000|8229254934134|8229478934671|224000537|1585592976|00001124
1585592972-0062-000|8229254934134|8229478934671|224000537|1585592976|00001108
1585592972-0062-000|8229254934134|8229478934671|224000537|1585592976|00001321
1585592972-0062-000|8229254934134|8229478934671|224000537|1585592976|00001221
1585592972-0062-000|8229254934134|8229478934671|224000537|1585592976|00001431
1585592972-0062-000|8229254934134|8229478934671|224000537|1585592976|00001247
1585592972-0062-000|8229254934134|8229478934671|224000537|1585592976|00001154
1585592972-0062-000|8229254934134|8229478934671|224000537|1585592976|00001176
1585592972-0062-000|8229254934134|8229478934671|224000537|1585592976|00001244
1585592972-0062-000|8229254934134|8229478934671|224000537|1585592976|00001097
1585592972-0062-000|8229254934134|8229478934671|224000537|1585592976|00000987
1585592972-0062-000|8229254934134|8229478934671|224000537|1585592976|00001006
1585592972-0062-000|8229254934134|8229478934671|224000537|1585592976|00001187
1585592972-0062-000|8229254934134|8229478934671|224000537|1585592976|00001219
1585592972-0062-000|8229254934134|8229478934671|224000537|1585592976|00001198
1585592972-0062-000|8229254934134|8229478934671|224000537|1585592976|00001109
1585592972-0062-000|8229254934134|8229478934671|224000537|1585592976|00001260
1585592972-0062-000|8229254934134|8229478934671|224000537|1585592976|00001124
1585592972-0062-000|8229254934134|8229478934671|224000537|1585592976|00001778
1585592972-0062-000|8229254934134|8229478934671|224000537|1585592976|00001161
1585592972-0062-000|8229254934134|8229478934671|224000537|1585592976|00001211
1585592972-0062-000|8229254934134|8229478934671|224000537|1585592976|00001202
1585592972-0062-000|8229254934134|8229478934671|224000537|1585592976|00001460
1585592972-0062-000|8229254934134|8229478934671|224000537|1585592976|00001064
1585592972-0062-000|8229254934134|8229478934671|224000537|1585592976|00001093
1585592972-0062-000|8229254934134|8229478934671|224000537|1585592976|00001147
1585592972-0062-000|8229254934134|8229478934671|224000537|1585592976|00001241
1585592972-0062-000|8229254934134|8229478934671|224000537|1585592976|00001173
1585592972-0062-000|8229254934134|8229478934671|224000537|1585592976|00001155
1585592972-0062-000|8229254934134|8229478934671|224000537|1585592976|00002022
1585592972-0062-000|8229254934134|8229478934671|224000537|1585592976|00001296
1585592972-0062-000|8229254934134|8229478934671|224000537|1585592976|00001330
1585592972-0062-000|8229254934134|8229478934671|224000537|1585592976|00001290
1585592972-0062-000|8229254934134|8229478934671|224000537|1585592976|00001209
1585592972-0062-000|8229254934134|8229478934671|224000537|1585592976|00001332
1585592972-0062-000|8229254934134|8229478934671|224000537|1585592976|00001242
1585592972-0062-000|8229254934134|8229478934671|224000537|1585592976|00001156
1585592972-0062-000|8229254934134|8229478934671|224000537|1585592976|00001102
1585592972-0062-000|8229254934134|8229478934671|224000537|1585592976|00001678
1585592972-0062-000|8229254934134|8229478934671|224000537|1585592976|00001272
1585592972-0062-000|8229254934134|8229478934671|224000537|1585592976|00001117
1585592972-0062-000|8229254934134|8229478934671|224000537|1585592976|00001331
1585592972-0062-000|8229254934134|8229478934671|224000537|1585592976|00001279
1585592972-0062-000|8229254934134|8229478934671|224000537|1585592976|00001215
1585592972-0062-000|8229254934134|8229478934671|224000537|1585592976|00001288
1585592972-0062-000|8229254934134|8229478934671|224000537|1585592976|00001257
1585592972-0062-000|8229254934134|8229478934671|224000537|1585592976|00001293
1585592972-0062-000|8229254934134|8229478934671|224000537|1585592976|00001089
1585592972-0062-000|8229254934134|8229478934671|224000537|1585592976|00001224
1585592972-0062-000|8229254934134|8229478934671|224000537|1585592976|00001605
1585592972-0062-000|8229254934134|8229478934671|224000537|1585592976|00001306
1585592972-0062-000|8229254934134|8229478934671|224000537|1585592976|00001121
1585592972-0062-000|8229254934134|8229478934671|224000537|1585592976|00001344
1585592972-0062-000|8229254934134|8229478934671|224000537|1585592976|00005009
1585592972-0062-000|8229254934134|8229478934671|224000537|1585592976|00001103
1585592972-0062-000|8229254934134|8229478934671|224000537|1585592976|00001187
1585592972-0062-000|8229254934134|8229478934671|224000537|1585592976|00001090
1585592972-0062-000|8229254934134|8229478934671|224000537|1585592976|00001203
1585592972-0062-000|8229254934134|8229478934671|224000537|1585592976|00001503
1585592972-0062-000|8229254934134|8229478934671|224000537|1585592976|00001237
1585592972-0062-000|8229254934134|8229478934671|224000537|1585592976|00001242
1585592972-0062-000|8229254934134|8229478934671|224000537|1585592976|00001077
1585592972-0062-000|8229254934134|8229478934671|224000537|1585592976|00001200
1585592972-0062-000|8229254934134|8229478934671|224000537|1585592976|00001217
1585592972-0062-000|8229254934134|8229478934671|224000537|1585592976|00001236
1585592972-0062-000|8229254934134|8229478934671|224000537|1585592976|00000966
1585592972-0062-000|8229254934134|8229478934671|224000537|1585592976|00001105
1585592972-0062-000|8229254934134|8229478934671|224000537|1585592976|00001129
1585592972-0062-000|8229254934134|8229478934671|224000537|1585592976|00001089
1585592972-0062-000|8229254934134|8229478934671|224000537|1585592976|00001031
1585592972-0062-000|8229254934134|8229478934671|224000537|1585592976|00001087
1585592972-0062-000|8229254934134|8229478934671|224000537|1585592976|00001080
1585592972-0062-000|8229254934134|8229478934671|224000537|1585592976|00001316
1585592972-0062-000|8229254934134|8229478934671|224000537|1585592976|00001084
1585592972-0062-000|8229254934134|8229478934671|224000537|1585592976|00001054
1585592972-0062-000|8229254934134|8229478934671|224000537|1585592976|00001232
1585592972-0062-000|8229254934134|8229478934671|224000537|1585592976|00001549
1585592972-0062-000|8229254934134|8229478934671|224000537|1585592976|00001237
1585592972-0062-000|8229254934134|8229478934671|224000537|1585592976|00001254
