1585592972-0011-000|8227167998023|8227350654477|182656454|1585592974|01325799
1585592972-0011-000|8227167998023|8227350654477|182656454|1585592974|00001051
1585592972-0011-000|8227167998023|8227350654477|182656454|1585592974|00001290
1585592972-0011-000|8227167998023|8227350654477|182656454|1585592974|00001264
1585592972-0011-000|8227167998023|8227350654477|182656454|1585592974|00001484
1585592972-0011-000|8227167998023|8227350654477|182656454|1585592974|00001028
1585592972-0011-000|8227167998023|8227350654477|182656454|1585592974|00001179
1585592972-0011-000|8227167998023|8227350654477|182656454|1585592974|00001664
1585592972-0011-000|8227167998023|8227350654477|182656454|1585592974|00001081
1585592972-0011-000|8227167998023|8227350654477|182656454|1585592974|00001105
1585592972-0011-000|8227167998023|8227350654477|182656454|1585592974|00001096
1585592972-0011-000|8227167998023|8227350654477|182656454|1585592974|00001444
1585592972-0011-000|8227167998023|8227350654477|182656454|1585592974|00001200
1585592972-0011-000|8227167998023|8227350654477|182656454|1585592974|00001278
1585592972-0011-000|8227167998023|8227350654477|182656454|1585592974|00001284
1585592972-0011-000|8227167998023|8227350654477|182656454|1585592974|00001600
1585592972-0011-000|8227167998023|8227350654477|182656454|1585592974|00001114
1585592972-0011-000|8227167998023|8227350654477|182656454|1585592974|00001176
1585592972-0011-000|8227167998023|8227350654477|182656454|1585592974|00001189
1585592972-0011-000|8227167998023|8227350654477|182656454|1585592974|00001099
1585592972-0011-000|8227167998023|8227350654477|182656454|1585592974|00000997
1585592972-0011-000|8227167998023|8227350654477|182656454|1585592974|00001160
1585592972-0011-000|8227167998023|8227350654477|182656454|1585592974|00003620
1585592972-0011-000|8227167998023|8227350654477|182656454|1585592974|00001540
1585592972-0011-000|8227167998023|8227350654477|182656454|1585592974|00001458
1585592972-0011-000|8227167998023|8227350654477|182656454|1585592974|00001076
1585592972-0011-000|8227167998023|8227350654477|182656454|1585592974|00001173
1585592972-0011-000|8227167998023|8227350654477|182656454|1585592974|00002278
1585592972-0011-000|8227167998023|8227350654477|182656454|1585592974|00003605
1585592972-0011-000|8227167998023|8227350654477|182656454|1585592974|00001586
1585592972-0011-000|8227167998023|8227350654477|182656454|1585592974|00001126
1585592972-0011-000|8227167998023|8227350654477|182656454|1585592974|00001769
1585592972-0011-000|8227167998023|8227350654477|182656454|1585592974|00001353
1585592972-0011-000|8227167998023|8227350654477|182656454|1585592974|00001584
1585592972-0011-000|8227167998023|8227350654477|182656454|1585592974|00001479
1585592972-0011-000|8227167998023|8227350654477|182656454|1585592974|00002499
1585592972-0011-000|8227167998023|8227350654477|182656454|1585592974|00001239
1585592972-0011-000|8227167998023|8227350654477|182656454|1585592974|00001721
1585592972-0011-000|8227167998023|8227350654477|182656454|1585592974|00001221
1585592972-0011-000|8227167998023|8227350654477|182656454|1585592974|00001055
1585592972-0011-000|8227167998023|8227350654477|182656454|1585592974|00001088
1585592972-0011-000|8227167998023|8227350654477|182656454|1585592974|00001183
1585592972-0011-000|8227167998023|8227350654477|182656454|1585592974|00001251
1585592972-0011-000|8227167998023|8227350654477|182656454|1585592974|00001131
1585592972-0011-000|8227167998023|8227350654477|182656454|1585592974|00001563
1585592972-0011-000|8227167998023|8227350654477|182656454|1585592974|00001192
1585592972-0011-000|8227167998023|8227350654477|182656454|1585592974|00001396
1585592972-0011-000|8227167998023|8227350654477|182656454|1585592974|00001019
1585592972-0011-000|8227167998023|8227350654477|182656454|1585592974|00001184
1585592972-0011-000|8227167998023|8227350654477|182656454|1585592974|00001195
1585592972-0011-000|8227167998023|8227350654477|182656454|1585592974|00001207
1585592972-0011-000|8227167998023|8227350654477|182656454|1585592974|00001034
1585592972-0011-000|8227167998023|8227350654477|182656454|1585592974|00001171
1585592972-0011-000|8227167998023|8227350654477|182656454|1585592974|00001548
1585592972-0011-000|8227167998023|8227350654477|182656454|1585592974|00001189
1585592972-0011-000|8227167998023|8227350654477|182656454|1585592974|00001090
1585592972-0011-000|8227167998023|8227350654477|182656454|1585592974|00001609
1585592972-0011-000|8227167998023|8227350654477|182656454|1585592974|00001313
1585592972-0011-000|8227167998023|8227350654477|182656454|1585592974|00001174
1585592972-0011-000|8227167998023|8227350654477|182656454|1585592974|00000937
1585592972-0011-000|8227167998023|8227350654477|182656454|1585592974|00001141
1585592972-0011-000|8227167998023|8227350654477|182656454|1585592974|00001038
1585592972-0011-000|8227167998023|8227350654477|182656454|1585592974|00001029
1585592972-0011-000|8227167998023|8227350654477|182656454|1585592974|00001010
1585592972-0011-000|8227167998023|8227350654477|182656454|1585592974|00001093
1585592972-0011-000|8227167998023|8227350654477|182656454|1585592974|00001024
1585592972-0011-000|8227167998023|8227350654477|182656454|1585592974|00001010
1585592972-0011-000|8227167998023|8227350654477|182656454|1585592974|00000952
1585592972-0011-000|8227167998023|8227350654477|182656454|1585592974|00001167
1585592972-0011-000|8227167998023|8227350654477|182656454|1585592974|00000928
1585592972-0011-000|8227167998023|8227350654477|182656454|1585592974|00001021
1585592972-0011-000|8227167998023|8227350654477|182656454|1585592974|00001098
1585592972-0011-000|8227167998023|8227350654477|182656454|1585592974|00001099
1585592972-0011-000|8227167998023|8227350654477|182656454|1585592974|00001097
1585592972-0011-000|8227167998023|8227350654477|182656454|1585592974|00001091
1585592972-0011-000|8227167998023|8227350654477|182656454|1585592974|00001028
1585592972-0011-000|8227167998023|8227350654477|182656454|1585592974|00001014
1585592972-0011-000|8227167998023|8227350654477|182656454|1585592974|00000988
1585592972-0011-000|8227167998023|8227350654477|182656454|1585592974|00000943
1585592972-0011-000|8227167998023|8227350654477|182656454|1585592974|00000962
1585592972-0011-000|8227167998023|8227350654477|182656454|1585592974|00000937
1585592972-0011-000|8227167998023|8227350654477|182656454|1585592974|00000939
1585592972-0011-000|8227167998023|8227350654477|182656454|1585592974|00001109
1585592972-0011-000|8227167998023|8227350654477|182656454|1585592974|00000802
1585592972-0011-000|8227167998023|8227350654477|182656454|1585592974|00000986
1585592972-0011-000|8227167998023|8227350654477|182656454|1585592974|00001123
1585592972-0011-000|8227167998023|8227350654477|182656454|1585592974|00000977
1585592972-0011-000|8227167998023|8227350654477|182656454|1585592974|00001184
1585592972-0011-000|8227167998023|8227350654477|182656454|1585592974|00001030
1585592972-0011-000|8227167998023|8227350654477|182656454|1585592974|00001067
1585592972-0011-000|8227167998023|8227350654477|182656454|1585592974|00001141
1585592972-0011-000|8227167998023|8227350654477|182656454|1585592974|00000987
1585592972-0011-000|8227167998023|8227350654477|182656454|1585592974|00001087
1585592972-0011-000|8227167998023|8227350654477|182656454|1585592974|00001078
1585592972-0011-000|8227167998023|8227350654477|182656454|1585592974|00001133
1585592972-0011-000|8227167998023|8227350654477|182656454|1585592974|00001075
1585592972-0011-000|8227167998023|8227350654477|182656454|1585592974|00001021
1585592972-0011-000|8227167998023|8227350654477|182656454|1585592974|00001023
1585592972-0011-000|8227167998023|8227350654477|182656454|1585592974|00001293
1585592972-0011-000|8227167998023|8227350654477|182656454|1585592974|00001228
