1585592972-0056-000|8228026968474|8228222903153|195934679|1585592975|02188007
1585592972-0056-000|8228026968474|8228222903153|195934679|1585592975|00001154
1585592972-0056-000|8228026968474|8228222903153|195934679|1585592975|00001111
1585592972-0056-000|8228026968474|8228222903153|195934679|1585592975|00001224
1585592972-0056-000|8228026968474|8228222903153|195934679|1585592975|00001394
1585592972-0056-000|8228026968474|8228222903153|195934679|1585592975|00001205
1585592972-0056-000|8228026968474|8228222903153|195934679|1585592975|00001225
1585592972-0056-000|8228026968474|8228222903153|195934679|1585592975|00001100
1585592972-0056-000|8228026968474|8228222903153|195934679|1585592975|00001079
1585592972-0056-000|8228026968474|8228222903153|195934679|1585592975|00001260
1585592972-0056-000|8228026968474|8228222903153|195934679|1585592975|00001175
1585592972-0056-000|8228026968474|8228222903153|195934679|1585592975|00001041
1585592972-0056-000|8228026968474|8228222903153|195934679|1585592975|00001035
1585592972-0056-000|8228026968474|8228222903153|195934679|1585592975|00001289
1585592972-0056-000|8228026968474|8228222903153|195934679|1585592975|00001130
1585592972-0056-000|8228026968474|8228222903153|195934679|1585592975|00001027
1585592972-0056-000|8228026968474|8228222903153|195934679|1585592975|00000933
1585592972-0056-000|8228026968474|8228222903153|195934679|1585592975|00001125
1585592972-0056-000|8228026968474|8228222903153|195934679|1585592975|00001133
1585592972-0056-000|8228026968474|8228222903153|195934679|1585592975|00001354
1585592972-0056-000|8228026968474|8228222903153|195934679|1585592975|00001209
1585592972-0056-000|8228026968474|8228222903153|195934679|1585592975|00001024
1585592972-0056-000|8228026968474|8228222903153|195934679|1585592975|00001248
1585592972-0056-000|8228026968474|8228222903153|195934679|1585592975|00001284
1585592972-0056-000|8228026968474|8228222903153|195934679|1585592975|00001115
1585592972-0056-000|8228026968474|8228222903153|195934679|1585592975|00000953
1585592972-0056-000|8228026968474|8228222903153|195934679|1585592975|00001490
1585592972-0056-000|8228026968474|8228222903153|195934679|1585592975|00001330
1585592972-0056-000|8228026968474|8228222903153|195934679|1585592975|00001446
1585592972-0056-000|8228026968474|8228222903153|195934679|1585592975|00001081
1585592972-0056-000|8228026968474|8228222903153|195934679|1585592975|00001051
1585592972-0056-000|8228026968474|8228222903153|195934679|1585592975|00001401
1585592972-0056-000|8228026968474|8228222903153|195934679|1585592975|00001237
1585592972-0056-000|8228026968474|8228222903153|195934679|1585592975|00001346
1585592972-0056-000|8228026968474|8228222903153|195934679|1585592975|00001142
1585592972-0056-000|8228026968474|8228222903153|195934679|1585592975|00001199
1585592972-0056-000|8228026968474|8228222903153|195934679|1585592975|00001052
1585592972-0056-000|8228026968474|8228222903153|195934679|1585592975|00001272
1585592972-0056-000|8228026968474|8228222903153|195934679|1585592975|00000985
1585592972-0056-000|8228026968474|8228222903153|195934679|1585592975|00001306
1585592972-0056-000|8228026968474|8228222903153|195934679|1585592975|00001269
1585592972-0056-000|8228026968474|8228222903153|195934679|1585592975|00001112
1585592972-0056-000|8228026968474|8228222903153|195934679|1585592975|00001224
1585592972-0056-000|8228026968474|8228222903153|195934679|1585592975|00001126
1585592972-0056-000|8228026968474|8228222903153|195934679|1585592975|00004587
1585592972-0056-000|8228026968474|8228222903153|195934679|1585592975|00001163
1585592972-0056-000|8228026968474|8228222903153|195934679|1585592975|00001407
1585592972-0056-000|8228026968474|8228222903153|195934679|1585592975|00000936
1585592972-0056-000|8228026968474|8228222903153|195934679|1585592975|00001143
1585592972-0056-000|8228026968474|8228222903153|195934679|1585592975|00001036
1585592972-0056-000|8228026968474|8228222903153|195934679|1585592975|00001492
1585592972-0056-000|8228026968474|8228222903153|195934679|1585592975|00001213
1585592972-0056-000|8228026968474|8228222903153|195934679|1585592975|00001147
1585592972-0056-000|8228026968474|8228222903153|195934679|1585592975|00000951
1585592972-0056-000|8228026968474|8228222903153|195934679|1585592975|00001230
1585592972-0056-000|8228026968474|8228222903153|195934679|1585592975|00001170
1585592972-0056-000|8228026968474|8228222903153|195934679|1585592975|00001209
1585592972-0056-000|8228026968474|8228222903153|195934679|1585592975|00000946
1585592972-0056-000|8228026968474|8228222903153|195934679|1585592975|00000914
1585592972-0056-000|8228026968474|8228222903153|195934679|1585592975|00001200
1585592972-0056-000|8228026968474|8228222903153|195934679|1585592975|00001439
1585592972-0056-000|8228026968474|8228222903153|195934679|1585592975|00001162
1585592972-0056-000|8228026968474|8228222903153|195934679|1585592975|00001254
1585592972-0056-000|8228026968474|8228222903153|195934679|1585592975|00001319
1585592972-0056-000|8228026968474|8228222903153|195934679|1585592975|00000998
1585592972-0056-000|8228026968474|8228222903153|195934679|1585592975|00001167
1585592972-0056-000|8228026968474|8228222903153|195934679|1585592975|00001625
1585592972-0056-000|8228026968474|8228222903153|195934679|1585592975|00001312
1585592972-0056-000|8228026968474|8228222903153|195934679|1585592975|00001249
1585592972-0056-000|8228026968474|8228222903153|195934679|1585592975|00001047
1585592972-0056-000|8228026968474|8228222903153|195934679|1585592975|00001027
1585592972-0056-000|8228026968474|8228222903153|195934679|1585592975|00001420
1585592972-0056-000|8228026968474|8228222903153|195934679|1585592975|00001322
1585592972-0056-000|8228026968474|8228222903153|195934679|1585592975|00001244
1585592972-0056-000|8228026968474|8228222903153|195934679|1585592975|00001521
1585592972-0056-000|8228026968474|8228222903153|195934679|1585592975|00001260
1585592972-0056-000|8228026968474|8228222903153|195934679|1585592975|00001186
1585592972-0056-000|8228026968474|8228222903153|195934679|1585592975|00002291
1585592972-0056-000|8228026968474|8228222903153|195934679|1585592975|00004073
1585592972-0056-000|8228026968474|8228222903153|195934679|1585592975|00001712
1585592972-0056-000|8228026968474|8228222903153|195934679|1585592975|00001560
1585592972-0056-000|8228026968474|8228222903153|195934679|1585592975|00004664
1585592972-0056-000|8228026968474|8228222903153|195934679|1585592975|00001601
1585592972-0056-000|8228026968474|8228222903153|195934679|1585592975|00002267
1585592972-0056-000|8228026968474|8228222903153|195934679|1585592975|00001093
1585592972-0056-000|8228026968474|8228222903153|195934679|1585592975|00001091
1585592972-0056-000|8228026968474|8228222903153|195934679|1585592975|00001037
1585592972-0056-000|8228026968474|8228222903153|195934679|1585592975|00001322
1585592972-0056-000|8228026968474|8228222903153|195934679|1585592975|00001062
1585592972-0056-000|8228026968474|8228222903153|195934679|1585592975|00001018
1585592972-0056-000|8228026968474|8228222903153|195934679|1585592975|00000927
1585592972-0056-000|8228026968474|8228222903153|195934679|1585592975|00001030
1585592972-0056-000|8228026968474|8228222903153|195934679|1585592975|00001044
1585592972-0056-000|8228026968474|8228222903153|195934679|1585592975|00001437
1585592972-0056-000|8228026968474|8228222903153|195934679|1585592975|00001212
1585592972-0056-000|8228026968474|8228222903153|195934679|1585592975|00001199
1585592972-0056-000|8228026968474|8228222903153|195934679|1585592975|00001206
1585592972-0056-000|8228026968474|8228222903153|195934679|1585592975|00001036
1585592972-0056-000|8228026968474|8228222903153|195934679|1585592975|00001068
1585592972-0056-000|8228026968474|8228222903153|195934679|1585592975|00001381
