1585592972-0019-000|8227231706816|8227472918096|241211280|1585592974|01444764
1585592972-0019-000|8227231706816|8227472918096|241211280|1585592974|00001112
1585592972-0019-000|8227231706816|8227472918096|241211280|1585592974|00001157
1585592972-0019-000|8227231706816|8227472918096|241211280|1585592974|00001197
1585592972-0019-000|8227231706816|8227472918096|241211280|1585592974|00001031
1585592972-0019-000|8227231706816|8227472918096|241211280|1585592974|00001083
1585592972-0019-000|8227231706816|8227472918096|241211280|1585592974|00001129
1585592972-0019-000|8227231706816|8227472918096|241211280|1585592974|00001276
1585592972-0019-000|8227231706816|8227472918096|241211280|1585592974|00001063
1585592972-0019-000|8227231706816|8227472918096|241211280|1585592974|00001434
1585592972-0019-000|8227231706816|8227472918096|241211280|1585592974|00000906
1585592972-0019-000|8227231706816|8227472918096|241211280|1585592974|00001099
1585592972-0019-000|8227231706816|8227472918096|241211280|1585592974|00000951
1585592972-0019-000|8227231706816|8227472918096|241211280|1585592974|00001051
1585592972-0019-000|8227231706816|8227472918096|241211280|1585592974|00001086
1585592972-0019-000|8227231706816|8227472918096|241211280|1585592974|00001129
1585592972-0019-000|8227231706816|8227472918096|241211280|1585592974|00001036
1585592972-0019-000|8227231706816|8227472918096|241211280|1585592974|00001164
1585592972-0019-000|8227231706816|8227472918096|241211280|1585592974|00001071
1585592972-0019-000|8227231706816|8227472918096|241211280|1585592974|00000960
1585592972-0019-000|8227231706816|8227472918096|241211280|1585592974|00001018
1585592972-0019-000|8227231706816|8227472918096|241211280|1585592974|00000951
1585592972-0019-000|8227231706816|8227472918096|241211280|1585592974|00001024
1585592972-0019-000|8227231706816|8227472918096|241211280|1585592974|00000991
1585592972-0019-000|8227231706816|8227472918096|241211280|1585592974|00001102
1585592972-0019-000|8227231706816|8227472918096|241211280|1585592974|00001039
1585592972-0019-000|8227231706816|8227472918096|241211280|1585592974|00000935
1585592972-0019-000|8227231706816|8227472918096|241211280|1585592974|00001080
1585592972-0019-000|8227231706816|8227472918096|241211280|1585592974|00000959
1585592972-0019-000|8227231706816|8227472918096|241211280|1585592974|00000941
1585592972-0019-000|8227231706816|8227472918096|241211280|1585592974|00000981
1585592972-0019-000|8227231706816|8227472918096|241211280|1585592974|00001027
1585592972-0019-000|8227231706816|8227472918096|241211280|1585592974|00001115
1585592972-0019-000|8227231706816|8227472918096|241211280|1585592974|00000956
1585592972-0019-000|8227231706816|8227472918096|241211280|1585592974|00001161
1585592972-0019-000|8227231706816|8227472918096|241211280|1585592974|00001269
1585592972-0019-000|8227231706816|8227472918096|241211280|1585592974|00001074
1585592972-0019-000|8227231706816|8227472918096|241211280|1585592974|00001161
1585592972-0019-000|8227231706816|8227472918096|241211280|1585592974|00001035
1585592972-0019-000|8227231706816|8227472918096|241211280|1585592974|00000985
1585592972-0019-000|8227231706816|8227472918096|241211280|1585592974|00001319
1585592972-0019-000|8227231706816|8227472918096|241211280|1585592974|00000958
1585592972-0019-000|8227231706816|8227472918096|241211280|1585592974|00001192
1585592972-0019-000|8227231706816|8227472918096|241211280|1585592974|00001188
1585592972-0019-000|8227231706816|8227472918096|241211280|1585592974|00001316
1585592972-0019-000|8227231706816|8227472918096|241211280|1585592974|00001050
1585592972-0019-000|8227231706816|8227472918096|241211280|1585592974|00001067
1585592972-0019-000|8227231706816|8227472918096|241211280|1585592974|00001193
1585592972-0019-000|8227231706816|8227472918096|241211280|1585592974|00001054
1585592972-0019-000|8227231706816|8227472918096|241211280|1585592974|00001007
1585592972-0019-000|8227231706816|8227472918096|241211280|1585592974|00001133
1585592972-0019-000|8227231706816|8227472918096|241211280|1585592974|00001160
1585592972-0019-000|8227231706816|8227472918096|241211280|1585592974|00001091
1585592972-0019-000|8227231706816|8227472918096|241211280|1585592974|00001143
1585592972-0019-000|8227231706816|8227472918096|241211280|1585592974|00000898
1585592972-0019-000|8227231706816|8227472918096|241211280|1585592974|00001073
1585592972-0019-000|8227231706816|8227472918096|241211280|1585592974|00001023
1585592972-0019-000|8227231706816|8227472918096|241211280|1585592974|00001152
1585592972-0019-000|8227231706816|8227472918096|241211280|1585592974|00001021
1585592972-0019-000|8227231706816|8227472918096|241211280|1585592974|00000999
1585592972-0019-000|8227231706816|8227472918096|241211280|1585592974|00001114
1585592972-0019-000|8227231706816|8227472918096|241211280|1585592974|00001114
1585592972-0019-000|8227231706816|8227472918096|241211280|1585592974|00001176
1585592972-0019-000|8227231706816|8227472918096|241211280|1585592974|00001105
1585592972-0019-000|8227231706816|8227472918096|241211280|1585592974|00000978
1585592972-0019-000|8227231706816|8227472918096|241211280|1585592974|00001092
1585592972-0019-000|8227231706816|8227472918096|241211280|1585592974|00001014
1585592972-0019-000|8227231706816|8227472918096|241211280|1585592974|00001152
1585592972-0019-000|8227231706816|8227472918096|241211280|1585592974|00001102
1585592972-0019-000|8227231706816|8227472918096|241211280|1585592974|00001039
1585592972-0019-000|8227231706816|8227472918096|241211280|1585592974|00000857
1585592972-0019-000|8227231706816|8227472918096|241211280|1585592974|00001039
1585592972-0019-000|8227231706816|8227472918096|241211280|1585592974|00001050
1585592972-0019-000|8227231706816|8227472918096|241211280|1585592974|00000989
1585592972-0019-000|8227231706816|8227472918096|241211280|1585592974|00000994
1585592972-0019-000|8227231706816|8227472918096|241211280|1585592974|00001026
1585592972-0019-000|8227231706816|8227472918096|241211280|1585592974|00000975
1585592972-0019-000|8227231706816|8227472918096|241211280|1585592974|00001092
1585592972-0019-000|8227231706816|8227472918096|241211280|1585592974|00001121
1585592972-0019-000|8227231706816|8227472918096|241211280|1585592974|00001050
1585592972-0019-000|8227231706816|8227472918096|241211280|1585592974|00001006
1585592972-0019-000|8227231706816|8227472918096|241211280|1585592974|00001031
1585592972-0019-000|8227231706816|8227472918096|241211280|1585592974|00000986
1585592972-0019-000|8227231706816|8227472918096|241211280|1585592974|00001130
1585592972-0019-000|8227231706816|8227472918096|241211280|1585592974|00001177
1585592972-0019-000|8227231706816|8227472918096|241211280|1585592974|00000945
1585592972-0019-000|8227231706816|8227472918096|241211280|1585592974|00001104
1585592972-0019-000|8227231706816|8227472918096|241211280|1585592974|00000822
1585592972-0019-000|8227231706816|8227472918096|241211280|1585592974|00000930
1585592972-0019-000|8227231706816|8227472918096|241211280|1585592974|00000984
1585592972-0019-000|8227231706816|8227472918096|241211280|1585592974|00001064
1585592972-0019-000|8227231706816|8227472918096|241211280|1585592974|00000969
1585592972-0019-000|8227231706816|8227472918096|241211280|1585592974|00001056
1585592972-0019-000|8227231706816|8227472918096|241211280|1585592974|00000936
1585592972-0019-000|8227231706816|8227472918096|241211280|1585592974|00000924
1585592972-0019-000|8227231706816|8227472918096|241211280|1585592974|00001000
1585592972-0019-000|8227231706816|8227472918096|241211280|1585592974|00001016
1585592972-0019-000|8227231706816|8227472918096|241211280|1585592974|00000990
1585592972-0019-000|8227231706816|8227472918096|241211280|1585592974|00001004
1585592972-0019-000|8227231706816|8227472918096|241211280|1585592974|00000916
