1585592972-0007-000|8227674781255|8227929659594|254878339|1585592974|01888886
1585592972-0007-000|8227674781255|8227929659594|254878339|1585592974|00001385
1585592972-0007-000|8227674781255|8227929659594|254878339|1585592974|00001170
1585592972-0007-000|8227674781255|8227929659594|254878339|1585592974|00001016
1585592972-0007-000|8227674781255|8227929659594|254878339|1585592974|00001338
1585592972-0007-000|8227674781255|8227929659594|254878339|1585592974|00001234
1585592972-0007-000|8227674781255|8227929659594|254878339|1585592974|00001180
1585592972-0007-000|8227674781255|8227929659594|254878339|1585592974|00001172
1585592972-0007-000|8227674781255|8227929659594|254878339|1585592974|00001117
1585592972-0007-000|8227674781255|8227929659594|254878339|1585592974|00001288
1585592972-0007-000|8227674781255|8227929659594|254878339|1585592974|00001200
1585592972-0007-000|8227674781255|8227929659594|254878339|1585592974|00001239
1585592972-0007-000|8227674781255|8227929659594|254878339|1585592974|00001118
1585592972-0007-000|8227674781255|8227929659594|254878339|1585592974|00001398
1585592972-0007-000|8227674781255|8227929659594|254878339|1585592974|00001186
1585592972-0007-000|8227674781255|8227929659594|254878339|1585592974|00001328
1585592972-0007-000|8227674781255|8227929659594|254878339|1585592974|00001118
1585592972-0007-000|8227674781255|8227929659594|254878339|1585592974|00001240
1585592972-0007-000|8227674781255|8227929659594|254878339|1585592974|00001219
1585592972-0007-000|8227674781255|8227929659594|254878339|1585592974|00001121
1585592972-0007-000|8227674781255|8227929659594|254878339|1585592974|00001526
1585592972-0007-000|8227674781255|8227929659594|254878339|1585592974|00001219
1585592972-0007-000|8227674781255|8227929659594|254878339|1585592974|00001083
1585592972-0007-000|8227674781255|8227929659594|254878339|1585592974|00001382
1585592972-0007-000|8227674781255|8227929659594|254878339|1585592974|00001056
1585592972-0007-000|8227674781255|8227929659594|254878339|1585592974|00001191
1585592972-0007-000|8227674781255|8227929659594|254878339|1585592974|00001252
1585592972-0007-000|8227674781255|8227929659594|254878339|1585592974|00001242
1585592972-0007-000|8227674781255|8227929659594|254878339|1585592974|00001283
1585592972-0007-000|8227674781255|8227929659594|254878339|1585592974|00001243
1585592972-0007-000|8227674781255|8227929659594|254878339|1585592974|00001000
1585592972-0007-000|8227674781255|8227929659594|254878339|1585592974|00001300
1585592972-0007-000|8227674781255|8227929659594|254878339|1585592974|00001353
1585592972-0007-000|8227674781255|8227929659594|254878339|1585592974|00001002
1585592972-0007-000|8227674781255|8227929659594|254878339|1585592974|00001344
1585592972-0007-000|8227674781255|8227929659594|254878339|1585592974|00001360
1585592972-0007-000|8227674781255|8227929659594|254878339|1585592974|00001195
1585592972-0007-000|8227674781255|8227929659594|254878339|1585592974|00001191
1585592972-0007-000|8227674781255|8227929659594|254878339|1585592974|00001012
1585592972-0007-000|8227674781255|8227929659594|254878339|1585592974|00001415
1585592972-0007-000|8227674781255|8227929659594|254878339|1585592974|00001389
1585592972-0007-000|8227674781255|8227929659594|254878339|1585592974|00001271
1585592972-0007-000|8227674781255|8227929659594|254878339|1585592974|00001162
1585592972-0007-000|8227674781255|8227929659594|254878339|1585592974|00001123
1585592972-0007-000|8227674781255|8227929659594|254878339|1585592974|00001237
1585592972-0007-000|8227674781255|8227929659594|254878339|1585592974|00001424
1585592972-0007-000|8227674781255|8227929659594|254878339|1585592974|00001325
1585592972-0007-000|8227674781255|8227929659594|254878339|1585592974|00001422
1585592972-0007-000|8227674781255|8227929659594|254878339|1585592974|00001535
1585592972-0007-000|8227674781255|8227929659594|254878339|1585592974|00001253
1585592972-0007-000|8227674781255|8227929659594|254878339|1585592974|00001448
1585592972-0007-000|8227674781255|8227929659594|254878339|1585592974|00001322
1585592972-0007-000|8227674781255|8227929659594|254878339|1585592974|00001335
1585592972-0007-000|8227674781255|8227929659594|254878339|1585592974|00002019
1585592972-0007-000|8227674781255|8227929659594|254878339|1585592974|00001323
1585592972-0007-000|8227674781255|8227929659594|254878339|1585592974|00001274
1585592972-0007-000|8227674781255|8227929659594|254878339|1585592974|00001383
1585592972-0007-000|8227674781255|8227929659594|254878339|1585592974|00001638
1585592972-0007-000|8227674781255|8227929659594|254878339|1585592974|00001258
1585592972-0007-000|8227674781255|8227929659594|254878339|1585592974|00001441
1585592972-0007-000|8227674781255|8227929659594|254878339|1585592974|00001222
1585592972-0007-000|8227674781255|8227929659594|254878339|1585592974|00001246
1585592972-0007-000|8227674781255|8227929659594|254878339|1585592974|00001062
1585592972-0007-000|8227674781255|8227929659594|254878339|1585592974|00001271
1585592972-0007-000|8227674781255|8227929659594|254878339|1585592974|00001209
1585592972-0007-000|8227674781255|8227929659594|254878339|1585592974|00001234
1585592972-0007-000|8227674781255|8227929659594|254878339|1585592974|00001142
1585592972-0007-000|8227674781255|8227929659594|254878339|1585592974|00001542
1585592972-0007-000|8227674781255|8227929659594|254878339|1585592974|00001588
1585592972-0007-000|8227674781255|8227929659594|254878339|1585592974|00001179
1585592972-0007-000|8227674781255|8227929659594|254878339|1585592974|00001194
1585592972-0007-000|8227674781255|8227929659594|254878339|1585592974|00001203
1585592972-0007-000|8227674781255|8227929659594|254878339|1585592974|00001081
1585592972-0007-000|8227674781255|8227929659594|254878339|1585592974|00001065
1585592972-0007-000|8227674781255|8227929659594|254878339|1585592974|00001071
1585592972-0007-000|8227674781255|8227929659594|254878339|1585592974|00001188
1585592972-0007-000|8227674781255|8227929659594|254878339|1585592974|00001253
1585592972-0007-000|8227674781255|8227929659594|254878339|1585592974|00001359
1585592972-0007-000|8227674781255|8227929659594|254878339|1585592974|00001042
1585592972-0007-000|8227674781255|8227929659594|254878339|1585592974|00001181
1585592972-0007-000|8227674781255|8227929659594|254878339|1585592974|00001251
1585592972-0007-000|8227674781255|8227929659594|254878339|1585592974|00001399
1585592972-0007-000|8227674781255|8227929659594|254878339|1585592974|00001161
1585592972-0007-000|8227674781255|8227929659594|254878339|1585592974|00001089
1585592972-0007-000|8227674781255|8227929659594|254878339|1585592974|00001275
1585592972-0007-000|8227674781255|8227929659594|254878339|1585592974|00001283
1585592972-0007-000|8227674781255|8227929659594|254878339|1585592974|00001344
1585592972-0007-000|8227674781255|8227929659594|254878339|1585592974|00001270
1585592972-0007-000|8227674781255|8227929659594|254878339|1585592974|00001039
1585592972-0007-000|8227674781255|8227929659594|254878339|1585592974|00001472
1585592972-0007-000|8227674781255|8227929659594|254878339|1585592974|00001239
1585592972-0007-000|8227674781255|8227929659594|254878339|1585592974|00001154
1585592972-0007-000|8227674781255|8227929659594|254878339|1585592974|00003635
1585592972-0007-000|8227674781255|8227929659594|254878339|1585592974|00001243
1585592972-0007-000|8227674781255|8227929659594|254878339|1585592974|00001497
1585592972-0007-000|8227674781255|8227929659594|254878339|1585592974|00001282
1585592972-0007-000|8227674781255|8227929659594|254878339|1585592974|00001056
1585592972-0007-000|8227674781255|8227929659594|254878339|1585592974|00001383
1585592972-0007-000|8227674781255|8227929659594|254878339|1585592974|00001174
1585592972-0007-000|8227674781255|8227929659594|254878339|1585592974|00001224
