openmpi-slave4|3295251574641|3295392427893|140853252|1585925549|00013524
openmpi-slave4|3295251574641|3295392427893|140853252|1585925549|00014501
openmpi-slave4|3295251574641|3295392427893|140853252|1585925549|00009895
openmpi-slave4|3295251574641|3295392427893|140853252|1585925549|00010461
openmpi-slave4|3295251574641|3295392427893|140853252|1585925549|00012899
openmpi-slave4|3295251574641|3295392427893|140853252|1585925549|00012016
openmpi-slave4|3295251574641|3295392427893|140853252|1585925549|00008862
openmpi-slave4|3295251574641|3295392427893|140853252|1585925549|00007167
openmpi-slave4|3295251574641|3295392427893|140853252|1585925549|00004929
openmpi-slave4|3295251574641|3295392427893|140853252|1585925549|00002526
openmpi-slave4|3295251574641|3295392427893|140853252|1585925549|00002537
openmpi-slave4|3295251574641|3295392427893|140853252|1585925549|00001694
openmpi-slave4|3295251574641|3295392427893|140853252|1585925549|01020094
openmpi-slave4|3295251574641|3295392427893|140853252|1585925549|00001104
openmpi-slave4|3295251574641|3295392427893|140853252|1585925549|03039285
openmpi-slave4|3295251574641|3295392427893|140853252|1585925549|00001467
openmpi-slave4|3295251574641|3295392427893|140853252|1585925549|00001474
openmpi-slave4|3295251574641|3295392427893|140853252|1585925549|00001317
openmpi-slave4|3295251574641|3295392427893|140853252|1585925549|00001503
openmpi-slave4|3295251574641|3295392427893|140853252|1585925549|00001326
openmpi-slave4|3295251574641|3295392427893|140853252|1585925549|00001707
openmpi-slave4|3295251574641|3295392427893|140853252|1585925549|00001447
openmpi-slave4|3295251574641|3295392427893|140853252|1585925549|00001637
openmpi-slave4|3295251574641|3295392427893|140853252|1585925549|00001411
openmpi-slave4|3295251574641|3295392427893|140853252|1585925549|00018442
openmpi-slave4|3295251574641|3295392427893|140853252|1585925549|00001587
openmpi-slave4|3295251574641|3295392427893|140853252|1585925549|00001780
openmpi-slave4|3295251574641|3295392427893|140853252|1585925549|01020653
openmpi-slave4|3295251574641|3295392427893|140853252|1585925549|00001883
openmpi-slave4|3295251574641|3295392427893|140853252|1585925549|00001320
openmpi-slave4|3295251574641|3295392427893|140853252|1585925549|00001041
openmpi-slave4|3295251574641|3295392427893|140853252|1585925549|01025916
openmpi-slave4|3305455775319|3305569810016|114034697|1585925560|01027662
openmpi-slave4|3305455775319|3305569810016|114034697|1585925560|00004811
openmpi-slave4|3305455775319|3305569810016|114034697|1585925560|01009551
openmpi-slave4|3305455775319|3305569810016|114034697|1585925560|00006001
openmpi-slave4|3305455775319|3305569810016|114034697|1585925560|00003394
openmpi-slave4|3305455775319|3305569810016|114034697|1585925560|00004013
openmpi-slave4|3305455775319|3305569810016|114034697|1585925560|00007712
openmpi-slave4|3305455775319|3305569810016|114034697|1585925560|00007538
openmpi-slave4|3305455775319|3305569810016|114034697|1585925560|00006055
openmpi-slave4|3305455775319|3305569810016|114034697|1585925560|01025103
openmpi-slave4|3305455775319|3305569810016|114034697|1585925560|00005349
openmpi-slave4|3305455775319|3305569810016|114034697|1585925560|01021016
openmpi-slave4|3305455775319|3305569810016|114034697|1585925560|00009702
openmpi-slave4|3305455775319|3305569810016|114034697|1585925560|00006458
openmpi-slave4|3305455775319|3305569810016|114034697|1585925560|01029785
openmpi-slave4|3305455775319|3305569810016|114034697|1585925560|00001429
openmpi-slave4|3305455775319|3305569810016|114034697|1585925560|00001072
openmpi-slave4|3305455775319|3305569810016|114034697|1585925560|00001041
openmpi-slave4|3305455775319|3305569810016|114034697|1585925560|01026681
openmpi-slave4|3305455775319|3305569810016|114034697|1585925560|00002651
openmpi-slave4|3305455775319|3305569810016|114034697|1585925560|03033661
openmpi-slave4|3305455775319|3305569810016|114034697|1585925560|00005051
openmpi-slave4|3305455775319|3305569810016|114034697|1585925560|00007163
openmpi-slave4|3305455775319|3305569810016|114034697|1585925560|00004921
openmpi-slave4|3305455775319|3305569810016|114034697|1585925560|00007444
openmpi-slave4|3305455775319|3305569810016|114034697|1585925560|00006580
openmpi-slave4|3305455775319|3305569810016|114034697|1585925560|00003603
openmpi-slave4|3305455775319|3305569810016|114034697|1585925560|00003197
openmpi-slave4|3305455775319|3305569810016|114034697|1585925560|00003467
openmpi-slave4|3305455775319|3305569810016|114034697|1585925560|00003835
openmpi-slave4|3305455775319|3305569810016|114034697|1585925560|00005138
openmpi-slave4|3305455775319|3305569810016|114034697|1585925560|00003562
openmpi-slave4|3305455775319|3305569810016|114034697|1585925560|00002825
openmpi-slave4|3305455775319|3305569810016|114034697|1585925560|00004274
openmpi-slave4|3305455775319|3305569810016|114034697|1585925560|00003653
openmpi-slave4|3305455775319|3305569810016|114034697|1585925560|00003576
openmpi-slave4|3305455775319|3305569810016|114034697|1585925560|00003821
openmpi-slave4|3305455775319|3305569810016|114034697|1585925560|00002720
openmpi-slave4|3315859529263|3315904386834|44857571|1585925570|03030049
openmpi-slave4|3315859529263|3315904386834|44857571|1585925570|00006076
openmpi-slave4|3315859529263|3315904386834|44857571|1585925570|00003096
openmpi-slave4|3315859529263|3315904386834|44857571|1585925570|01012370
openmpi-slave4|3315859529263|3315904386834|44857571|1585925570|01029339
openmpi-slave4|3315859529263|3315904386834|44857571|1585925570|01021070
openmpi-slave4|3315859529263|3315904386834|44857571|1585925570|01023204
openmpi-slave4|3315859529263|3315904386834|44857571|1585925570|03036805
openmpi-slave4|3315859529263|3315904386834|44857571|1585925570|00001733
openmpi-slave4|3315859529263|3315904386834|44857571|1585925570|00002675
openmpi-slave4|3315859529263|3315904386834|44857571|1585925570|00002319
openmpi-slave4|3315859529263|3315904386834|44857571|1585925570|00002875
openmpi-slave4|3315859529263|3315904386834|44857571|1585925570|00004546
openmpi-slave4|3315859529263|3315904386834|44857571|1585925570|01008530
openmpi-slave4|3315859529263|3315904386834|44857571|1585925570|00003461
openmpi-slave4|3315859529263|3315904386834|44857571|1585925570|00003846
openmpi-slave4|3315859529263|3315904386834|44857571|1585925570|00004007
openmpi-slave4|3326017061234|3326089014323|71953089|1585925580|01018595
openmpi-slave4|3326017061234|3326089014323|71953089|1585925580|00018482
openmpi-slave4|3326017061234|3326089014323|71953089|1585925580|03047941
openmpi-slave4|3326017061234|3326089014323|71953089|1585925580|00003788
openmpi-slave4|3326017061234|3326089014323|71953089|1585925580|00004666
openmpi-slave4|3326017061234|3326089014323|71953089|1585925580|00006818
openmpi-slave4|3326017061234|3326089014323|71953089|1585925580|00004192
openmpi-slave4|3326017061234|3326089014323|71953089|1585925580|00015876
openmpi-slave4|3326017061234|3326089014323|71953089|1585925580|00009661
openmpi-slave4|3326017061234|3326089014323|71953089|1585925580|01007433
openmpi-slave4|3326017061234|3326089014323|71953089|1585925580|00001571
openmpi-slave4|3326017061234|3326089014323|71953089|1585925580|00001235
openmpi-slave4|3326017061234|3326089014323|71953089|1585925580|00001169
