openmpi-slave2|3295403539191|3295455514040|51974849|1585925549|00013384
openmpi-slave2|3295403539191|3295455514040|51974849|1585925549|00008269
openmpi-slave2|3295403539191|3295455514040|51974849|1585925549|00008189
openmpi-slave2|3295403539191|3295455514040|51974849|1585925549|00014126
openmpi-slave2|3295403539191|3295455514040|51974849|1585925549|00009880
openmpi-slave2|3295403539191|3295455514040|51974849|1585925549|00010743
openmpi-slave2|3295403539191|3295455514040|51974849|1585925549|00013330
openmpi-slave2|3295403539191|3295455514040|51974849|1585925549|00011456
openmpi-slave2|3295403539191|3295455514040|51974849|1585925549|00009145
openmpi-slave2|3295403539191|3295455514040|51974849|1585925549|03050558
openmpi-slave2|3295403539191|3295455514040|51974849|1585925549|00006088
openmpi-slave2|3295403539191|3295455514040|51974849|1585925549|00004914
openmpi-slave2|3295403539191|3295455514040|51974849|1585925549|00004411
openmpi-slave2|3295403539191|3295455514040|51974849|1585925549|00004859
openmpi-slave2|3295403539191|3295455514040|51974849|1585925549|00006030
openmpi-slave2|3295403539191|3295455514040|51974849|1585925549|00007040
openmpi-slave2|3295403539191|3295455514040|51974849|1585925549|00003390
openmpi-slave2|3295403539191|3295455514040|51974849|1585925549|00002617
openmpi-slave2|3295403539191|3295455514040|51974849|1585925549|01017604
openmpi-slave2|3305491001225|3305582833190|91831965|1585925560|03035359
openmpi-slave2|3305491001225|3305582833190|91831965|1585925560|00002749
openmpi-slave2|3305491001225|3305582833190|91831965|1585925560|00002662
openmpi-slave2|3305491001225|3305582833190|91831965|1585925560|00002848
openmpi-slave2|3305491001225|3305582833190|91831965|1585925560|00004276
openmpi-slave2|3305491001225|3305582833190|91831965|1585925560|00006065
openmpi-slave2|3305491001225|3305582833190|91831965|1585925560|00004247
openmpi-slave2|3305491001225|3305582833190|91831965|1585925560|00003950
openmpi-slave2|3305491001225|3305582833190|91831965|1585925560|00002916
openmpi-slave2|3305491001225|3305582833190|91831965|1585925560|00006995
openmpi-slave2|3305491001225|3305582833190|91831965|1585925560|00008254
openmpi-slave2|3305491001225|3305582833190|91831965|1585925560|01008908
openmpi-slave2|3305491001225|3305582833190|91831965|1585925560|00001931
openmpi-slave2|3305491001225|3305582833190|91831965|1585925560|00002001
openmpi-slave2|3305491001225|3305582833190|91831965|1585925560|00002365
openmpi-slave2|3305491001225|3305582833190|91831965|1585925560|00003671
openmpi-slave2|3305491001225|3305582833190|91831965|1585925560|00004386
openmpi-slave2|3305491001225|3305582833190|91831965|1585925560|00004890
openmpi-slave2|3305491001225|3305582833190|91831965|1585925560|00003726
openmpi-slave2|3305491001225|3305582833190|91831965|1585925560|00005049
openmpi-slave2|3305491001225|3305582833190|91831965|1585925560|00006861
openmpi-slave2|3305491001225|3305582833190|91831965|1585925560|00007550
openmpi-slave2|3305491001225|3305582833190|91831965|1585925560|00005072
openmpi-slave2|3305491001225|3305582833190|91831965|1585925560|03022993
openmpi-slave2|3305491001225|3305582833190|91831965|1585925560|00001433
openmpi-slave2|3305491001225|3305582833190|91831965|1585925560|00001315
openmpi-slave2|3305491001225|3305582833190|91831965|1585925560|00001438
openmpi-slave2|3305491001225|3305582833190|91831965|1585925560|00001410
openmpi-slave2|3305491001225|3305582833190|91831965|1585925560|00001914
openmpi-slave2|3305491001225|3305582833190|91831965|1585925560|00001690
openmpi-slave2|3305491001225|3305582833190|91831965|1585925560|00002815
openmpi-slave2|3305491001225|3305582833190|91831965|1585925560|00004743
openmpi-slave2|3305491001225|3305582833190|91831965|1585925560|00002215
openmpi-slave2|3305491001225|3305582833190|91831965|1585925560|00003325
openmpi-slave2|3305491001225|3305582833190|91831965|1585925560|00003308
openmpi-slave2|3305491001225|3305582833190|91831965|1585925560|00003455
openmpi-slave2|3305491001225|3305582833190|91831965|1585925560|00003451
openmpi-slave2|3305491001225|3305582833190|91831965|1585925560|00003062
openmpi-slave2|3305491001225|3305582833190|91831965|1585925560|00007701
openmpi-slave2|3305491001225|3305582833190|91831965|1585925560|00003584
openmpi-slave2|3305491001225|3305582833190|91831965|1585925560|00002264
openmpi-slave2|3305491001225|3305582833190|91831965|1585925560|01007165
openmpi-slave2|3305491001225|3305582833190|91831965|1585925560|00003406
openmpi-slave2|3305491001225|3305582833190|91831965|1585925560|00005246
openmpi-slave2|3305491001225|3305582833190|91831965|1585925560|00006921
openmpi-slave2|3305491001225|3305582833190|91831965|1585925560|00004770
openmpi-slave2|3305491001225|3305582833190|91831965|1585925560|00005938
openmpi-slave2|3305491001225|3305582833190|91831965|1585925560|00007397
openmpi-slave2|3305491001225|3305582833190|91831965|1585925560|00006580
openmpi-slave2|3305491001225|3305582833190|91831965|1585925560|03030296
openmpi-slave2|3305491001225|3305582833190|91831965|1585925560|00005079
openmpi-slave2|3305491001225|3305582833190|91831965|1585925560|00006594
openmpi-slave2|3305491001225|3305582833190|91831965|1585925560|00005512
openmpi-slave2|3305491001225|3305582833190|91831965|1585925560|00006106
openmpi-slave2|3305491001225|3305582833190|91831965|1585925560|00007001
openmpi-slave2|3305491001225|3305582833190|91831965|1585925560|01027959
openmpi-slave2|3315759163163|3315853285576|94122413|1585925570|03035358
openmpi-slave2|3315759163163|3315853285576|94122413|1585925570|00001530
openmpi-slave2|3315759163163|3315853285576|94122413|1585925570|00002210
openmpi-slave2|3315759163163|3315853285576|94122413|1585925570|00001719
openmpi-slave2|3315759163163|3315853285576|94122413|1585925570|00001600
openmpi-slave2|3315759163163|3315853285576|94122413|1585925570|00001690
openmpi-slave2|3315759163163|3315853285576|94122413|1585925570|00001501
openmpi-slave2|3315759163163|3315853285576|94122413|1585925570|00001543
openmpi-slave2|3315759163163|3315853285576|94122413|1585925570|00001343
openmpi-slave2|3315759163163|3315853285576|94122413|1585925570|00001354
openmpi-slave2|3315759163163|3315853285576|94122413|1585925570|00001502
openmpi-slave2|3315759163163|3315853285576|94122413|1585925570|00001481
openmpi-slave2|3315759163163|3315853285576|94122413|1585925570|00001224
openmpi-slave2|3315759163163|3315853285576|94122413|1585925570|00001580
openmpi-slave2|3315759163163|3315853285576|94122413|1585925570|00001329
openmpi-slave2|3315759163163|3315853285576|94122413|1585925570|00001163
openmpi-slave2|3315759163163|3315853285576|94122413|1585925570|00001297
openmpi-slave2|3315759163163|3315853285576|94122413|1585925570|00001299
openmpi-slave2|3315759163163|3315853285576|94122413|1585925570|00001528
openmpi-slave2|3315759163163|3315853285576|94122413|1585925570|00002878
openmpi-slave2|3315759163163|3315853285576|94122413|1585925570|00002714
openmpi-slave2|3315759163163|3315853285576|94122413|1585925570|00003347
openmpi-slave2|3315759163163|3315853285576|94122413|1585925570|01025794
openmpi-slave2|3315759163163|3315853285576|94122413|1585925570|01023369
openmpi-slave2|3315759163163|3315853285576|94122413|1585925570|00010404
