openmpi-master|3295398418707|3295453244623|54825916|1585925549|00013919
openmpi-master|3295398418707|3295453244623|54825916|1585925549|00002501
openmpi-master|3295398418707|3295453244623|54825916|1585925549|00002464
openmpi-master|3295398418707|3295453244623|54825916|1585925549|00003064
openmpi-master|3295398418707|3295453244623|54825916|1585925549|00002969
openmpi-master|3295398418707|3295453244623|54825916|1585925549|00003739
openmpi-master|3295398418707|3295453244623|54825916|1585925549|00003800
openmpi-master|3295398418707|3295453244623|54825916|1585925549|00004167
openmpi-master|3295398418707|3295453244623|54825916|1585925549|00001827
openmpi-master|3295398418707|3295453244623|54825916|1585925549|00003855
openmpi-master|3295398418707|3295453244623|54825916|1585925549|00004329
openmpi-master|3295398418707|3295453244623|54825916|1585925549|00002702
openmpi-master|3295398418707|3295453244623|54825916|1585925549|00003739
openmpi-master|3295398418707|3295453244623|54825916|1585925549|00004231
openmpi-master|3295398418707|3295453244623|54825916|1585925549|00002896
openmpi-master|3295398418707|3295453244623|54825916|1585925549|00003186
openmpi-master|3295398418707|3295453244623|54825916|1585925549|00005033
openmpi-master|3295398418707|3295453244623|54825916|1585925549|00005448
openmpi-master|3295398418707|3295453244623|54825916|1585925549|00006133
openmpi-master|3295398418707|3295453244623|54825916|1585925549|00007087
openmpi-master|3295398418707|3295453244623|54825916|1585925549|00008546
openmpi-master|3295398418707|3295453244623|54825916|1585925549|00008245
openmpi-master|3295398418707|3295453244623|54825916|1585925549|00007906
openmpi-master|3295398418707|3295453244623|54825916|1585925549|00006160
openmpi-master|3295398418707|3295453244623|54825916|1585925549|00009736
openmpi-master|3295398418707|3295453244623|54825916|1585925549|00010582
openmpi-master|3295398418707|3295453244623|54825916|1585925549|00012842
openmpi-master|3295398418707|3295453244623|54825916|1585925549|01023501
openmpi-master|3295398418707|3295453244623|54825916|1585925549|00005986
openmpi-master|3295398418707|3295453244623|54825916|1585925549|01015364
openmpi-master|3295398418707|3295453244623|54825916|1585925549|00003696
openmpi-master|3295398418707|3295453244623|54825916|1585925549|00002912
openmpi-master|3295398418707|3295453244623|54825916|1585925549|00004668
openmpi-master|3295398418707|3295453244623|54825916|1585925549|00004703
openmpi-master|3295398418707|3295453244623|54825916|1585925549|00006175
openmpi-master|3295398418707|3295453244623|54825916|1585925549|00007458
openmpi-master|3295398418707|3295453244623|54825916|1585925549|00008885
openmpi-master|3295398418707|3295453244623|54825916|1585925549|00004542
openmpi-master|3295398418707|3295453244623|54825916|1585925549|00004038
openmpi-master|3295398418707|3295453244623|54825916|1585925549|03024588
openmpi-master|3295398418707|3295453244623|54825916|1585925549|00002796
openmpi-master|3295398418707|3295453244623|54825916|1585925549|00002852
openmpi-master|3295398418707|3295453244623|54825916|1585925549|00008442
openmpi-master|3295398418707|3295453244623|54825916|1585925549|00005871
openmpi-master|3295398418707|3295453244623|54825916|1585925549|00006885
openmpi-master|3295398418707|3295453244623|54825916|1585925549|01031344
openmpi-master|3295398418707|3295453244623|54825916|1585925549|00011682
openmpi-master|3295398418707|3295453244623|54825916|1585925549|00010007
openmpi-master|3295398418707|3295453244623|54825916|1585925549|00007767
openmpi-master|3295398418707|3295453244623|54825916|1585925549|00007798
openmpi-master|3295398418707|3295453244623|54825916|1585925549|00003107
openmpi-master|3295398418707|3295453244623|54825916|1585925549|00004615
openmpi-master|3295398418707|3295453244623|54825916|1585925549|00000906
openmpi-master|3305499779739|3305594150024|94370285|1585925560|01004834
openmpi-master|3305499779739|3305594150024|94370285|1585925560|01031993
openmpi-master|3305499779739|3305594150024|94370285|1585925560|00009056
openmpi-master|3305499779739|3305594150024|94370285|1585925560|01014985
openmpi-master|3305499779739|3305594150024|94370285|1585925560|00007138
openmpi-master|3305499779739|3305594150024|94370285|1585925560|00003282
openmpi-master|3305499779739|3305594150024|94370285|1585925560|01010010
openmpi-master|3305499779739|3305594150024|94370285|1585925560|00007557
openmpi-master|3305499779739|3305594150024|94370285|1585925560|00010708
openmpi-master|3305499779739|3305594150024|94370285|1585925560|00007683
openmpi-master|3305499779739|3305594150024|94370285|1585925560|00004514
openmpi-master|3305499779739|3305594150024|94370285|1585925560|03037536
openmpi-master|3305499779739|3305594150024|94370285|1585925560|00004773
openmpi-master|3305499779739|3305594150024|94370285|1585925560|00008695
openmpi-master|3305499779739|3305594150024|94370285|1585925560|00003044
openmpi-master|3305499779739|3305594150024|94370285|1585925560|01006928
openmpi-master|3305499779739|3305594150024|94370285|1585925560|00004021
openmpi-master|3305499779739|3305594150024|94370285|1585925560|00004369
openmpi-master|3305499779739|3305594150024|94370285|1585925560|00006224
openmpi-master|3305499779739|3305594150024|94370285|1585925560|00004864
openmpi-master|3305499779739|3305594150024|94370285|1585925560|00004017
openmpi-master|3305499779739|3305594150024|94370285|1585925560|00004600
openmpi-master|3305499779739|3305594150024|94370285|1585925560|00001989
openmpi-master|3315860729320|3315902033541|41304221|1585925570|03039939
openmpi-master|3315860729320|3315902033541|41304221|1585925570|00002937
openmpi-master|3315860729320|3315902033541|41304221|1585925570|00002167
openmpi-master|3315860729320|3315902033541|41304221|1585925570|00002776
openmpi-master|3315860729320|3315902033541|41304221|1585925570|00003828
openmpi-master|3315860729320|3315902033541|41304221|1585925570|00003876
openmpi-master|3315860729320|3315902033541|41304221|1585925570|00004846
openmpi-master|3315860729320|3315902033541|41304221|1585925570|00005764
openmpi-master|3315860729320|3315902033541|41304221|1585925570|00005417
openmpi-master|3315860729320|3315902033541|41304221|1585925570|01033301
openmpi-master|3315860729320|3315902033541|41304221|1585925570|00007750
openmpi-master|3315860729320|3315902033541|41304221|1585925570|01006564
openmpi-master|3315860729320|3315902033541|41304221|1585925570|00003548
openmpi-master|3315860729320|3315902033541|41304221|1585925570|00002783
openmpi-master|3315860729320|3315902033541|41304221|1585925570|01020384
openmpi-master|3315860729320|3315902033541|41304221|1585925570|00004775
openmpi-master|3315860729320|3315902033541|41304221|1585925570|00007556
openmpi-master|3315860729320|3315902033541|41304221|1585925570|01011342
openmpi-master|3315860729320|3315902033541|41304221|1585925570|00008803
openmpi-master|3315860729320|3315902033541|41304221|1585925570|00010143
openmpi-master|3315860729320|3315902033541|41304221|1585925570|03052441
openmpi-master|3315860729320|3315902033541|41304221|1585925570|03038402
openmpi-master|3315860729320|3315902033541|41304221|1585925570|00004736
openmpi-master|3315860729320|3315902033541|41304221|1585925570|00009418
