openmpi-slave2|3295403539191|3295455514040|51974849|1585925549|00009498
openmpi-slave2|3295403539191|3295455514040|51974849|1585925549|00003840
openmpi-slave2|3295403539191|3295455514040|51974849|1585925549|00004131
openmpi-slave2|3295403539191|3295455514040|51974849|1585925549|00003650
openmpi-slave2|3295403539191|3295455514040|51974849|1585925549|00007359
openmpi-slave2|3295403539191|3295455514040|51974849|1585925549|00007117
openmpi-slave2|3295403539191|3295455514040|51974849|1585925549|00007777
openmpi-slave2|3295403539191|3295455514040|51974849|1585925549|00008138
openmpi-slave2|3295403539191|3295455514040|51974849|1585925549|00008566
openmpi-slave2|3295403539191|3295455514040|51974849|1585925549|01032048
openmpi-slave2|3295403539191|3295455514040|51974849|1585925549|00001471
openmpi-slave2|3295403539191|3295455514040|51974849|1585925549|00001897
openmpi-slave2|3295403539191|3295455514040|51974849|1585925549|00002434
openmpi-slave2|3295403539191|3295455514040|51974849|1585925549|00001816
openmpi-slave2|3295403539191|3295455514040|51974849|1585925549|00001639
openmpi-slave2|3295403539191|3295455514040|51974849|1585925549|00002340
openmpi-slave2|3295403539191|3295455514040|51974849|1585925549|00001437
openmpi-slave2|3295403539191|3295455514040|51974849|1585925549|00002098
openmpi-slave2|3295403539191|3295455514040|51974849|1585925549|00001471
openmpi-slave2|3295403539191|3295455514040|51974849|1585925549|00002001
openmpi-slave2|3295403539191|3295455514040|51974849|1585925549|00006046
openmpi-slave2|3295403539191|3295455514040|51974849|1585925549|00002146
openmpi-slave2|3295403539191|3295455514040|51974849|1585925549|00004654
openmpi-slave2|3295403539191|3295455514040|51974849|1585925549|00005336
openmpi-slave2|3295403539191|3295455514040|51974849|1585925549|00006250
openmpi-slave2|3295403539191|3295455514040|51974849|1585925549|00005937
openmpi-slave2|3295403539191|3295455514040|51974849|1585925549|01007200
openmpi-slave2|3295403539191|3295455514040|51974849|1585925549|00004827
openmpi-slave2|3295403539191|3295455514040|51974849|1585925549|00005547
openmpi-slave2|3295403539191|3295455514040|51974849|1585925549|00007448
openmpi-slave2|3295403539191|3295455514040|51974849|1585925549|00006998
openmpi-slave2|3295403539191|3295455514040|51974849|1585925549|00007730
openmpi-slave2|3295403539191|3295455514040|51974849|1585925549|01025940
openmpi-slave2|3295403539191|3295455514040|51974849|1585925549|00003713
openmpi-slave2|3295403539191|3295455514040|51974849|1585925549|00002077
openmpi-slave2|3295403539191|3295455514040|51974849|1585925549|03029031
openmpi-slave2|3295403539191|3295455514040|51974849|1585925549|00001751
openmpi-slave2|3295403539191|3295455514040|51974849|1585925549|00002195
openmpi-slave2|3295403539191|3295455514040|51974849|1585925549|00001914
openmpi-slave2|3295403539191|3295455514040|51974849|1585925549|00007222
openmpi-slave2|3295403539191|3295455514040|51974849|1585925549|00003834
openmpi-slave2|3295403539191|3295455514040|51974849|1585925549|00010634
openmpi-slave2|3295403539191|3295455514040|51974849|1585925549|00010903
openmpi-slave2|3295403539191|3295455514040|51974849|1585925549|00013302
openmpi-slave2|3305491001225|3305582833190|91831965|1585925560|01007821
openmpi-slave2|3305491001225|3305582833190|91831965|1585925560|00009719
openmpi-slave2|3305491001225|3305582833190|91831965|1585925560|00004888
openmpi-slave2|3305491001225|3305582833190|91831965|1585925560|00005125
openmpi-slave2|3305491001225|3305582833190|91831965|1585925560|03047398
openmpi-slave2|3305491001225|3305582833190|91831965|1585925560|00001674
openmpi-slave2|3305491001225|3305582833190|91831965|1585925560|00001202
openmpi-slave2|3305491001225|3305582833190|91831965|1585925560|00001347
openmpi-slave2|3305491001225|3305582833190|91831965|1585925560|00001114
openmpi-slave2|3305491001225|3305582833190|91831965|1585925560|00001152
openmpi-slave2|3305491001225|3305582833190|91831965|1585925560|00001258
openmpi-slave2|3305491001225|3305582833190|91831965|1585925560|00001292
openmpi-slave2|3305491001225|3305582833190|91831965|1585925560|00001361
openmpi-slave2|3305491001225|3305582833190|91831965|1585925560|00001353
openmpi-slave2|3305491001225|3305582833190|91831965|1585925560|00001329
openmpi-slave2|3305491001225|3305582833190|91831965|1585925560|00001359
openmpi-slave2|3305491001225|3305582833190|91831965|1585925560|00001279
openmpi-slave2|3305491001225|3305582833190|91831965|1585925560|00001133
openmpi-slave2|3305491001225|3305582833190|91831965|1585925560|00001718
openmpi-slave2|3305491001225|3305582833190|91831965|1585925560|00001472
openmpi-slave2|3305491001225|3305582833190|91831965|1585925560|00001942
openmpi-slave2|3305491001225|3305582833190|91831965|1585925560|00002380
openmpi-slave2|3305491001225|3305582833190|91831965|1585925560|00002908
openmpi-slave2|3305491001225|3305582833190|91831965|1585925560|00003954
openmpi-slave2|3305491001225|3305582833190|91831965|1585925560|00006649
openmpi-slave2|3305491001225|3305582833190|91831965|1585925560|00009543
openmpi-slave2|3305491001225|3305582833190|91831965|1585925560|00009477
openmpi-slave2|3305491001225|3305582833190|91831965|1585925560|00006441
openmpi-slave2|3305491001225|3305582833190|91831965|1585925560|00006099
openmpi-slave2|3305491001225|3305582833190|91831965|1585925560|00003397
openmpi-slave2|3305491001225|3305582833190|91831965|1585925560|03032231
openmpi-slave2|3305491001225|3305582833190|91831965|1585925560|00006732
openmpi-slave2|3305491001225|3305582833190|91831965|1585925560|01014287
openmpi-slave2|3305491001225|3305582833190|91831965|1585925560|00006024
openmpi-slave2|3305491001225|3305582833190|91831965|1585925560|00006126
openmpi-slave2|3305491001225|3305582833190|91831965|1585925560|00006528
openmpi-slave2|3305491001225|3305582833190|91831965|1585925560|01004616
openmpi-slave2|3305491001225|3305582833190|91831965|1585925560|00004585
openmpi-slave2|3305491001225|3305582833190|91831965|1585925560|00004638
openmpi-slave2|3305491001225|3305582833190|91831965|1585925560|00012137
openmpi-slave2|3305491001225|3305582833190|91831965|1585925560|00004920
openmpi-slave2|3305491001225|3305582833190|91831965|1585925560|00007455
openmpi-slave2|3305491001225|3305582833190|91831965|1585925560|00006362
openmpi-slave2|3305491001225|3305582833190|91831965|1585925560|00002703
openmpi-slave2|3305491001225|3305582833190|91831965|1585925560|00002601
openmpi-slave2|3305491001225|3305582833190|91831965|1585925560|00003087
openmpi-slave2|3305491001225|3305582833190|91831965|1585925560|00003573
openmpi-slave2|3305491001225|3305582833190|91831965|1585925560|00005481
openmpi-slave2|3305491001225|3305582833190|91831965|1585925560|00004438
openmpi-slave2|3305491001225|3305582833190|91831965|1585925560|00002796
openmpi-slave2|3305491001225|3305582833190|91831965|1585925560|00004010
openmpi-slave2|3305491001225|3305582833190|91831965|1585925560|00003637
openmpi-slave2|3305491001225|3305582833190|91831965|1585925560|00003163
openmpi-slave2|3305491001225|3305582833190|91831965|1585925560|00003286
openmpi-slave2|3305491001225|3305582833190|91831965|1585925560|00003131
openmpi-slave2|3305491001225|3305582833190|91831965|1585925560|01001776
