openmpi-slave3|3295299456872|3295397237636|97780764|1585925549|00015919
openmpi-slave3|3295299456872|3295397237636|97780764|1585925549|00007520
openmpi-slave3|3295299456872|3295397237636|97780764|1585925549|00006288
openmpi-slave3|3295299456872|3295397237636|97780764|1585925549|00004459
openmpi-slave3|3295299456872|3295397237636|97780764|1585925549|01006073
openmpi-slave3|3295299456872|3295397237636|97780764|1585925549|00001812
openmpi-slave3|3295299456872|3295397237636|97780764|1585925549|00002057
openmpi-slave3|3295299456872|3295397237636|97780764|1585925549|00001919
openmpi-slave3|3295299456872|3295397237636|97780764|1585925549|00001088
openmpi-slave3|3295299456872|3295397237636|97780764|1585925549|01026045
openmpi-slave3|3295299456872|3295397237636|97780764|1585925549|00008798
openmpi-slave3|3295299456872|3295397237636|97780764|1585925549|00004576
openmpi-slave3|3295299456872|3295397237636|97780764|1585925549|00003513
openmpi-slave3|3295299456872|3295397237636|97780764|1585925549|03049777
openmpi-slave3|3295299456872|3295397237636|97780764|1585925549|00006322
openmpi-slave3|3295299456872|3295397237636|97780764|1585925549|00005294
openmpi-slave3|3295299456872|3295397237636|97780764|1585925549|00002258
openmpi-slave3|3295299456872|3295397237636|97780764|1585925549|00002473
openmpi-slave3|3295299456872|3295397237636|97780764|1585925549|00001822
openmpi-slave3|3305584469933|3305635164385|50694452|1585925560|03046864
openmpi-slave3|3305584469933|3305635164385|50694452|1585925560|00001291
openmpi-slave3|3305584469933|3305635164385|50694452|1585925560|00001263
openmpi-slave3|3305584469933|3305635164385|50694452|1585925560|00001172
openmpi-slave3|3305584469933|3305635164385|50694452|1585925560|00001214
openmpi-slave3|3305584469933|3305635164385|50694452|1585925560|00001088
openmpi-slave3|3305584469933|3305635164385|50694452|1585925560|00001206
openmpi-slave3|3305584469933|3305635164385|50694452|1585925560|00001112
openmpi-slave3|3305584469933|3305635164385|50694452|1585925560|00001149
openmpi-slave3|3305584469933|3305635164385|50694452|1585925560|00001533
openmpi-slave3|3305584469933|3305635164385|50694452|1585925560|00002250
openmpi-slave3|3305584469933|3305635164385|50694452|1585925560|00001503
openmpi-slave3|3305584469933|3305635164385|50694452|1585925560|00002127
openmpi-slave3|3305584469933|3305635164385|50694452|1585925560|00003413
openmpi-slave3|3305584469933|3305635164385|50694452|1585925560|00004049
openmpi-slave3|3305584469933|3305635164385|50694452|1585925560|00004620
openmpi-slave3|3305584469933|3305635164385|50694452|1585925560|00003454
openmpi-slave3|3305584469933|3305635164385|50694452|1585925560|00004248
openmpi-slave3|3305584469933|3305635164385|50694452|1585925560|00009498
openmpi-slave3|3305584469933|3305635164385|50694452|1585925560|01018863
openmpi-slave3|3305584469933|3305635164385|50694452|1585925560|00011236
openmpi-slave3|3305584469933|3305635164385|50694452|1585925560|00005085
openmpi-slave3|3305584469933|3305635164385|50694452|1585925560|03044507
openmpi-slave3|3305584469933|3305635164385|50694452|1585925560|00001239
openmpi-slave3|3305584469933|3305635164385|50694452|1585925560|00001305
openmpi-slave3|3305584469933|3305635164385|50694452|1585925560|00001186
openmpi-slave3|3305584469933|3305635164385|50694452|1585925560|00001602
openmpi-slave3|3305584469933|3305635164385|50694452|1585925560|00001222
openmpi-slave3|3305584469933|3305635164385|50694452|1585925560|00001338
openmpi-slave3|3305584469933|3305635164385|50694452|1585925560|00001160
openmpi-slave3|3305584469933|3305635164385|50694452|1585925560|00002421
openmpi-slave3|3305584469933|3305635164385|50694452|1585925560|00002654
openmpi-slave3|3305584469933|3305635164385|50694452|1585925560|00003274
openmpi-slave3|3305584469933|3305635164385|50694452|1585925560|00006032
openmpi-slave3|3305584469933|3305635164385|50694452|1585925560|00005939
openmpi-slave3|3305584469933|3305635164385|50694452|1585925560|00010856
openmpi-slave3|3305584469933|3305635164385|50694452|1585925560|00006848
openmpi-slave3|3305584469933|3305635164385|50694452|1585925560|00008437
openmpi-slave3|3305584469933|3305635164385|50694452|1585925560|00003534
openmpi-slave3|3305584469933|3305635164385|50694452|1585925560|00002365
openmpi-slave3|3305584469933|3305635164385|50694452|1585925560|00002342
openmpi-slave3|3305584469933|3305635164385|50694452|1585925560|00001234
openmpi-slave3|3305584469933|3305635164385|50694452|1585925560|01020301
openmpi-slave3|3305584469933|3305635164385|50694452|1585925560|00000995
openmpi-slave3|3305584469933|3305635164385|50694452|1585925560|00000927
openmpi-slave3|3305584469933|3305635164385|50694452|1585925560|00000976
openmpi-slave3|3305584469933|3305635164385|50694452|1585925560|00000980
openmpi-slave3|3305584469933|3305635164385|50694452|1585925560|00000959
openmpi-slave3|3305584469933|3305635164385|50694452|1585925560|00001314
openmpi-slave3|3305584469933|3305635164385|50694452|1585925560|00001005
openmpi-slave3|3305584469933|3305635164385|50694452|1585925560|00001308
openmpi-slave3|3305584469933|3305635164385|50694452|1585925560|00001213
openmpi-slave3|3305584469933|3305635164385|50694452|1585925560|00001148
openmpi-slave3|3305584469933|3305635164385|50694452|1585925560|00001296
openmpi-slave3|3305584469933|3305635164385|50694452|1585925560|00001071
openmpi-slave3|3305584469933|3305635164385|50694452|1585925560|00001128
openmpi-slave3|3305584469933|3305635164385|50694452|1585925560|00001180
openmpi-slave3|3305584469933|3305635164385|50694452|1585925560|00001057
openmpi-slave3|3305584469933|3305635164385|50694452|1585925560|00001442
openmpi-slave3|3305584469933|3305635164385|50694452|1585925560|00001226
openmpi-slave3|3305584469933|3305635164385|50694452|1585925560|00001057
openmpi-slave3|3305584469933|3305635164385|50694452|1585925560|00001050
openmpi-slave3|3305584469933|3305635164385|50694452|1585925560|00001134
openmpi-slave3|3305584469933|3305635164385|50694452|1585925560|00001207
openmpi-slave3|3305584469933|3305635164385|50694452|1585925560|00001025
openmpi-slave3|3305584469933|3305635164385|50694452|1585925560|00001188
openmpi-slave3|3305584469933|3305635164385|50694452|1585925560|00001142
openmpi-slave3|3305584469933|3305635164385|50694452|1585925560|00001149
openmpi-slave3|3305584469933|3305635164385|50694452|1585925560|00001060
openmpi-slave3|3305584469933|3305635164385|50694452|1585925560|00001351
openmpi-slave3|3305584469933|3305635164385|50694452|1585925560|00001127
openmpi-slave3|3305584469933|3305635164385|50694452|1585925560|00001159
openmpi-slave3|3305584469933|3305635164385|50694452|1585925560|00000909
openmpi-slave3|3305584469933|3305635164385|50694452|1585925560|00001307
openmpi-slave3|3305584469933|3305635164385|50694452|1585925560|00001124
openmpi-slave3|3305584469933|3305635164385|50694452|1585925560|00001104
openmpi-slave3|3305584469933|3305635164385|50694452|1585925560|00001216
openmpi-slave3|3305584469933|3305635164385|50694452|1585925560|00001131
openmpi-slave3|3305584469933|3305635164385|50694452|1585925560|00001194
openmpi-slave3|3305584469933|3305635164385|50694452|1585925560|00001076
openmpi-slave3|3305584469933|3305635164385|50694452|1585925560|00000997
