openmpi-slave4|3295251574641|3295392427893|140853252|1585925549|00012676
openmpi-slave4|3295251574641|3295392427893|140853252|1585925549|00009439
openmpi-slave4|3295251574641|3295392427893|140853252|1585925549|00013387
openmpi-slave4|3295251574641|3295392427893|140853252|1585925549|00017327
openmpi-slave4|3295251574641|3295392427893|140853252|1585925549|00009367
openmpi-slave4|3295251574641|3295392427893|140853252|1585925549|00007184
openmpi-slave4|3295251574641|3295392427893|140853252|1585925549|00005097
openmpi-slave4|3295251574641|3295392427893|140853252|1585925549|03047356
openmpi-slave4|3295251574641|3295392427893|140853252|1585925549|00005074
openmpi-slave4|3295251574641|3295392427893|140853252|1585925549|00010403
openmpi-slave4|3295251574641|3295392427893|140853252|1585925549|00003832
openmpi-slave4|3295251574641|3295392427893|140853252|1585925549|00005049
openmpi-slave4|3295251574641|3295392427893|140853252|1585925549|00002695
openmpi-slave4|3295251574641|3295392427893|140853252|1585925549|01025458
openmpi-slave4|3305455775319|3305569810016|114034697|1585925560|03040073
openmpi-slave4|3305455775319|3305569810016|114034697|1585925560|00004238
openmpi-slave4|3305455775319|3305569810016|114034697|1585925560|00002361
openmpi-slave4|3305455775319|3305569810016|114034697|1585925560|00002139
openmpi-slave4|3305455775319|3305569810016|114034697|1585925560|00003449
openmpi-slave4|3305455775319|3305569810016|114034697|1585925560|00003403
openmpi-slave4|3305455775319|3305569810016|114034697|1585925560|00002237
openmpi-slave4|3305455775319|3305569810016|114034697|1585925560|00002426
openmpi-slave4|3305455775319|3305569810016|114034697|1585925560|00008682
openmpi-slave4|3305455775319|3305569810016|114034697|1585925560|00008091
openmpi-slave4|3305455775319|3305569810016|114034697|1585925560|00007063
openmpi-slave4|3305455775319|3305569810016|114034697|1585925560|01012027
openmpi-slave4|3305455775319|3305569810016|114034697|1585925560|00004216
openmpi-slave4|3305455775319|3305569810016|114034697|1585925560|00004310
openmpi-slave4|3305455775319|3305569810016|114034697|1585925560|00004984
openmpi-slave4|3305455775319|3305569810016|114034697|1585925560|00007590
openmpi-slave4|3305455775319|3305569810016|114034697|1585925560|00007746
openmpi-slave4|3305455775319|3305569810016|114034697|1585925560|00005662
openmpi-slave4|3305455775319|3305569810016|114034697|1585925560|00004517
openmpi-slave4|3305455775319|3305569810016|114034697|1585925560|01021155
openmpi-slave4|3305455775319|3305569810016|114034697|1585925560|01026279
openmpi-slave4|3305455775319|3305569810016|114034697|1585925560|00012316
openmpi-slave4|3305455775319|3305569810016|114034697|1585925560|03055385
openmpi-slave4|3305455775319|3305569810016|114034697|1585925560|01021475
openmpi-slave4|3305455775319|3305569810016|114034697|1585925560|00007106
openmpi-slave4|3305455775319|3305569810016|114034697|1585925560|00004947
openmpi-slave4|3305455775319|3305569810016|114034697|1585925560|01011223
openmpi-slave4|3305455775319|3305569810016|114034697|1585925560|00008221
openmpi-slave4|3305455775319|3305569810016|114034697|1585925560|00005408
openmpi-slave4|3305455775319|3305569810016|114034697|1585925560|00006998
openmpi-slave4|3305455775319|3305569810016|114034697|1585925560|01034984
openmpi-slave4|3315859529263|3315904386834|44857571|1585925570|01023629
openmpi-slave4|3315859529263|3315904386834|44857571|1585925570|00004552
openmpi-slave4|3315859529263|3315904386834|44857571|1585925570|00004923
openmpi-slave4|3315859529263|3315904386834|44857571|1585925570|00003409
openmpi-slave4|3315859529263|3315904386834|44857571|1585925570|00003337
openmpi-slave4|3315859529263|3315904386834|44857571|1585925570|00006751
openmpi-slave4|3315859529263|3315904386834|44857571|1585925570|00002237
openmpi-slave4|3315859529263|3315904386834|44857571|1585925570|03051088
openmpi-slave4|3315859529263|3315904386834|44857571|1585925570|01033635
openmpi-slave4|3315859529263|3315904386834|44857571|1585925570|00001829
openmpi-slave4|3315859529263|3315904386834|44857571|1585925570|01009214
openmpi-slave4|3315859529263|3315904386834|44857571|1585925570|00007111
openmpi-slave4|3315859529263|3315904386834|44857571|1585925570|03028566
openmpi-slave4|3315859529263|3315904386834|44857571|1585925570|00002394
openmpi-slave4|3315859529263|3315904386834|44857571|1585925570|00002596
openmpi-slave4|3315859529263|3315904386834|44857571|1585925570|00003524
openmpi-slave4|3315859529263|3315904386834|44857571|1585925570|00004778
openmpi-slave4|3315859529263|3315904386834|44857571|1585925570|00003559
openmpi-slave4|3315859529263|3315904386834|44857571|1585925570|01007323
openmpi-slave4|3315859529263|3315904386834|44857571|1585925570|00003515
openmpi-slave4|3315859529263|3315904386834|44857571|1585925570|00005081
openmpi-slave4|3315859529263|3315904386834|44857571|1585925570|00003960
openmpi-slave4|3326017061234|3326089014323|71953089|1585925580|01016631
openmpi-slave4|3326017061234|3326089014323|71953089|1585925580|00018968
openmpi-slave4|3326017061234|3326089014323|71953089|1585925580|03048319
openmpi-slave4|3326017061234|3326089014323|71953089|1585925580|00003655
openmpi-slave4|3326017061234|3326089014323|71953089|1585925580|00004686
openmpi-slave4|3326017061234|3326089014323|71953089|1585925580|00006660
openmpi-slave4|3326017061234|3326089014323|71953089|1585925580|00004206
openmpi-slave4|3326017061234|3326089014323|71953089|1585925580|00006529
openmpi-slave4|3326017061234|3326089014323|71953089|1585925580|00009058
openmpi-slave4|3326017061234|3326089014323|71953089|1585925580|00009441
openmpi-slave4|3326017061234|3326089014323|71953089|1585925580|00023207
openmpi-slave4|3326017061234|3326089014323|71953089|1585925580|00004407
openmpi-slave4|3326017061234|3326089014323|71953089|1585925580|00001869
openmpi-slave4|3326017061234|3326089014323|71953089|1585925580|01010758
openmpi-slave4|3326017061234|3326089014323|71953089|1585925580|00003376
openmpi-slave4|3326017061234|3326089014323|71953089|1585925580|01021304
openmpi-slave4|3326017061234|3326089014323|71953089|1585925580|00003286
openmpi-slave4|3326017061234|3326089014323|71953089|1585925580|00002444
openmpi-slave4|3326017061234|3326089014323|71953089|1585925580|00002102
openmpi-slave4|3326017061234|3326089014323|71953089|1585925580|00004298
openmpi-slave4|3326017061234|3326089014323|71953089|1585925580|00003767
openmpi-slave4|3326017061234|3326089014323|71953089|1585925580|00002671
openmpi-slave4|3326017061234|3326089014323|71953089|1585925580|00005377
openmpi-slave4|3326017061234|3326089014323|71953089|1585925580|00001957
openmpi-slave4|3326017061234|3326089014323|71953089|1585925580|00001346
openmpi-slave4|3326017061234|3326089014323|71953089|1585925580|00001376
openmpi-slave4|3326017061234|3326089014323|71953089|1585925580|00001624
openmpi-slave4|3326017061234|3326089014323|71953089|1585925580|00001395
openmpi-slave4|3326017061234|3326089014323|71953089|1585925580|00001595
openmpi-slave4|3326017061234|3326089014323|71953089|1585925580|00001093
openmpi-slave4|3326017061234|3326089014323|71953089|1585925580|00001330
openmpi-slave4|3326017061234|3326089014323|71953089|1585925580|00002259
openmpi-slave4|3326017061234|3326089014323|71953089|1585925580|00001438
