openmpi-slave2|3295403539191|3295455514040|51974849|1585925549|00014149
openmpi-slave2|3295403539191|3295455514040|51974849|1585925549|00009574
openmpi-slave2|3295403539191|3295455514040|51974849|1585925549|00012569
openmpi-slave2|3295403539191|3295455514040|51974849|1585925549|00012602
openmpi-slave2|3295403539191|3295455514040|51974849|1585925549|00011067
openmpi-slave2|3295403539191|3295455514040|51974849|1585925549|00007615
openmpi-slave2|3295403539191|3295455514040|51974849|1585925549|01031253
openmpi-slave2|3295403539191|3295455514040|51974849|1585925549|00001141
openmpi-slave2|3295403539191|3295455514040|51974849|1585925549|00001384
openmpi-slave2|3295403539191|3295455514040|51974849|1585925549|01026444
openmpi-slave2|3295403539191|3295455514040|51974849|1585925549|03033091
openmpi-slave2|3295403539191|3295455514040|51974849|1585925549|00004777
openmpi-slave2|3295403539191|3295455514040|51974849|1585925549|00008212
openmpi-slave2|3295403539191|3295455514040|51974849|1585925549|00006227
openmpi-slave2|3295403539191|3295455514040|51974849|1585925549|00007031
openmpi-slave2|3295403539191|3295455514040|51974849|1585925549|01033995
openmpi-slave2|3295403539191|3295455514040|51974849|1585925549|00009625
openmpi-slave2|3305491001225|3305582833190|91831965|1585925560|01012188
openmpi-slave2|3305491001225|3305582833190|91831965|1585925560|00009942
openmpi-slave2|3305491001225|3305582833190|91831965|1585925560|01008921
openmpi-slave2|3305491001225|3305582833190|91831965|1585925560|00002080
openmpi-slave2|3305491001225|3305582833190|91831965|1585925560|00001714
openmpi-slave2|3305491001225|3305582833190|91831965|1585925560|00002022
openmpi-slave2|3305491001225|3305582833190|91831965|1585925560|00003323
openmpi-slave2|3305491001225|3305582833190|91831965|1585925560|00004023
openmpi-slave2|3305491001225|3305582833190|91831965|1585925560|00004639
openmpi-slave2|3305491001225|3305582833190|91831965|1585925560|00003485
openmpi-slave2|3305491001225|3305582833190|91831965|1585925560|00004333
openmpi-slave2|3305491001225|3305582833190|91831965|1585925560|00009441
openmpi-slave2|3305491001225|3305582833190|91831965|1585925560|00007531
openmpi-slave2|3305491001225|3305582833190|91831965|1585925560|00005070
openmpi-slave2|3305491001225|3305582833190|91831965|1585925560|01015030
openmpi-slave2|3305491001225|3305582833190|91831965|1585925560|00007151
openmpi-slave2|3305491001225|3305582833190|91831965|1585925560|00004445
openmpi-slave2|3305491001225|3305582833190|91831965|1585925560|01016292
openmpi-slave2|3305491001225|3305582833190|91831965|1585925560|00011240
openmpi-slave2|3305491001225|3305582833190|91831965|1585925560|03052194
openmpi-slave2|3305491001225|3305582833190|91831965|1585925560|00004026
openmpi-slave2|3305491001225|3305582833190|91831965|1585925560|00005349
openmpi-slave2|3305491001225|3305582833190|91831965|1585925560|00004183
openmpi-slave2|3305491001225|3305582833190|91831965|1585925560|01009337
openmpi-slave2|3305491001225|3305582833190|91831965|1585925560|00006330
openmpi-slave2|3305491001225|3305582833190|91831965|1585925560|00006285
openmpi-slave2|3305491001225|3305582833190|91831965|1585925560|00004205
openmpi-slave2|3305491001225|3305582833190|91831965|1585925560|00004660
openmpi-slave2|3305491001225|3305582833190|91831965|1585925560|00003326
openmpi-slave2|3315759163163|3315853285576|94122413|1585925570|03044117
openmpi-slave2|3315759163163|3315853285576|94122413|1585925570|00003290
openmpi-slave2|3315759163163|3315853285576|94122413|1585925570|00002915
openmpi-slave2|3315759163163|3315853285576|94122413|1585925570|00003590
openmpi-slave2|3315759163163|3315853285576|94122413|1585925570|00003902
openmpi-slave2|3315759163163|3315853285576|94122413|1585925570|00003551
openmpi-slave2|3315759163163|3315853285576|94122413|1585925570|00004689
openmpi-slave2|3315759163163|3315853285576|94122413|1585925570|00006033
openmpi-slave2|3315759163163|3315853285576|94122413|1585925570|00005568
openmpi-slave2|3315759163163|3315853285576|94122413|1585925570|01024152
openmpi-slave2|3315759163163|3315853285576|94122413|1585925570|00005512
openmpi-slave2|3315759163163|3315853285576|94122413|1585925570|00008164
openmpi-slave2|3315759163163|3315853285576|94122413|1585925570|01008136
openmpi-slave2|3315759163163|3315853285576|94122413|1585925570|00003622
openmpi-slave2|3315759163163|3315853285576|94122413|1585925570|00002762
openmpi-slave2|3315759163163|3315853285576|94122413|1585925570|00002718
openmpi-slave2|3315759163163|3315853285576|94122413|1585925570|01018744
openmpi-slave2|3315759163163|3315853285576|94122413|1585925570|00010073
openmpi-slave2|3315759163163|3315853285576|94122413|1585925570|01010730
openmpi-slave2|3315759163163|3315853285576|94122413|1585925570|00009966
openmpi-slave2|3315759163163|3315853285576|94122413|1585925570|01012010
openmpi-slave2|3315759163163|3315853285576|94122413|1585925570|00004432
openmpi-slave2|3315759163163|3315853285576|94122413|1585925570|00007302
openmpi-slave2|3315759163163|3315853285576|94122413|1585925570|00006878
openmpi-slave2|3315759163163|3315853285576|94122413|1585925570|01006069
openmpi-slave2|3315759163163|3315853285576|94122413|1585925570|00004749
openmpi-slave2|3315759163163|3315853285576|94122413|1585925570|01020533
openmpi-slave2|3325992897381|3326084055224|91157843|1585925580|03038656
openmpi-slave2|3325992897381|3326084055224|91157843|1585925580|00006170
openmpi-slave2|3325992897381|3326084055224|91157843|1585925580|00011481
openmpi-slave2|3325992897381|3326084055224|91157843|1585925580|01005805
openmpi-slave2|3325992897381|3326084055224|91157843|1585925580|00003587
openmpi-slave2|3325992897381|3326084055224|91157843|1585925580|00007223
openmpi-slave2|3325992897381|3326084055224|91157843|1585925580|00005764
openmpi-slave2|3325992897381|3326084055224|91157843|1585925580|01004616
openmpi-slave2|3325992897381|3326084055224|91157843|1585925580|00001497
openmpi-slave2|3325992897381|3326084055224|91157843|1585925580|00001273
openmpi-slave2|3325992897381|3326084055224|91157843|1585925580|00001488
openmpi-slave2|3325992897381|3326084055224|91157843|1585925580|00001234
openmpi-slave2|3325992897381|3326084055224|91157843|1585925580|00001974
openmpi-slave2|3325992897381|3326084055224|91157843|1585925580|00002131
openmpi-slave2|3325992897381|3326084055224|91157843|1585925580|00003476
openmpi-slave2|3325992897381|3326084055224|91157843|1585925580|00003217
openmpi-slave2|3325992897381|3326084055224|91157843|1585925580|00004054
openmpi-slave2|3325992897381|3326084055224|91157843|1585925580|00004192
openmpi-slave2|3325992897381|3326084055224|91157843|1585925580|01035622
openmpi-slave2|3325992897381|3326084055224|91157843|1585925580|00004647
openmpi-slave2|3325992897381|3326084055224|91157843|1585925580|00010138
openmpi-slave2|3325992897381|3326084055224|91157843|1585925580|00007304
openmpi-slave2|3325992897381|3326084055224|91157843|1585925580|00009428
openmpi-slave2|3325992897381|3326084055224|91157843|1585925580|00007220
openmpi-slave2|3325992897381|3326084055224|91157843|1585925580|00005233
openmpi-slave2|3325992897381|3326084055224|91157843|1585925580|00001971
openmpi-slave2|3325992897381|3326084055224|91157843|1585925580|00002708
