1585583053-0016-000|1576991751167429|1576991844913971|93746542|1585583053|00395071
1585583053-0016-000|1576992863637945|1576992966486581|102848636|1585583054|00117495
1585583053-0016-000|1576993976308428|1576994059014969|82706541|1585583055|00094834
1585583053-0016-000|1576995095686850|1576995185112139|89425289|1585583056|00126031
1585583053-0016-000|1576996193260335|1576996258976377|65716042|1585583057|00070968
1585583053-0016-000|1576997264285765|1576997352233443|87947678|1585583059|00093117
1585583053-0016-000|1576998357453738|1576998440571279|83117541|1585583060|00087983
1585583053-0016-000|1576999444892992|1576999530940576|86047584|1585583061|00099242
1585583053-0016-000|1577000553520870|1577000633731514|80210644|1585583062|00093892
1585583053-0016-000|1577001687522140|1577001830525015|143002875|1585583063|00209781
1585583053-0016-000|1577002850205637|1577002915616245|65410608|1585583064|00079824
1585583053-0016-000|1577003928996977|1577004053325780|124328803|1585583065|00130859
1585583053-0016-000|1577005059864492|1577005102938144|43073652|1585583066|00048164
1585583053-0016-000|1577006108821032|1577006205707634|96886602|1585583067|00102320
1585583053-0016-000|1577007255160287|1577007380146693|124986406|1585583069|00174391
1585583053-0016-000|1577008467754988|1577008586413689|118658701|1585583070|00211821
1585583053-0016-000|1577009606694960|1577009730261553|123566593|1585583071|00138680
1585583053-0016-000|1577010738499858|1577010851542301|113042443|1585583072|00124511
1585583053-0016-000|1577011861256832|1577011953322529|92065697|1585583073|00099959
1585583053-0016-000|1577012961948153|1577013020859146|58910993|1585583074|00064981
1585583053-0016-000|1577014026386497|1577014060956961|34570464|1585583075|00039868
1585583053-0016-000|1577015118568097|1577015162035183|43467086|1585583076|00100927
1585583053-0016-000|1577016215579558|1577016267399510|51819952|1585583077|00105026
1585583053-0016-000|1577017271946623|1577017357282285|85335662|1585583079|00091551
1585583053-0016-000|1577018368214098|1577018454348367|86134269|1585583080|00095465
1585583053-0016-000|1577019532872037|1577019571260929|38388892|1585583081|00116539
1585583053-0016-000|1577020576530607|1577020646717056|70186449|1585583082|00075166
1585583053-0016-000|1577021654599302|1577021735890462|81291160|1585583083|00090299
1585583053-0016-000|1577022750568829|1577022834963773|84394944|1585583084|00099527
1585583053-0016-000|1577023850919460|1577023931040406|80120946|1585583085|00093972
1585583053-0016-000|1577024943331912|1577025024092679|80760767|1585583086|00093775
1585583053-0016-000|1577026034390053|1577026114683673|80293620|1585583087|00094094
1585583053-0016-000|1577027150792073|1577027243901954|93109881|1585583088|00128054
1585583053-0016-000|1577028279330975|1577028363452546|84121571|1585583090|00118924
1585583053-0016-000|1577029402592945|1577029486923591|84330646|1585583091|00122809
1585583053-0016-000|1577030508474313|1577030620292993|111818680|1585583092|00131023
1585583053-0016-000|1577031626888744|1577031757972219|131083475|1585583093|00137128
1585583053-0016-000|1577032766936488|1577032850140851|83204363|1585583094|00094773
1585583053-0016-000|1577033861774496|1577033946403597|84629101|1585583095|00094878
1585583053-0016-000|1577034954934629|1577035033832943|78898314|1585583096|00095089
1585583053-0016-000|1577036048662322|1577036157349051|108686729|1585583097|00114348
1585583053-0016-000|1577037166801620|1577037248482251|81680631|1585583098|00092379
1585583053-0016-000|1577038255736729|1577038386118148|130381419|1585583100|00145213
1585583053-0016-000|1577039404297286|1577039514772249|110474963|1585583101|00132213
1585583053-0016-000|1577040533686508|1577040565563724|31877216|1585583102|00037711
1585583053-0016-000|1577041571876023|1577041603347417|31471394|1585583103|00037489
1585583053-0016-000|1577042617298453|1577042647768569|30470116|1585583104|00044453
1585583053-0016-000|1577043697097886|1577043734070270|36972384|1585583105|00086198
1585583053-0016-000|1577044739963124|1577044822003644|82040520|1585583106|00087456
1585583053-0016-000|1577045844619122|1577045986015728|141396606|1585583107|00177646
1585583053-0016-000|1577047004824235|1577047103423123|98598888|1585583108|00115735
1585583053-0016-000|1577048216939038|1577048300829754|83890716|1585583110|00187949
1585583053-0016-000|1577049320387298|1577049399540111|79152813|1585583111|00103817
1585583053-0016-000|1577050414239239|1577050504320341|90081102|1585583112|00096347
1585583053-0016-000|1577051514078513|1577051605628738|91550225|1585583113|00102814
1585583053-0016-000|1577052654949028|1577052784333238|129384210|1585583114|00176837
1585583053-0016-000|1577053789345961|1577053893008290|103662329|1585583115|00111267
1585583053-0016-000|1577054901079380|1577054986675488|85596108|1585583116|00094152
1585583053-0016-000|1577056005423498|1577056102240855|96817357|1585583117|00117129
1585583053-0016-000|1577057121454523|1577057181476226|60021703|1585583118|00073689
1585583053-0016-000|1577058186822237|1577058252614591|65792354|1585583119|00072653
1585583053-0016-000|1577059285700256|1577059367505391|81805135|1585583121|00115288
1585583053-0016-000|1577060467963858|1577060562593978|94630120|1585583122|00206168
1585583053-0016-000|1577061580815710|1577061697547796|116732086|1585583123|00121641
1585583053-0016-000|1577062703607576|1577062842947961|139340385|1585583124|00155793
1585583053-0016-000|1577063862365342|1577063987922697|125557355|1585583125|00147519
1585583053-0016-000|1577065006945576|1577065131437559|124491983|1585583126|00129814
1585583053-0016-000|1577066136746072|1577066220761221|84015149|1585583127|00089439
1585583053-0016-000|1577067226351029|1577067293889565|67538536|1585583129|00082626
1585583053-0016-000|1577068309307825|1577068354952337|45644512|1585583130|00060176
1585583053-0016-000|1577069382719511|1577069422589684|39870173|1585583131|00058315
1585583053-0016-000|1577070427585660|1577070576288454|148702794|1585583132|00153666
1585583053-0016-000|1577071582793006|1577071658636462|75843456|1585583133|00082059
1585583053-0016-000|1577072678749371|1577072805638448|126889077|1585583134|00146949
1585583053-0016-000|1577073834150265|1577073963092952|128942687|1585583135|00173858
1585583053-0016-000|1577075096687487|1577075204649430|107961943|1585583136|00225060
1585583053-0016-000|1577076214092811|1577076294293844|80201033|1585583138|00089147
1585583053-0016-000|1577077324470983|1577077435583594|111112611|1585583139|00145773
1585583053-0016-000|1577078449504186|1577078534003028|84498842|1585583140|00093887
1585583053-0016-000|1577079548602629|1577079627748165|79145536|1585583141|00095791
1585583053-0016-000|1577080638814443|1577080721660264|82845821|1585583142|00091338
1585583053-0016-000|1577081782976658|1577081903898563|120921905|1585583143|00193888
1585583053-0016-000|1577082920919548|1577083034197678|113278130|1585583144|00118194
1585583053-0016-000|1577084039138769|1577084143788545|104649776|1585583145|00121543
1585583053-0016-000|1577085183541685|1577085270231004|86689319|1585583146|00119723
1585583053-0016-000|1577086330823346|1577086411819652|80996306|1585583148|00143205
1585583053-0016-000|1577087424452004|1577087529928905|105476901|1585583149|00116419
1585583053-0016-000|1577088540814490|1577088623913071|83098581|1585583150|00100078
1585583053-0016-000|1577089641267990|1577089694741947|53473957|1585583151|00071608
1585583053-0016-000|1577090713024624|1577090746701113|33676489|1585583152|00038802
1585583053-0016-000|1577091751985062|1577091847821944|95836882|1585583153|00100760
1585583053-0016-000|1577092938665548|1577092995117146|56451598|1585583154|00155948
1585583053-0016-000|1577094037977285|1577094109997936|72020651|1585583155|00115881
1585583053-0016-000|1577095134565835|1577095213762643|79196808|1585583156|00097500
1585583053-0016-000|1577096222670215|1577096314012864|91342649|1585583158|00098084
1585583053-0016-000|1577097322566865|1577097367993262|45426397|1585583159|00060113
1585583053-0016-000|1577098442589960|1577098529599245|87009285|1585583160|00155476
1585583053-0016-000|1577099542094906|1577099676676175|134581269|1585583161|00152002
1585583053-0016-000|1577100725723304|1577100858539162|132815858|1585583162|00174642
1585583053-0016-000|1577101877409737|1577102015182374|137772637|1585583163|00158392
