1585593086-0076-000|8341358220348|8341577984569|219764221|1585593088|01336269
1585593086-0076-000|8341358220348|8341577984569|219764221|1585593088|00001087
1585593086-0076-000|8341358220348|8341577984569|219764221|1585593088|00001195
1585593086-0076-000|8341358220348|8341577984569|219764221|1585593088|00001112
1585593086-0076-000|8341358220348|8341577984569|219764221|1585593088|00001103
1585593086-0076-000|8341358220348|8341577984569|219764221|1585593088|00001209
1585593086-0076-000|8341358220348|8341577984569|219764221|1585593088|00000905
1585593086-0076-000|8341358220348|8341577984569|219764221|1585593088|00001041
1585593086-0076-000|8341358220348|8341577984569|219764221|1585593088|00001056
1585593086-0076-000|8341358220348|8341577984569|219764221|1585593088|00001176
1585593086-0076-000|8341358220348|8341577984569|219764221|1585593088|00000969
1585593086-0076-000|8341358220348|8341577984569|219764221|1585593088|00001125
1585593086-0076-000|8341358220348|8341577984569|219764221|1585593088|00001093
1585593086-0076-000|8341358220348|8341577984569|219764221|1585593088|00001143
1585593086-0076-000|8341358220348|8341577984569|219764221|1585593088|00001159
1585593086-0076-000|8341358220348|8341577984569|219764221|1585593088|00001218
1585593086-0076-000|8341358220348|8341577984569|219764221|1585593088|00001201
1585593086-0076-000|8341358220348|8341577984569|219764221|1585593088|00001047
1585593086-0076-000|8341358220348|8341577984569|219764221|1585593088|00001100
1585593086-0076-000|8341358220348|8341577984569|219764221|1585593088|00001133
1585593086-0076-000|8341358220348|8341577984569|219764221|1585593088|00001207
1585593086-0076-000|8341358220348|8341577984569|219764221|1585593088|00001347
1585593086-0076-000|8341358220348|8341577984569|219764221|1585593088|00001163
1585593086-0076-000|8341358220348|8341577984569|219764221|1585593088|00001125
1585593086-0076-000|8341358220348|8341577984569|219764221|1585593088|00001007
1585593086-0076-000|8341358220348|8341577984569|219764221|1585593088|00001164
1585593086-0076-000|8341358220348|8341577984569|219764221|1585593088|00001505
1585593086-0076-000|8341358220348|8341577984569|219764221|1585593088|00001097
1585593086-0076-000|8341358220348|8341577984569|219764221|1585593088|00001517
1585593086-0076-000|8341358220348|8341577984569|219764221|1585593088|00001144
1585593086-0076-000|8341358220348|8341577984569|219764221|1585593088|00001452
1585593086-0076-000|8341358220348|8341577984569|219764221|1585593088|00001065
1585593086-0076-000|8341358220348|8341577984569|219764221|1585593088|00001498
1585593086-0076-000|8341358220348|8341577984569|219764221|1585593088|00001260
1585593086-0076-000|8341358220348|8341577984569|219764221|1585593088|00001152
1585593086-0076-000|8341358220348|8341577984569|219764221|1585593088|00001317
1585593086-0076-000|8341358220348|8341577984569|219764221|1585593088|00001148
1585593086-0076-000|8341358220348|8341577984569|219764221|1585593088|00001054
1585593086-0076-000|8341358220348|8341577984569|219764221|1585593088|00001104
1585593086-0076-000|8341358220348|8341577984569|219764221|1585593088|00001189
1585593086-0076-000|8341358220348|8341577984569|219764221|1585593088|00004913
1585593086-0076-000|8341358220348|8341577984569|219764221|1585593088|00001466
1585593086-0076-000|8341358220348|8341577984569|219764221|1585593088|00001257
1585593086-0076-000|8341358220348|8341577984569|219764221|1585593088|00001571
1585593086-0076-000|8341358220348|8341577984569|219764221|1585593088|00001401
1585593086-0076-000|8341358220348|8341577984569|219764221|1585593088|00001212
1585593086-0076-000|8341358220348|8341577984569|219764221|1585593088|00001214
1585593086-0076-000|8341358220348|8341577984569|219764221|1585593088|00001419
1585593086-0076-000|8341358220348|8341577984569|219764221|1585593088|00001367
1585593086-0076-000|8341358220348|8341577984569|219764221|1585593088|00001073
1585593086-0076-000|8341358220348|8341577984569|219764221|1585593088|00001187
1585593086-0076-000|8341358220348|8341577984569|219764221|1585593088|00001408
1585593086-0076-000|8341358220348|8341577984569|219764221|1585593088|00002995
1585593086-0076-000|8341358220348|8341577984569|219764221|1585593088|00001281
1585593086-0076-000|8341358220348|8341577984569|219764221|1585593088|00001461
1585593086-0076-000|8341358220348|8341577984569|219764221|1585593088|00001115
1585593086-0076-000|8341358220348|8341577984569|219764221|1585593088|00001191
1585593086-0076-000|8341358220348|8341577984569|219764221|1585593088|00001295
1585593086-0076-000|8341358220348|8341577984569|219764221|1585593088|00004360
1585593086-0076-000|8341358220348|8341577984569|219764221|1585593088|00001398
1585593086-0076-000|8341358220348|8341577984569|219764221|1585593088|00001040
1585593086-0076-000|8341358220348|8341577984569|219764221|1585593088|00001371
1585593086-0076-000|8341358220348|8341577984569|219764221|1585593088|00001426
1585593086-0076-000|8341358220348|8341577984569|219764221|1585593088|00001152
1585593086-0076-000|8341358220348|8341577984569|219764221|1585593088|00001281
1585593086-0076-000|8341358220348|8341577984569|219764221|1585593088|00001102
1585593086-0076-000|8341358220348|8341577984569|219764221|1585593088|00001220
1585593086-0076-000|8341358220348|8341577984569|219764221|1585593088|00001119
1585593086-0076-000|8341358220348|8341577984569|219764221|1585593088|00001377
1585593086-0076-000|8341358220348|8341577984569|219764221|1585593088|00001498
1585593086-0076-000|8341358220348|8341577984569|219764221|1585593088|00001376
1585593086-0076-000|8341358220348|8341577984569|219764221|1585593088|00001086
1585593086-0076-000|8341358220348|8341577984569|219764221|1585593088|00001224
1585593086-0076-000|8341358220348|8341577984569|219764221|1585593088|00001103
1585593086-0076-000|8341358220348|8341577984569|219764221|1585593088|00001155
1585593086-0076-000|8341358220348|8341577984569|219764221|1585593088|00004363
1585593086-0076-000|8341358220348|8341577984569|219764221|1585593088|00001189
1585593086-0076-000|8341358220348|8341577984569|219764221|1585593088|00001308
1585593086-0076-000|8341358220348|8341577984569|219764221|1585593088|00001034
1585593086-0076-000|8341358220348|8341577984569|219764221|1585593088|00001377
1585593086-0076-000|8341358220348|8341577984569|219764221|1585593088|00001063
1585593086-0076-000|8341358220348|8341577984569|219764221|1585593088|00001114
1585593086-0076-000|8341358220348|8341577984569|219764221|1585593088|00001081
1585593086-0076-000|8341358220348|8341577984569|219764221|1585593088|00001525
1585593086-0076-000|8341358220348|8341577984569|219764221|1585593088|00001293
1585593086-0076-000|8341358220348|8341577984569|219764221|1585593088|00001415
1585593086-0076-000|8341358220348|8341577984569|219764221|1585593088|00001202
1585593086-0076-000|8341358220348|8341577984569|219764221|1585593088|00001540
1585593086-0076-000|8341358220348|8341577984569|219764221|1585593088|00001061
1585593086-0076-000|8341358220348|8341577984569|219764221|1585593088|00001172
1585593086-0076-000|8341358220348|8341577984569|219764221|1585593088|00001051
1585593086-0076-000|8341358220348|8341577984569|219764221|1585593088|00001112
1585593086-0076-000|8341358220348|8341577984569|219764221|1585593088|00001101
1585593086-0076-000|8341358220348|8341577984569|219764221|1585593088|00000967
1585593086-0076-000|8341358220348|8341577984569|219764221|1585593088|00001004
1585593086-0076-000|8341358220348|8341577984569|219764221|1585593088|00001115
1585593086-0076-000|8341358220348|8341577984569|219764221|1585593088|00001224
1585593086-0076-000|8341358220348|8341577984569|219764221|1585593088|00001131
1585593086-0076-000|8341358220348|8341577984569|219764221|1585593088|00001170
1585593086-0076-000|8341358220348|8341577984569|219764221|1585593088|00001302
