1585593086-0111-000|8346019598422|8346164176295|144577873|1585593093|05828108
1585593086-0111-000|8346019598422|8346164176295|144577873|1585593093|00001109
1585593086-0111-000|8346019598422|8346164176295|144577873|1585593093|00000934
1585593086-0111-000|8346019598422|8346164176295|144577873|1585593093|00000982
1585593086-0111-000|8346019598422|8346164176295|144577873|1585593093|00001154
1585593086-0111-000|8346019598422|8346164176295|144577873|1585593093|00001125
1585593086-0111-000|8346019598422|8346164176295|144577873|1585593093|00001009
1585593086-0111-000|8346019598422|8346164176295|144577873|1585593093|00001082
1585593086-0111-000|8346019598422|8346164176295|144577873|1585593093|00001033
1585593086-0111-000|8346019598422|8346164176295|144577873|1585593093|00001064
1585593086-0111-000|8346019598422|8346164176295|144577873|1585593093|00000874
1585593086-0111-000|8346019598422|8346164176295|144577873|1585593093|00000982
1585593086-0111-000|8346019598422|8346164176295|144577873|1585593093|00001150
1585593086-0111-000|8346019598422|8346164176295|144577873|1585593093|00001066
1585593086-0111-000|8346019598422|8346164176295|144577873|1585593093|00001056
1585593086-0111-000|8346019598422|8346164176295|144577873|1585593093|00001024
1585593086-0111-000|8346019598422|8346164176295|144577873|1585593093|00000999
1585593086-0111-000|8346019598422|8346164176295|144577873|1585593093|00001099
1585593086-0111-000|8346019598422|8346164176295|144577873|1585593093|00001016
1585593086-0111-000|8346019598422|8346164176295|144577873|1585593093|00001091
1585593086-0111-000|8346019598422|8346164176295|144577873|1585593093|00001082
1585593086-0111-000|8346019598422|8346164176295|144577873|1585593093|00001518
1585593086-0111-000|8346019598422|8346164176295|144577873|1585593093|00001316
1585593086-0111-000|8346019598422|8346164176295|144577873|1585593093|00001098
1585593086-0111-000|8346019598422|8346164176295|144577873|1585593093|00001019
1585593086-0111-000|8346019598422|8346164176295|144577873|1585593093|00001390
1585593086-0111-000|8346019598422|8346164176295|144577873|1585593093|00001412
1585593086-0111-000|8346019598422|8346164176295|144577873|1585593093|00001317
1585593086-0111-000|8346019598422|8346164176295|144577873|1585593093|00001094
1585593086-0111-000|8346019598422|8346164176295|144577873|1585593093|00001101
1585593086-0111-000|8346019598422|8346164176295|144577873|1585593093|00001041
1585593086-0111-000|8346019598422|8346164176295|144577873|1585593093|01029457
1585593086-0111-000|8346019598422|8346164176295|144577873|1585593093|00001504
1585593086-0111-000|8346019598422|8346164176295|144577873|1585593093|00000928
1585593086-0111-000|8346019598422|8346164176295|144577873|1585593093|00001175
1585593086-0111-000|8346019598422|8346164176295|144577873|1585593093|00001286
1585593086-0111-000|8346019598422|8346164176295|144577873|1585593093|00001235
1585593086-0111-000|8346019598422|8346164176295|144577873|1585593093|00001673
1585593086-0111-000|8346019598422|8346164176295|144577873|1585593093|00000941
1585593086-0111-000|8346019598422|8346164176295|144577873|1585593093|00007599
1585593086-0111-000|8346019598422|8346164176295|144577873|1585593093|00001332
1585593086-0111-000|8346019598422|8346164176295|144577873|1585593093|00001524
1585593086-0111-000|8346019598422|8346164176295|144577873|1585593093|00001565
1585593086-0111-000|8346019598422|8346164176295|144577873|1585593093|00003187
1585593086-0111-000|8346019598422|8346164176295|144577873|1585593093|00001302
1585593086-0111-000|8346019598422|8346164176295|144577873|1585593093|00001128
1585593086-0111-000|8346019598422|8346164176295|144577873|1585593093|00001538
1585593086-0111-000|8346019598422|8346164176295|144577873|1585593093|00001314
1585593086-0111-000|8346019598422|8346164176295|144577873|1585593093|00001255
1585593086-0111-000|8346019598422|8346164176295|144577873|1585593093|00001285
1585593086-0111-000|8346019598422|8346164176295|144577873|1585593093|00001198
1585593086-0111-000|8346019598422|8346164176295|144577873|1585593093|00001252
1585593086-0111-000|8346019598422|8346164176295|144577873|1585593093|00000978
1585593086-0111-000|8346019598422|8346164176295|144577873|1585593093|00001102
1585593086-0111-000|8346019598422|8346164176295|144577873|1585593093|00001078
1585593086-0111-000|8346019598422|8346164176295|144577873|1585593093|01012979
1585593086-0111-000|8346019598422|8346164176295|144577873|1585593093|00001221
1585593086-0111-000|8346019598422|8346164176295|144577873|1585593093|00001121
1585593086-0111-000|8346019598422|8346164176295|144577873|1585593093|00001297
1585593086-0111-000|8346019598422|8346164176295|144577873|1585593093|00001832
1585593086-0111-000|8346019598422|8346164176295|144577873|1585593093|00001182
1585593086-0111-000|8346019598422|8346164176295|144577873|1585593093|00001794
1585593086-0111-000|8346019598422|8346164176295|144577873|1585593093|01015523
1585593086-0111-000|8346019598422|8346164176295|144577873|1585593093|00001558
1585593086-0111-000|8346019598422|8346164176295|144577873|1585593093|00001703
1585593086-0111-000|8346019598422|8346164176295|144577873|1585593093|00001718
1585593086-0111-000|8346019598422|8346164176295|144577873|1585593093|00002395
1585593086-0111-000|8346019598422|8346164176295|144577873|1585593093|00002715
1585593086-0111-000|8346019598422|8346164176295|144577873|1585593093|00001534
1585593086-0111-000|8346019598422|8346164176295|144577873|1585593093|00001171
1585593086-0111-000|8346019598422|8346164176295|144577873|1585593093|00000943
1585593086-0111-000|8346019598422|8346164176295|144577873|1585593093|00002429
1585593086-0111-000|8346019598422|8346164176295|144577873|1585593093|00002989
1585593086-0111-000|8346019598422|8346164176295|144577873|1585593093|00001314
1585593086-0111-000|8346019598422|8346164176295|144577873|1585593093|00001252
1585593086-0111-000|8346019598422|8346164176295|144577873|1585593093|00001279
1585593086-0111-000|8346019598422|8346164176295|144577873|1585593093|00001344
1585593086-0111-000|8346019598422|8346164176295|144577873|1585593093|00001236
1585593086-0111-000|8346019598422|8346164176295|144577873|1585593093|00001279
1585593086-0111-000|8346019598422|8346164176295|144577873|1585593093|00001464
1585593086-0111-000|8346019598422|8346164176295|144577873|1585593093|00001924
1585593086-0111-000|8346019598422|8346164176295|144577873|1585593093|00002033
1585593086-0111-000|8346019598422|8346164176295|144577873|1585593093|00001247
1585593086-0111-000|8346019598422|8346164176295|144577873|1585593093|00001328
1585593086-0111-000|8346019598422|8346164176295|144577873|1585593093|00001365
1585593086-0111-000|8346019598422|8346164176295|144577873|1585593093|00002084
1585593086-0111-000|8346019598422|8346164176295|144577873|1585593093|00001376
1585593086-0111-000|8346019598422|8346164176295|144577873|1585593093|00001403
1585593086-0111-000|8346019598422|8346164176295|144577873|1585593093|00001498
1585593086-0111-000|8346019598422|8346164176295|144577873|1585593093|00004406
1585593086-0111-000|8346019598422|8346164176295|144577873|1585593093|00001299
1585593086-0111-000|8346019598422|8346164176295|144577873|1585593093|00001957
1585593086-0111-000|8346019598422|8346164176295|144577873|1585593093|00001340
1585593086-0111-000|8346019598422|8346164176295|144577873|1585593093|00001337
1585593086-0111-000|8346019598422|8346164176295|144577873|1585593093|00002781
1585593086-0111-000|8346019598422|8346164176295|144577873|1585593093|00001367
1585593086-0111-000|8346019598422|8346164176295|144577873|1585593093|00001044
1585593086-0111-000|8346019598422|8346164176295|144577873|1585593093|00001125
1585593086-0111-000|8346019598422|8346164176295|144577873|1585593093|00001568
1585593086-0111-000|8346019598422|8346164176295|144577873|1585593093|00001068
