1585593086-0091-000|8345656929870|8345786781276|129851406|1585593092|05462724
1585593086-0091-000|8345656929870|8345786781276|129851406|1585593092|00001257
1585593086-0091-000|8345656929870|8345786781276|129851406|1585593092|00001125
1585593086-0091-000|8345656929870|8345786781276|129851406|1585593092|00001219
1585593086-0091-000|8345656929870|8345786781276|129851406|1585593092|00001160
1585593086-0091-000|8345656929870|8345786781276|129851406|1585593092|00001048
1585593086-0091-000|8345656929870|8345786781276|129851406|1585593092|00001092
1585593086-0091-000|8345656929870|8345786781276|129851406|1585593092|00001155
1585593086-0091-000|8345656929870|8345786781276|129851406|1585593092|00001056
1585593086-0091-000|8345656929870|8345786781276|129851406|1585593092|00001315
1585593086-0091-000|8345656929870|8345786781276|129851406|1585593092|00001254
1585593086-0091-000|8345656929870|8345786781276|129851406|1585593092|00001338
1585593086-0091-000|8345656929870|8345786781276|129851406|1585593092|00001064
1585593086-0091-000|8345656929870|8345786781276|129851406|1585593092|00002028
1585593086-0091-000|8345656929870|8345786781276|129851406|1585593092|00001559
1585593086-0091-000|8345656929870|8345786781276|129851406|1585593092|00001477
1585593086-0091-000|8345656929870|8345786781276|129851406|1585593092|00001423
1585593086-0091-000|8345656929870|8345786781276|129851406|1585593092|00001013
1585593086-0091-000|8345656929870|8345786781276|129851406|1585593092|00001146
1585593086-0091-000|8345656929870|8345786781276|129851406|1585593092|00001169
1585593086-0091-000|8345656929870|8345786781276|129851406|1585593092|00001282
1585593086-0091-000|8345656929870|8345786781276|129851406|1585593092|00001122
1585593086-0091-000|8345656929870|8345786781276|129851406|1585593092|00001399
1585593086-0091-000|8345656929870|8345786781276|129851406|1585593092|00003936
1585593086-0091-000|8345656929870|8345786781276|129851406|1585593092|00003614
1585593086-0091-000|8345656929870|8345786781276|129851406|1585593092|00002063
1585593086-0091-000|8345656929870|8345786781276|129851406|1585593092|00001240
1585593086-0091-000|8345656929870|8345786781276|129851406|1585593092|00004903
1585593086-0091-000|8345656929870|8345786781276|129851406|1585593092|00002138
1585593086-0091-000|8345656929870|8345786781276|129851406|1585593092|01004643
1585593086-0091-000|8345656929870|8345786781276|129851406|1585593092|00001068
1585593086-0091-000|8345656929870|8345786781276|129851406|1585593092|00001157
1585593086-0091-000|8345656929870|8345786781276|129851406|1585593092|00001096
1585593086-0091-000|8345656929870|8345786781276|129851406|1585593092|00000971
1585593086-0091-000|8345656929870|8345786781276|129851406|1585593092|00001092
1585593086-0091-000|8345656929870|8345786781276|129851406|1585593092|00000928
1585593086-0091-000|8345656929870|8345786781276|129851406|1585593092|00001448
1585593086-0091-000|8345656929870|8345786781276|129851406|1585593092|00001037
1585593086-0091-000|8345656929870|8345786781276|129851406|1585593092|00001161
1585593086-0091-000|8345656929870|8345786781276|129851406|1585593092|00001262
1585593086-0091-000|8345656929870|8345786781276|129851406|1585593092|00001014
1585593086-0091-000|8345656929870|8345786781276|129851406|1585593092|00001495
1585593086-0091-000|8345656929870|8345786781276|129851406|1585593092|00001097
1585593086-0091-000|8345656929870|8345786781276|129851406|1585593092|00001183
1585593086-0091-000|8345656929870|8345786781276|129851406|1585593092|00001070
1585593086-0091-000|8345656929870|8345786781276|129851406|1585593092|00001225
1585593086-0091-000|8345656929870|8345786781276|129851406|1585593092|00001016
1585593086-0091-000|8345656929870|8345786781276|129851406|1585593092|00001257
1585593086-0091-000|8345656929870|8345786781276|129851406|1585593092|00001169
1585593086-0091-000|8345656929870|8345786781276|129851406|1585593092|00001294
1585593086-0091-000|8345656929870|8345786781276|129851406|1585593092|00001591
1585593086-0091-000|8345656929870|8345786781276|129851406|1585593092|00001584
1585593086-0091-000|8345656929870|8345786781276|129851406|1585593092|00001350
1585593086-0091-000|8345656929870|8345786781276|129851406|1585593092|00001353
1585593086-0091-000|8345656929870|8345786781276|129851406|1585593092|00001068
1585593086-0091-000|8345656929870|8345786781276|129851406|1585593092|00001365
1585593086-0091-000|8345656929870|8345786781276|129851406|1585593092|00001720
1585593086-0091-000|8345656929870|8345786781276|129851406|1585593092|00001872
1585593086-0091-000|8345656929870|8345786781276|129851406|1585593092|01018683
1585593086-0091-000|8345656929870|8345786781276|129851406|1585593092|00001320
1585593086-0091-000|8345656929870|8345786781276|129851406|1585593092|00001138
1585593086-0091-000|8345656929870|8345786781276|129851406|1585593092|00001224
1585593086-0091-000|8345656929870|8345786781276|129851406|1585593092|00001076
1585593086-0091-000|8345656929870|8345786781276|129851406|1585593092|00001552
1585593086-0091-000|8345656929870|8345786781276|129851406|1585593092|00001724
1585593086-0091-000|8345656929870|8345786781276|129851406|1585593092|00001211
1585593086-0091-000|8345656929870|8345786781276|129851406|1585593092|00001380
1585593086-0091-000|8345656929870|8345786781276|129851406|1585593092|00001446
1585593086-0091-000|8345656929870|8345786781276|129851406|1585593092|00001269
1585593086-0091-000|8345656929870|8345786781276|129851406|1585593092|00001549
1585593086-0091-000|8345656929870|8345786781276|129851406|1585593092|00001461
1585593086-0091-000|8345656929870|8345786781276|129851406|1585593092|00001161
1585593086-0091-000|8345656929870|8345786781276|129851406|1585593092|00002713
1585593086-0091-000|8345656929870|8345786781276|129851406|1585593092|00001397
1585593086-0091-000|8345656929870|8345786781276|129851406|1585593092|00001297
1585593086-0091-000|8345656929870|8345786781276|129851406|1585593092|00002322
1585593086-0091-000|8345656929870|8345786781276|129851406|1585593092|00001442
1585593086-0091-000|8345656929870|8345786781276|129851406|1585593092|00001077
1585593086-0091-000|8345656929870|8345786781276|129851406|1585593092|00001311
1585593086-0091-000|8345656929870|8345786781276|129851406|1585593092|00002144
1585593086-0091-000|8345656929870|8345786781276|129851406|1585593092|00001228
1585593086-0091-000|8345656929870|8345786781276|129851406|1585593092|00001563
1585593086-0091-000|8345656929870|8345786781276|129851406|1585593092|00001314
1585593086-0091-000|8345656929870|8345786781276|129851406|1585593092|00001427
1585593086-0091-000|8345656929870|8345786781276|129851406|1585593092|00001203
1585593086-0091-000|8345656929870|8345786781276|129851406|1585593092|00002321
1585593086-0091-000|8345656929870|8345786781276|129851406|1585593092|00002452
1585593086-0091-000|8345656929870|8345786781276|129851406|1585593092|00003154
1585593086-0091-000|8345656929870|8345786781276|129851406|1585593092|00001455
1585593086-0091-000|8345656929870|8345786781276|129851406|1585593092|00001220
1585593086-0091-000|8345656929870|8345786781276|129851406|1585593092|00001660
1585593086-0091-000|8345656929870|8345786781276|129851406|1585593092|00001535
1585593086-0091-000|8345656929870|8345786781276|129851406|1585593092|00001724
1585593086-0091-000|8345656929870|8345786781276|129851406|1585593092|00001472
1585593086-0091-000|8345656929870|8345786781276|129851406|1585593092|00001654
1585593086-0091-000|8345656929870|8345786781276|129851406|1585593092|00001265
1585593086-0091-000|8345656929870|8345786781276|129851406|1585593092|00001452
1585593086-0091-000|8345656929870|8345786781276|129851406|1585593092|00001695
1585593086-0091-000|8345656929870|8345786781276|129851406|1585593092|00001329
1585593086-0091-000|8345656929870|8345786781276|129851406|1585593092|00001184
