1585593086-0036-000|8345826900290|8345992761581|165861291|1585593092|05667508
1585593086-0036-000|8345826900290|8345992761581|165861291|1585593092|00001369
1585593086-0036-000|8345826900290|8345992761581|165861291|1585593092|00001216
1585593086-0036-000|8345826900290|8345992761581|165861291|1585593092|00001088
1585593086-0036-000|8345826900290|8345992761581|165861291|1585593092|00001156
1585593086-0036-000|8345826900290|8345992761581|165861291|1585593092|00001055
1585593086-0036-000|8345826900290|8345992761581|165861291|1585593092|00001511
1585593086-0036-000|8345826900290|8345992761581|165861291|1585593092|00001396
1585593086-0036-000|8345826900290|8345992761581|165861291|1585593092|00001013
1585593086-0036-000|8345826900290|8345992761581|165861291|1585593092|00001319
1585593086-0036-000|8345826900290|8345992761581|165861291|1585593092|00001757
1585593086-0036-000|8345826900290|8345992761581|165861291|1585593092|00004221
1585593086-0036-000|8345826900290|8345992761581|165861291|1585593092|01018897
1585593086-0036-000|8345826900290|8345992761581|165861291|1585593092|01027643
1585593086-0036-000|8345826900290|8345992761581|165861291|1585593092|00001505
1585593086-0036-000|8345826900290|8345992761581|165861291|1585593092|00003747
1585593086-0036-000|8345826900290|8345992761581|165861291|1585593092|00001574
1585593086-0036-000|8345826900290|8345992761581|165861291|1585593092|00017247
1585593086-0036-000|8345826900290|8345992761581|165861291|1585593092|00001540
1585593086-0036-000|8345826900290|8345992761581|165861291|1585593092|00001948
1585593086-0036-000|8345826900290|8345992761581|165861291|1585593092|00001115
1585593086-0036-000|8345826900290|8345992761581|165861291|1585593092|00001439
1585593086-0036-000|8345826900290|8345992761581|165861291|1585593092|00001469
1585593086-0036-000|8345826900290|8345992761581|165861291|1585593092|00001643
1585593086-0036-000|8345826900290|8345992761581|165861291|1585593092|00001538
1585593086-0036-000|8345826900290|8345992761581|165861291|1585593092|00002647
1585593086-0036-000|8345826900290|8345992761581|165861291|1585593092|00003510
1585593086-0036-000|8345826900290|8345992761581|165861291|1585593092|00003573
1585593086-0036-000|8345826900290|8345992761581|165861291|1585593092|00004653
1585593086-0036-000|8345826900290|8345992761581|165861291|1585593092|00001731
1585593086-0036-000|8345826900290|8345992761581|165861291|1585593092|00001315
1585593086-0036-000|8345826900290|8345992761581|165861291|1585593092|00001860
1585593086-0036-000|8345826900290|8345992761581|165861291|1585593092|00000985
1585593086-0036-000|8345826900290|8345992761581|165861291|1585593092|01027033
1585593086-0036-000|8345826900290|8345992761581|165861291|1585593092|00001277
1585593086-0036-000|8345826900290|8345992761581|165861291|1585593092|00001076
1585593086-0036-000|8345826900290|8345992761581|165861291|1585593092|00001766
1585593086-0036-000|8345826900290|8345992761581|165861291|1585593092|00001157
1585593086-0036-000|8345826900290|8345992761581|165861291|1585593092|00000957
1585593086-0036-000|8345826900290|8345992761581|165861291|1585593092|00001215
1585593086-0036-000|8345826900290|8345992761581|165861291|1585593092|00001449
1585593086-0036-000|8345826900290|8345992761581|165861291|1585593092|00001110
1585593086-0036-000|8345826900290|8345992761581|165861291|1585593092|00001169
1585593086-0036-000|8345826900290|8345992761581|165861291|1585593092|00001002
1585593086-0036-000|8345826900290|8345992761581|165861291|1585593092|00001018
1585593086-0036-000|8345826900290|8345992761581|165861291|1585593092|00000894
1585593086-0036-000|8345826900290|8345992761581|165861291|1585593092|00001061
1585593086-0036-000|8345826900290|8345992761581|165861291|1585593092|00000861
1585593086-0036-000|8345826900290|8345992761581|165861291|1585593092|00001055
1585593086-0036-000|8345826900290|8345992761581|165861291|1585593092|01005737
1585593086-0036-000|8345826900290|8345992761581|165861291|1585593092|00001449
1585593086-0036-000|8345826900290|8345992761581|165861291|1585593092|00001771
1585593086-0036-000|8345826900290|8345992761581|165861291|1585593092|00001621
1585593086-0036-000|8345826900290|8345992761581|165861291|1585593092|00001878
1585593086-0036-000|8345826900290|8345992761581|165861291|1585593092|00001818
1585593086-0036-000|8345826900290|8345992761581|165861291|1585593092|00001518
1585593086-0036-000|8345826900290|8345992761581|165861291|1585593092|00002145
1585593086-0036-000|8345826900290|8345992761581|165861291|1585593092|00001324
1585593086-0036-000|8345826900290|8345992761581|165861291|1585593092|00001546
1585593086-0036-000|8345826900290|8345992761581|165861291|1585593092|00001232
1585593086-0036-000|8345826900290|8345992761581|165861291|1585593092|00001210
1585593086-0036-000|8345826900290|8345992761581|165861291|1585593092|00007786
1585593086-0036-000|8345826900290|8345992761581|165861291|1585593092|00002919
1585593086-0036-000|8345826900290|8345992761581|165861291|1585593092|00001596
1585593086-0036-000|8345826900290|8345992761581|165861291|1585593092|00002641
1585593086-0036-000|8345826900290|8345992761581|165861291|1585593092|00001700
1585593086-0036-000|8345826900290|8345992761581|165861291|1585593092|00001388
1585593086-0036-000|8345826900290|8345992761581|165861291|1585593092|00001636
1585593086-0036-000|8345826900290|8345992761581|165861291|1585593092|00001202
1585593086-0036-000|8345826900290|8345992761581|165861291|1585593092|00001150
1585593086-0036-000|8345826900290|8345992761581|165861291|1585593092|00001286
1585593086-0036-000|8345826900290|8345992761581|165861291|1585593092|00002163
1585593086-0036-000|8345826900290|8345992761581|165861291|1585593092|00001039
1585593086-0036-000|8345826900290|8345992761581|165861291|1585593092|00007095
1585593086-0036-000|8345826900290|8345992761581|165861291|1585593092|00003608
1585593086-0036-000|8345826900290|8345992761581|165861291|1585593092|00001584
1585593086-0036-000|8345826900290|8345992761581|165861291|1585593092|00001540
1585593086-0036-000|8345826900290|8345992761581|165861291|1585593092|00001323
1585593086-0036-000|8345826900290|8345992761581|165861291|1585593092|00002677
1585593086-0036-000|8345826900290|8345992761581|165861291|1585593092|00002221
1585593086-0036-000|8345826900290|8345992761581|165861291|1585593092|00001517
1585593086-0036-000|8345826900290|8345992761581|165861291|1585593092|00002334
1585593086-0036-000|8345826900290|8345992761581|165861291|1585593092|00001620
1585593086-0036-000|8345826900290|8345992761581|165861291|1585593092|00001366
1585593086-0036-000|8345826900290|8345992761581|165861291|1585593092|00001893
1585593086-0036-000|8345826900290|8345992761581|165861291|1585593092|00001247
1585593086-0036-000|8345826900290|8345992761581|165861291|1585593092|00001947
1585593086-0036-000|8345826900290|8345992761581|165861291|1585593092|00001851
1585593086-0036-000|8345826900290|8345992761581|165861291|1585593092|00001473
1585593086-0036-000|8345826900290|8345992761581|165861291|1585593092|00001357
1585593086-0036-000|8345826900290|8345992761581|165861291|1585593092|00001331
1585593086-0036-000|8345826900290|8345992761581|165861291|1585593092|00001090
1585593086-0036-000|8345826900290|8345992761581|165861291|1585593092|00001061
1585593086-0036-000|8345826900290|8345992761581|165861291|1585593092|00001228
1585593086-0036-000|8345826900290|8345992761581|165861291|1585593092|00001384
1585593086-0036-000|8345826900290|8345992761581|165861291|1585593092|01030649
1585593086-0036-000|8345826900290|8345992761581|165861291|1585593092|00001155
1585593086-0036-000|8345826900290|8345992761581|165861291|1585593092|00001025
1585593086-0036-000|8345826900290|8345992761581|165861291|1585593092|00001175
1585593086-0036-000|8345826900290|8345992761581|165861291|1585593092|00000975
