1585593086-0114-000|8343978305137|8344129023526|150718389|1585593091|03851249
1585593086-0114-000|8343978305137|8344129023526|150718389|1585593091|00001251
1585593086-0114-000|8343978305137|8344129023526|150718389|1585593091|00000930
1585593086-0114-000|8343978305137|8344129023526|150718389|1585593091|00000989
1585593086-0114-000|8343978305137|8344129023526|150718389|1585593091|00000977
1585593086-0114-000|8343978305137|8344129023526|150718389|1585593091|00000956
1585593086-0114-000|8343978305137|8344129023526|150718389|1585593091|00000951
1585593086-0114-000|8343978305137|8344129023526|150718389|1585593091|00000974
1585593086-0114-000|8343978305137|8344129023526|150718389|1585593091|00000903
1585593086-0114-000|8343978305137|8344129023526|150718389|1585593091|00000931
1585593086-0114-000|8343978305137|8344129023526|150718389|1585593091|00000936
1585593086-0114-000|8343978305137|8344129023526|150718389|1585593091|00000984
1585593086-0114-000|8343978305137|8344129023526|150718389|1585593091|00001034
1585593086-0114-000|8343978305137|8344129023526|150718389|1585593091|00001144
1585593086-0114-000|8343978305137|8344129023526|150718389|1585593091|00001027
1585593086-0114-000|8343978305137|8344129023526|150718389|1585593091|00000978
1585593086-0114-000|8343978305137|8344129023526|150718389|1585593091|00000963
1585593086-0114-000|8343978305137|8344129023526|150718389|1585593091|00001063
1585593086-0114-000|8343978305137|8344129023526|150718389|1585593091|00001064
1585593086-0114-000|8343978305137|8344129023526|150718389|1585593091|00000917
1585593086-0114-000|8343978305137|8344129023526|150718389|1585593091|00000995
1585593086-0114-000|8343978305137|8344129023526|150718389|1585593091|00000974
1585593086-0114-000|8343978305137|8344129023526|150718389|1585593091|00001083
1585593086-0114-000|8343978305137|8344129023526|150718389|1585593091|00000928
1585593086-0114-000|8343978305137|8344129023526|150718389|1585593091|00000952
1585593086-0114-000|8343978305137|8344129023526|150718389|1585593091|00001068
1585593086-0114-000|8343978305137|8344129023526|150718389|1585593091|00001092
1585593086-0114-000|8343978305137|8344129023526|150718389|1585593091|00001095
1585593086-0114-000|8343978305137|8344129023526|150718389|1585593091|00001480
1585593086-0114-000|8343978305137|8344129023526|150718389|1585593091|00001257
1585593086-0114-000|8343978305137|8344129023526|150718389|1585593091|00001127
1585593086-0114-000|8343978305137|8344129023526|150718389|1585593091|00001104
1585593086-0114-000|8343978305137|8344129023526|150718389|1585593091|00000965
1585593086-0114-000|8343978305137|8344129023526|150718389|1585593091|00001254
1585593086-0114-000|8343978305137|8344129023526|150718389|1585593091|00001132
1585593086-0114-000|8343978305137|8344129023526|150718389|1585593091|00001164
1585593086-0114-000|8343978305137|8344129023526|150718389|1585593091|00001129
1585593086-0114-000|8343978305137|8344129023526|150718389|1585593091|00000911
1585593086-0114-000|8343978305137|8344129023526|150718389|1585593091|00001045
1585593086-0114-000|8343978305137|8344129023526|150718389|1585593091|00001165
1585593086-0114-000|8343978305137|8344129023526|150718389|1585593091|00001099
1585593086-0114-000|8343978305137|8344129023526|150718389|1585593091|00001190
1585593086-0114-000|8343978305137|8344129023526|150718389|1585593091|00001145
1585593086-0114-000|8343978305137|8344129023526|150718389|1585593091|00001090
1585593086-0114-000|8343978305137|8344129023526|150718389|1585593091|00001164
1585593086-0114-000|8343978305137|8344129023526|150718389|1585593091|00000942
1585593086-0114-000|8343978305137|8344129023526|150718389|1585593091|00001000
1585593086-0114-000|8343978305137|8344129023526|150718389|1585593091|00000904
1585593086-0114-000|8343978305137|8344129023526|150718389|1585593091|00000982
1585593086-0114-000|8343978305137|8344129023526|150718389|1585593091|00001214
1585593086-0114-000|8343978305137|8344129023526|150718389|1585593091|00001164
1585593086-0114-000|8343978305137|8344129023526|150718389|1585593091|00000961
1585593086-0114-000|8343978305137|8344129023526|150718389|1585593091|00001031
1585593086-0114-000|8343978305137|8344129023526|150718389|1585593091|00001065
1585593086-0114-000|8343978305137|8344129023526|150718389|1585593091|00000944
1585593086-0114-000|8343978305137|8344129023526|150718389|1585593091|00000904
1585593086-0114-000|8343978305137|8344129023526|150718389|1585593091|00001104
1585593086-0114-000|8343978305137|8344129023526|150718389|1585593091|00001163
1585593086-0114-000|8343978305137|8344129023526|150718389|1585593091|00000966
1585593086-0114-000|8343978305137|8344129023526|150718389|1585593091|00001258
1585593086-0114-000|8343978305137|8344129023526|150718389|1585593091|00001276
1585593086-0114-000|8343978305137|8344129023526|150718389|1585593091|00001026
1585593086-0114-000|8343978305137|8344129023526|150718389|1585593091|00000948
1585593086-0114-000|8343978305137|8344129023526|150718389|1585593091|00001319
1585593086-0114-000|8343978305137|8344129023526|150718389|1585593091|00000884
1585593086-0114-000|8343978305137|8344129023526|150718389|1585593091|01028505
1585593086-0114-000|8343978305137|8344129023526|150718389|1585593091|00001005
1585593086-0114-000|8343978305137|8344129023526|150718389|1585593091|00001005
1585593086-0114-000|8343978305137|8344129023526|150718389|1585593091|00001069
1585593086-0114-000|8343978305137|8344129023526|150718389|1585593091|00001213
1585593086-0114-000|8343978305137|8344129023526|150718389|1585593091|00001083
1585593086-0114-000|8343978305137|8344129023526|150718389|1585593091|00001017
1585593086-0114-000|8343978305137|8344129023526|150718389|1585593091|00000918
1585593086-0114-000|8343978305137|8344129023526|150718389|1585593091|00000999
1585593086-0114-000|8343978305137|8344129023526|150718389|1585593091|00000968
1585593086-0114-000|8343978305137|8344129023526|150718389|1585593091|00001031
1585593086-0114-000|8343978305137|8344129023526|150718389|1585593091|00001021
1585593086-0114-000|8343978305137|8344129023526|150718389|1585593091|00001005
1585593086-0114-000|8343978305137|8344129023526|150718389|1585593091|00001001
1585593086-0114-000|8343978305137|8344129023526|150718389|1585593091|00000966
1585593086-0114-000|8343978305137|8344129023526|150718389|1585593091|00000878
1585593086-0114-000|8343978305137|8344129023526|150718389|1585593091|00001112
1585593086-0114-000|8343978305137|8344129023526|150718389|1585593091|00001137
1585593086-0114-000|8343978305137|8344129023526|150718389|1585593091|00000913
1585593086-0114-000|8343978305137|8344129023526|150718389|1585593091|00001202
1585593086-0114-000|8343978305137|8344129023526|150718389|1585593091|00000941
1585593086-0114-000|8343978305137|8344129023526|150718389|1585593091|00000963
1585593086-0114-000|8343978305137|8344129023526|150718389|1585593091|00001002
1585593086-0114-000|8343978305137|8344129023526|150718389|1585593091|00000930
1585593086-0114-000|8343978305137|8344129023526|150718389|1585593091|00001100
1585593086-0114-000|8343978305137|8344129023526|150718389|1585593091|00000910
1585593086-0114-000|8343978305137|8344129023526|150718389|1585593091|00001031
1585593086-0114-000|8343978305137|8344129023526|150718389|1585593091|00001178
1585593086-0114-000|8343978305137|8344129023526|150718389|1585593091|00001071
1585593086-0114-000|8343978305137|8344129023526|150718389|1585593091|00001304
1585593086-0114-000|8343978305137|8344129023526|150718389|1585593091|00001240
1585593086-0114-000|8343978305137|8344129023526|150718389|1585593091|00001011
1585593086-0114-000|8343978305137|8344129023526|150718389|1585593091|00001113
1585593086-0114-000|8343978305137|8344129023526|150718389|1585593091|00000947
1585593086-0114-000|8343978305137|8344129023526|150718389|1585593091|00001054
