1585593086-0074-000|8344603652718|8344763658474|160005756|1585593091|04467119
1585593086-0074-000|8344603652718|8344763658474|160005756|1585593091|00001072
1585593086-0074-000|8344603652718|8344763658474|160005756|1585593091|00000946
1585593086-0074-000|8344603652718|8344763658474|160005756|1585593091|00001178
1585593086-0074-000|8344603652718|8344763658474|160005756|1585593091|00001107
1585593086-0074-000|8344603652718|8344763658474|160005756|1585593091|00001308
1585593086-0074-000|8344603652718|8344763658474|160005756|1585593091|00001152
1585593086-0074-000|8344603652718|8344763658474|160005756|1585593091|00002686
1585593086-0074-000|8344603652718|8344763658474|160005756|1585593091|00001253
1585593086-0074-000|8344603652718|8344763658474|160005756|1585593091|00003032
1585593086-0074-000|8344603652718|8344763658474|160005756|1585593091|00003759
1585593086-0074-000|8344603652718|8344763658474|160005756|1585593091|00001553
1585593086-0074-000|8344603652718|8344763658474|160005756|1585593091|00001138
1585593086-0074-000|8344603652718|8344763658474|160005756|1585593091|00001047
1585593086-0074-000|8344603652718|8344763658474|160005756|1585593091|00004030
1585593086-0074-000|8344603652718|8344763658474|160005756|1585593091|00001626
1585593086-0074-000|8344603652718|8344763658474|160005756|1585593091|00002480
1585593086-0074-000|8344603652718|8344763658474|160005756|1585593091|00001507
1585593086-0074-000|8344603652718|8344763658474|160005756|1585593091|00001743
1585593086-0074-000|8344603652718|8344763658474|160005756|1585593091|00005113
1585593086-0074-000|8344603652718|8344763658474|160005756|1585593091|00002981
1585593086-0074-000|8344603652718|8344763658474|160005756|1585593091|01028659
1585593086-0074-000|8344603652718|8344763658474|160005756|1585593091|00001356
1585593086-0074-000|8344603652718|8344763658474|160005756|1585593091|01021048
1585593086-0074-000|8344603652718|8344763658474|160005756|1585593091|00001247
1585593086-0074-000|8344603652718|8344763658474|160005756|1585593091|00001145
1585593086-0074-000|8344603652718|8344763658474|160005756|1585593091|00001091
1585593086-0074-000|8344603652718|8344763658474|160005756|1585593091|00001294
1585593086-0074-000|8344603652718|8344763658474|160005756|1585593091|00001299
1585593086-0074-000|8344603652718|8344763658474|160005756|1585593091|00001257
1585593086-0074-000|8344603652718|8344763658474|160005756|1585593091|00001873
1585593086-0074-000|8344603652718|8344763658474|160005756|1585593091|00001191
1585593086-0074-000|8344603652718|8344763658474|160005756|1585593091|00001139
1585593086-0074-000|8344603652718|8344763658474|160005756|1585593091|00001206
1585593086-0074-000|8344603652718|8344763658474|160005756|1585593091|00001758
1585593086-0074-000|8344603652718|8344763658474|160005756|1585593091|00002399
1585593086-0074-000|8344603652718|8344763658474|160005756|1585593091|00001800
1585593086-0074-000|8344603652718|8344763658474|160005756|1585593091|00001100
1585593086-0074-000|8344603652718|8344763658474|160005756|1585593091|00001149
1585593086-0074-000|8344603652718|8344763658474|160005756|1585593091|00001024
1585593086-0074-000|8344603652718|8344763658474|160005756|1585593091|00000973
1585593086-0074-000|8344603652718|8344763658474|160005756|1585593091|00000943
1585593086-0074-000|8344603652718|8344763658474|160005756|1585593091|01030426
1585593086-0074-000|8344603652718|8344763658474|160005756|1585593091|00001132
1585593086-0074-000|8344603652718|8344763658474|160005756|1585593091|00001597
1585593086-0074-000|8344603652718|8344763658474|160005756|1585593091|00002353
1585593086-0074-000|8344603652718|8344763658474|160005756|1585593091|00001007
1585593086-0074-000|8344603652718|8344763658474|160005756|1585593091|00001135
1585593086-0074-000|8344603652718|8344763658474|160005756|1585593091|00002483
1585593086-0074-000|8344603652718|8344763658474|160005756|1585593091|00001270
1585593086-0074-000|8344603652718|8344763658474|160005756|1585593091|00001079
1585593086-0074-000|8344603652718|8344763658474|160005756|1585593091|00001103
1585593086-0074-000|8344603652718|8344763658474|160005756|1585593091|00001057
1585593086-0074-000|8344603652718|8344763658474|160005756|1585593091|00001295
1585593086-0074-000|8344603652718|8344763658474|160005756|1585593091|00001525
1585593086-0074-000|8344603652718|8344763658474|160005756|1585593091|00004419
1585593086-0074-000|8344603652718|8344763658474|160005756|1585593091|00001500
1585593086-0074-000|8344603652718|8344763658474|160005756|1585593091|00001416
1585593086-0074-000|8344603652718|8344763658474|160005756|1585593091|00001148
1585593086-0074-000|8344603652718|8344763658474|160005756|1585593091|00001382
1585593086-0074-000|8344603652718|8344763658474|160005756|1585593091|00001263
1585593086-0074-000|8344603652718|8344763658474|160005756|1585593091|00002777
1585593086-0074-000|8344603652718|8344763658474|160005756|1585593091|00001236
1585593086-0074-000|8344603652718|8344763658474|160005756|1585593091|00001228
1585593086-0074-000|8344603652718|8344763658474|160005756|1585593091|00002222
1585593086-0074-000|8344603652718|8344763658474|160005756|1585593091|00001075
1585593086-0074-000|8344603652718|8344763658474|160005756|1585593091|00001040
1585593086-0074-000|8344603652718|8344763658474|160005756|1585593091|00001355
1585593086-0074-000|8344603652718|8344763658474|160005756|1585593091|00001795
1585593086-0074-000|8344603652718|8344763658474|160005756|1585593091|00002311
1585593086-0074-000|8344603652718|8344763658474|160005756|1585593091|00001504
1585593086-0074-000|8344603652718|8344763658474|160005756|1585593091|00001195
1585593086-0074-000|8344603652718|8344763658474|160005756|1585593091|01008159
1585593086-0074-000|8344603652718|8344763658474|160005756|1585593091|00001359
1585593086-0074-000|8344603652718|8344763658474|160005756|1585593091|00001220
1585593086-0074-000|8344603652718|8344763658474|160005756|1585593091|00001220
1585593086-0074-000|8344603652718|8344763658474|160005756|1585593091|00001061
1585593086-0074-000|8344603652718|8344763658474|160005756|1585593091|00001303
1585593086-0074-000|8344603652718|8344763658474|160005756|1585593091|00001069
1585593086-0074-000|8344603652718|8344763658474|160005756|1585593091|00001037
1585593086-0074-000|8344603652718|8344763658474|160005756|1585593091|00001462
1585593086-0074-000|8344603652718|8344763658474|160005756|1585593091|00001514
1585593086-0074-000|8344603652718|8344763658474|160005756|1585593091|00001459
1585593086-0074-000|8344603652718|8344763658474|160005756|1585593091|00001153
1585593086-0074-000|8344603652718|8344763658474|160005756|1585593091|00001075
1585593086-0074-000|8344603652718|8344763658474|160005756|1585593091|00001711
1585593086-0074-000|8344603652718|8344763658474|160005756|1585593091|00001025
1585593086-0074-000|8344603652718|8344763658474|160005756|1585593091|00001411
1585593086-0074-000|8344603652718|8344763658474|160005756|1585593091|00001079
1585593086-0074-000|8344603652718|8344763658474|160005756|1585593091|00001045
1585593086-0074-000|8344603652718|8344763658474|160005756|1585593091|00001365
1585593086-0074-000|8344603652718|8344763658474|160005756|1585593091|00001893
1585593086-0074-000|8344603652718|8344763658474|160005756|1585593091|00002514
1585593086-0074-000|8344603652718|8344763658474|160005756|1585593091|00001354
1585593086-0074-000|8344603652718|8344763658474|160005756|1585593091|00003442
1585593086-0074-000|8344603652718|8344763658474|160005756|1585593091|00001179
1585593086-0074-000|8344603652718|8344763658474|160005756|1585593091|00002445
1585593086-0074-000|8344603652718|8344763658474|160005756|1585593091|00001175
1585593086-0074-000|8344603652718|8344763658474|160005756|1585593091|00001296
1585593086-0074-000|8344603652718|8344763658474|160005756|1585593091|00001802
