1585593086-0086-000|8346038594167|8346163298065|124703898|1585593093|05830899
1585593086-0086-000|8346038594167|8346163298065|124703898|1585593093|00001056
1585593086-0086-000|8346038594167|8346163298065|124703898|1585593093|00001060
1585593086-0086-000|8346038594167|8346163298065|124703898|1585593093|00001071
1585593086-0086-000|8346038594167|8346163298065|124703898|1585593093|00001232
1585593086-0086-000|8346038594167|8346163298065|124703898|1585593093|00001171
1585593086-0086-000|8346038594167|8346163298065|124703898|1585593093|00001059
1585593086-0086-000|8346038594167|8346163298065|124703898|1585593093|00001390
1585593086-0086-000|8346038594167|8346163298065|124703898|1585593093|00001066
1585593086-0086-000|8346038594167|8346163298065|124703898|1585593093|00000975
1585593086-0086-000|8346038594167|8346163298065|124703898|1585593093|00000959
1585593086-0086-000|8346038594167|8346163298065|124703898|1585593093|00001084
1585593086-0086-000|8346038594167|8346163298065|124703898|1585593093|00001060
1585593086-0086-000|8346038594167|8346163298065|124703898|1585593093|00001179
1585593086-0086-000|8346038594167|8346163298065|124703898|1585593093|00001082
1585593086-0086-000|8346038594167|8346163298065|124703898|1585593093|00001179
1585593086-0086-000|8346038594167|8346163298065|124703898|1585593093|00001104
1585593086-0086-000|8346038594167|8346163298065|124703898|1585593093|00001028
1585593086-0086-000|8346038594167|8346163298065|124703898|1585593093|00001697
1585593086-0086-000|8346038594167|8346163298065|124703898|1585593093|00000988
1585593086-0086-000|8346038594167|8346163298065|124703898|1585593093|00000920
1585593086-0086-000|8346038594167|8346163298065|124703898|1585593093|00001145
1585593086-0086-000|8346038594167|8346163298065|124703898|1585593093|00001469
1585593086-0086-000|8346038594167|8346163298065|124703898|1585593093|00001026
1585593086-0086-000|8346038594167|8346163298065|124703898|1585593093|00001227
1585593086-0086-000|8346038594167|8346163298065|124703898|1585593093|00001402
1585593086-0086-000|8346038594167|8346163298065|124703898|1585593093|00001083
1585593086-0086-000|8346038594167|8346163298065|124703898|1585593093|00001060
1585593086-0086-000|8346038594167|8346163298065|124703898|1585593093|00001419
1585593086-0086-000|8346038594167|8346163298065|124703898|1585593093|01026870
1585593086-0086-000|8346038594167|8346163298065|124703898|1585593093|00001221
1585593086-0086-000|8346038594167|8346163298065|124703898|1585593093|00001074
1585593086-0086-000|8346038594167|8346163298065|124703898|1585593093|00001361
1585593086-0086-000|8346038594167|8346163298065|124703898|1585593093|00000990
1585593086-0086-000|8346038594167|8346163298065|124703898|1585593093|00000963
1585593086-0086-000|8346038594167|8346163298065|124703898|1585593093|00001424
1585593086-0086-000|8346038594167|8346163298065|124703898|1585593093|00001055
1585593086-0086-000|8346038594167|8346163298065|124703898|1585593093|00000966
1585593086-0086-000|8346038594167|8346163298065|124703898|1585593093|00001411
1585593086-0086-000|8346038594167|8346163298065|124703898|1585593093|00000936
1585593086-0086-000|8346038594167|8346163298065|124703898|1585593093|00007991
1585593086-0086-000|8346038594167|8346163298065|124703898|1585593093|00001214
1585593086-0086-000|8346038594167|8346163298065|124703898|1585593093|00001602
1585593086-0086-000|8346038594167|8346163298065|124703898|1585593093|00001125
1585593086-0086-000|8346038594167|8346163298065|124703898|1585593093|00003839
1585593086-0086-000|8346038594167|8346163298065|124703898|1585593093|00001283
1585593086-0086-000|8346038594167|8346163298065|124703898|1585593093|00001325
1585593086-0086-000|8346038594167|8346163298065|124703898|1585593093|00001106
1585593086-0086-000|8346038594167|8346163298065|124703898|1585593093|00001088
1585593086-0086-000|8346038594167|8346163298065|124703898|1585593093|00001231
1585593086-0086-000|8346038594167|8346163298065|124703898|1585593093|00001024
1585593086-0086-000|8346038594167|8346163298065|124703898|1585593093|00001165
1585593086-0086-000|8346038594167|8346163298065|124703898|1585593093|00001009
1585593086-0086-000|8346038594167|8346163298065|124703898|1585593093|01017769
1585593086-0086-000|8346038594167|8346163298065|124703898|1585593093|00001278
1585593086-0086-000|8346038594167|8346163298065|124703898|1585593093|00001700
1585593086-0086-000|8346038594167|8346163298065|124703898|1585593093|00001144
1585593086-0086-000|8346038594167|8346163298065|124703898|1585593093|00002269
1585593086-0086-000|8346038594167|8346163298065|124703898|1585593093|00001103
1585593086-0086-000|8346038594167|8346163298065|124703898|1585593093|00001289
1585593086-0086-000|8346038594167|8346163298065|124703898|1585593093|00000874
1585593086-0086-000|8346038594167|8346163298065|124703898|1585593093|00001079
1585593086-0086-000|8346038594167|8346163298065|124703898|1585593093|01012076
1585593086-0086-000|8346038594167|8346163298065|124703898|1585593093|00037162
1585593086-0086-000|8346038594167|8346163298065|124703898|1585593093|00001203
1585593086-0086-000|8346038594167|8346163298065|124703898|1585593093|00001947
1585593086-0086-000|8346038594167|8346163298065|124703898|1585593093|00001595
1585593086-0086-000|8346038594167|8346163298065|124703898|1585593093|00001501
1585593086-0086-000|8346038594167|8346163298065|124703898|1585593093|00001448
1585593086-0086-000|8346038594167|8346163298065|124703898|1585593093|00001358
1585593086-0086-000|8346038594167|8346163298065|124703898|1585593093|00001190
1585593086-0086-000|8346038594167|8346163298065|124703898|1585593093|00001845
1585593086-0086-000|8346038594167|8346163298065|124703898|1585593093|00001864
1585593086-0086-000|8346038594167|8346163298065|124703898|1585593093|00003255
1585593086-0086-000|8346038594167|8346163298065|124703898|1585593093|00001060
1585593086-0086-000|8346038594167|8346163298065|124703898|1585593093|00002335
1585593086-0086-000|8346038594167|8346163298065|124703898|1585593093|00001336
1585593086-0086-000|8346038594167|8346163298065|124703898|1585593093|00001492
1585593086-0086-000|8346038594167|8346163298065|124703898|1585593093|01025700
1585593086-0086-000|8346038594167|8346163298065|124703898|1585593093|00002382
1585593086-0086-000|8346038594167|8346163298065|124703898|1585593093|00004618
1585593086-0086-000|8346038594167|8346163298065|124703898|1585593093|00001192
1585593086-0086-000|8346038594167|8346163298065|124703898|1585593093|00001045
1585593086-0086-000|8346038594167|8346163298065|124703898|1585593093|00001084
1585593086-0086-000|8346038594167|8346163298065|124703898|1585593093|00001058
1585593086-0086-000|8346038594167|8346163298065|124703898|1585593093|00001386
1585593086-0086-000|8346038594167|8346163298065|124703898|1585593093|00001119
1585593086-0086-000|8346038594167|8346163298065|124703898|1585593093|00001270
1585593086-0086-000|8346038594167|8346163298065|124703898|1585593093|00001571
1585593086-0086-000|8346038594167|8346163298065|124703898|1585593093|00001293
1585593086-0086-000|8346038594167|8346163298065|124703898|1585593093|00001072
1585593086-0086-000|8346038594167|8346163298065|124703898|1585593093|00000972
1585593086-0086-000|8346038594167|8346163298065|124703898|1585593093|00001053
1585593086-0086-000|8346038594167|8346163298065|124703898|1585593093|00001154
1585593086-0086-000|8346038594167|8346163298065|124703898|1585593093|00000940
1585593086-0086-000|8346038594167|8346163298065|124703898|1585593093|00001153
1585593086-0086-000|8346038594167|8346163298065|124703898|1585593093|00000921
1585593086-0086-000|8346038594167|8346163298065|124703898|1585593093|00000900
1585593086-0086-000|8346038594167|8346163298065|124703898|1585593093|00001103
1585593086-0086-000|8346038594167|8346163298065|124703898|1585593093|00000990
