1585593086-0095-000|8342717675717|8342998698864|281023147|1585593089|02751192
1585593086-0095-000|8342717675717|8342998698864|281023147|1585593089|00000979
1585593086-0095-000|8342717675717|8342998698864|281023147|1585593089|00001097
1585593086-0095-000|8342717675717|8342998698864|281023147|1585593089|00001147
1585593086-0095-000|8342717675717|8342998698864|281023147|1585593089|00001425
1585593086-0095-000|8342717675717|8342998698864|281023147|1585593089|00001024
1585593086-0095-000|8342717675717|8342998698864|281023147|1585593089|00000929
1585593086-0095-000|8342717675717|8342998698864|281023147|1585593089|00001014
1585593086-0095-000|8342717675717|8342998698864|281023147|1585593089|00001002
1585593086-0095-000|8342717675717|8342998698864|281023147|1585593089|00001000
1585593086-0095-000|8342717675717|8342998698864|281023147|1585593089|00000952
1585593086-0095-000|8342717675717|8342998698864|281023147|1585593089|00000999
1585593086-0095-000|8342717675717|8342998698864|281023147|1585593089|00000995
1585593086-0095-000|8342717675717|8342998698864|281023147|1585593089|00000976
1585593086-0095-000|8342717675717|8342998698864|281023147|1585593089|00001127
1585593086-0095-000|8342717675717|8342998698864|281023147|1585593089|00000937
1585593086-0095-000|8342717675717|8342998698864|281023147|1585593089|00000910
1585593086-0095-000|8342717675717|8342998698864|281023147|1585593089|00001046
1585593086-0095-000|8342717675717|8342998698864|281023147|1585593089|00001386
1585593086-0095-000|8342717675717|8342998698864|281023147|1585593089|00001233
1585593086-0095-000|8342717675717|8342998698864|281023147|1585593089|00001249
1585593086-0095-000|8342717675717|8342998698864|281023147|1585593089|00001117
1585593086-0095-000|8342717675717|8342998698864|281023147|1585593089|00001200
1585593086-0095-000|8342717675717|8342998698864|281023147|1585593089|00001161
1585593086-0095-000|8342717675717|8342998698864|281023147|1585593089|00000989
1585593086-0095-000|8342717675717|8342998698864|281023147|1585593089|00001033
1585593086-0095-000|8342717675717|8342998698864|281023147|1585593089|00004815
1585593086-0095-000|8342717675717|8342998698864|281023147|1585593089|00001062
1585593086-0095-000|8342717675717|8342998698864|281023147|1585593089|00001048
1585593086-0095-000|8342717675717|8342998698864|281023147|1585593089|00001181
1585593086-0095-000|8342717675717|8342998698864|281023147|1585593089|00001175
1585593086-0095-000|8342717675717|8342998698864|281023147|1585593089|00001202
1585593086-0095-000|8342717675717|8342998698864|281023147|1585593089|00000934
1585593086-0095-000|8342717675717|8342998698864|281023147|1585593089|00001032
1585593086-0095-000|8342717675717|8342998698864|281023147|1585593089|00001059
1585593086-0095-000|8342717675717|8342998698864|281023147|1585593089|00000870
1585593086-0095-000|8342717675717|8342998698864|281023147|1585593089|00001228
1585593086-0095-000|8342717675717|8342998698864|281023147|1585593089|00001009
1585593086-0095-000|8342717675717|8342998698864|281023147|1585593089|00001099
1585593086-0095-000|8342717675717|8342998698864|281023147|1585593089|00001049
1585593086-0095-000|8342717675717|8342998698864|281023147|1585593089|00000984
1585593086-0095-000|8342717675717|8342998698864|281023147|1585593089|00001094
1585593086-0095-000|8342717675717|8342998698864|281023147|1585593089|00001167
1585593086-0095-000|8342717675717|8342998698864|281023147|1585593089|00000946
1585593086-0095-000|8342717675717|8342998698864|281023147|1585593089|00001041
1585593086-0095-000|8342717675717|8342998698864|281023147|1585593089|00000948
1585593086-0095-000|8342717675717|8342998698864|281023147|1585593089|00000872
1585593086-0095-000|8342717675717|8342998698864|281023147|1585593089|00000872
1585593086-0095-000|8342717675717|8342998698864|281023147|1585593089|00000898
1585593086-0095-000|8342717675717|8342998698864|281023147|1585593089|00000994
1585593086-0095-000|8342717675717|8342998698864|281023147|1585593089|00001062
1585593086-0095-000|8342717675717|8342998698864|281023147|1585593089|00000982
1585593086-0095-000|8342717675717|8342998698864|281023147|1585593089|00000989
1585593086-0095-000|8342717675717|8342998698864|281023147|1585593089|00000980
1585593086-0095-000|8342717675717|8342998698864|281023147|1585593089|00001009
1585593086-0095-000|8342717675717|8342998698864|281023147|1585593089|00001164
1585593086-0095-000|8342717675717|8342998698864|281023147|1585593089|00001143
1585593086-0095-000|8342717675717|8342998698864|281023147|1585593089|00000967
1585593086-0095-000|8342717675717|8342998698864|281023147|1585593089|00001074
1585593086-0095-000|8342717675717|8342998698864|281023147|1585593089|00000953
1585593086-0095-000|8342717675717|8342998698864|281023147|1585593089|00001051
1585593086-0095-000|8342717675717|8342998698864|281023147|1585593089|00000941
1585593086-0095-000|8342717675717|8342998698864|281023147|1585593089|00000814
1585593086-0095-000|8342717675717|8342998698864|281023147|1585593089|00000936
1585593086-0095-000|8342717675717|8342998698864|281023147|1585593089|00001048
1585593086-0095-000|8342717675717|8342998698864|281023147|1585593089|00001442
1585593086-0095-000|8342717675717|8342998698864|281023147|1585593089|00000954
1585593086-0095-000|8342717675717|8342998698864|281023147|1585593089|00001190
1585593086-0095-000|8342717675717|8342998698864|281023147|1585593089|00000990
1585593086-0095-000|8342717675717|8342998698864|281023147|1585593089|00001029
1585593086-0095-000|8342717675717|8342998698864|281023147|1585593089|00001103
1585593086-0095-000|8342717675717|8342998698864|281023147|1585593089|00001112
1585593086-0095-000|8342717675717|8342998698864|281023147|1585593089|00001002
1585593086-0095-000|8342717675717|8342998698864|281023147|1585593089|00001001
1585593086-0095-000|8342717675717|8342998698864|281023147|1585593089|00000949
1585593086-0095-000|8342717675717|8342998698864|281023147|1585593089|00000976
1585593086-0095-000|8342717675717|8342998698864|281023147|1585593089|00001018
1585593086-0095-000|8342717675717|8342998698864|281023147|1585593089|00000943
1585593086-0095-000|8342717675717|8342998698864|281023147|1585593089|00001020
1585593086-0095-000|8342717675717|8342998698864|281023147|1585593089|00001109
1585593086-0095-000|8342717675717|8342998698864|281023147|1585593089|00001007
1585593086-0095-000|8342717675717|8342998698864|281023147|1585593089|00001052
1585593086-0095-000|8342717675717|8342998698864|281023147|1585593089|00001030
1585593086-0095-000|8342717675717|8342998698864|281023147|1585593089|00000938
1585593086-0095-000|8342717675717|8342998698864|281023147|1585593089|00000825
1585593086-0095-000|8342717675717|8342998698864|281023147|1585593089|00000892
1585593086-0095-000|8342717675717|8342998698864|281023147|1585593089|00000933
1585593086-0095-000|8342717675717|8342998698864|281023147|1585593089|00001119
1585593086-0095-000|8342717675717|8342998698864|281023147|1585593089|00000922
1585593086-0095-000|8342717675717|8342998698864|281023147|1585593089|00001145
1585593086-0095-000|8342717675717|8342998698864|281023147|1585593089|00001064
1585593086-0095-000|8342717675717|8342998698864|281023147|1585593089|00001043
1585593086-0095-000|8342717675717|8342998698864|281023147|1585593089|00001022
1585593086-0095-000|8342717675717|8342998698864|281023147|1585593089|00000963
1585593086-0095-000|8342717675717|8342998698864|281023147|1585593089|00000890
1585593086-0095-000|8342717675717|8342998698864|281023147|1585593089|00000977
1585593086-0095-000|8342717675717|8342998698864|281023147|1585593089|00000890
1585593086-0095-000|8342717675717|8342998698864|281023147|1585593089|00000932
1585593086-0095-000|8342717675717|8342998698864|281023147|1585593089|00001096
1585593086-0095-000|8342717675717|8342998698864|281023147|1585593089|00001008
