1585593086-0103-000|8345638231262|8345785075102|146843840|1585593092|05466187
1585593086-0103-000|8345638231262|8345785075102|146843840|1585593092|00001068
1585593086-0103-000|8345638231262|8345785075102|146843840|1585593092|00001006
1585593086-0103-000|8345638231262|8345785075102|146843840|1585593092|00001180
1585593086-0103-000|8345638231262|8345785075102|146843840|1585593092|00001020
1585593086-0103-000|8345638231262|8345785075102|146843840|1585593092|00001018
1585593086-0103-000|8345638231262|8345785075102|146843840|1585593092|00000991
1585593086-0103-000|8345638231262|8345785075102|146843840|1585593092|00001001
1585593086-0103-000|8345638231262|8345785075102|146843840|1585593092|00001221
1585593086-0103-000|8345638231262|8345785075102|146843840|1585593092|00001134
1585593086-0103-000|8345638231262|8345785075102|146843840|1585593092|00001328
1585593086-0103-000|8345638231262|8345785075102|146843840|1585593092|00001286
1585593086-0103-000|8345638231262|8345785075102|146843840|1585593092|00002547
1585593086-0103-000|8345638231262|8345785075102|146843840|1585593092|00001249
1585593086-0103-000|8345638231262|8345785075102|146843840|1585593092|00001355
1585593086-0103-000|8345638231262|8345785075102|146843840|1585593092|00001231
1585593086-0103-000|8345638231262|8345785075102|146843840|1585593092|00001035
1585593086-0103-000|8345638231262|8345785075102|146843840|1585593092|00001168
1585593086-0103-000|8345638231262|8345785075102|146843840|1585593092|00001030
1585593086-0103-000|8345638231262|8345785075102|146843840|1585593092|00000977
1585593086-0103-000|8345638231262|8345785075102|146843840|1585593092|00001246
1585593086-0103-000|8345638231262|8345785075102|146843840|1585593092|00002203
1585593086-0103-000|8345638231262|8345785075102|146843840|1585593092|00003702
1585593086-0103-000|8345638231262|8345785075102|146843840|1585593092|00006602
1585593086-0103-000|8345638231262|8345785075102|146843840|1585593092|00005273
1585593086-0103-000|8345638231262|8345785075102|146843840|1585593092|00001511
1585593086-0103-000|8345638231262|8345785075102|146843840|1585593092|01032929
1585593086-0103-000|8345638231262|8345785075102|146843840|1585593092|00001535
1585593086-0103-000|8345638231262|8345785075102|146843840|1585593092|00001193
1585593086-0103-000|8345638231262|8345785075102|146843840|1585593092|00001331
1585593086-0103-000|8345638231262|8345785075102|146843840|1585593092|00001606
1585593086-0103-000|8345638231262|8345785075102|146843840|1585593092|00001385
1585593086-0103-000|8345638231262|8345785075102|146843840|1585593092|00002666
1585593086-0103-000|8345638231262|8345785075102|146843840|1585593092|00001132
1585593086-0103-000|8345638231262|8345785075102|146843840|1585593092|00001081
1585593086-0103-000|8345638231262|8345785075102|146843840|1585593092|00001158
1585593086-0103-000|8345638231262|8345785075102|146843840|1585593092|00000859
1585593086-0103-000|8345638231262|8345785075102|146843840|1585593092|00000946
1585593086-0103-000|8345638231262|8345785075102|146843840|1585593092|01007768
1585593086-0103-000|8345638231262|8345785075102|146843840|1585593092|00001470
1585593086-0103-000|8345638231262|8345785075102|146843840|1585593092|00001141
1585593086-0103-000|8345638231262|8345785075102|146843840|1585593092|00000978
1585593086-0103-000|8345638231262|8345785075102|146843840|1585593092|00000847
1585593086-0103-000|8345638231262|8345785075102|146843840|1585593092|00001105
1585593086-0103-000|8345638231262|8345785075102|146843840|1585593092|00000997
1585593086-0103-000|8345638231262|8345785075102|146843840|1585593092|00000876
1585593086-0103-000|8345638231262|8345785075102|146843840|1585593092|00001240
1585593086-0103-000|8345638231262|8345785075102|146843840|1585593092|00001165
1585593086-0103-000|8345638231262|8345785075102|146843840|1585593092|00001073
1585593086-0103-000|8345638231262|8345785075102|146843840|1585593092|00000942
1585593086-0103-000|8345638231262|8345785075102|146843840|1585593092|00001662
1585593086-0103-000|8345638231262|8345785075102|146843840|1585593092|00001423
1585593086-0103-000|8345638231262|8345785075102|146843840|1585593092|00001334
1585593086-0103-000|8345638231262|8345785075102|146843840|1585593092|00001402
1585593086-0103-000|8345638231262|8345785075102|146843840|1585593092|00001354
1585593086-0103-000|8345638231262|8345785075102|146843840|1585593092|00001530
1585593086-0103-000|8345638231262|8345785075102|146843840|1585593092|00001299
1585593086-0103-000|8345638231262|8345785075102|146843840|1585593092|00001240
1585593086-0103-000|8345638231262|8345785075102|146843840|1585593092|00000983
1585593086-0103-000|8345638231262|8345785075102|146843840|1585593092|00001197
1585593086-0103-000|8345638231262|8345785075102|146843840|1585593092|00001072
1585593086-0103-000|8345638231262|8345785075102|146843840|1585593092|00002179
1585593086-0103-000|8345638231262|8345785075102|146843840|1585593092|00001327
1585593086-0103-000|8345638231262|8345785075102|146843840|1585593092|00001639
1585593086-0103-000|8345638231262|8345785075102|146843840|1585593092|00001460
1585593086-0103-000|8345638231262|8345785075102|146843840|1585593092|00001179
1585593086-0103-000|8345638231262|8345785075102|146843840|1585593092|00002107
1585593086-0103-000|8345638231262|8345785075102|146843840|1585593092|00001070
1585593086-0103-000|8345638231262|8345785075102|146843840|1585593092|00000982
1585593086-0103-000|8345638231262|8345785075102|146843840|1585593092|00001113
1585593086-0103-000|8345638231262|8345785075102|146843840|1585593092|00003388
1585593086-0103-000|8345638231262|8345785075102|146843840|1585593092|00010575
1585593086-0103-000|8345638231262|8345785075102|146843840|1585593092|00001334
1585593086-0103-000|8345638231262|8345785075102|146843840|1585593092|00000944
1585593086-0103-000|8345638231262|8345785075102|146843840|1585593092|00001229
1585593086-0103-000|8345638231262|8345785075102|146843840|1585593092|00001742
1585593086-0103-000|8345638231262|8345785075102|146843840|1585593092|00001645
1585593086-0103-000|8345638231262|8345785075102|146843840|1585593092|00001955
1585593086-0103-000|8345638231262|8345785075102|146843840|1585593092|00001184
1585593086-0103-000|8345638231262|8345785075102|146843840|1585593092|00001416
1585593086-0103-000|8345638231262|8345785075102|146843840|1585593092|00001047
1585593086-0103-000|8345638231262|8345785075102|146843840|1585593092|00001418
1585593086-0103-000|8345638231262|8345785075102|146843840|1585593092|00001041
1585593086-0103-000|8345638231262|8345785075102|146843840|1585593092|00001048
1585593086-0103-000|8345638231262|8345785075102|146843840|1585593092|01014467
1585593086-0103-000|8345638231262|8345785075102|146843840|1585593092|00001331
1585593086-0103-000|8345638231262|8345785075102|146843840|1585593092|00001305
1585593086-0103-000|8345638231262|8345785075102|146843840|1585593092|00001797
1585593086-0103-000|8345638231262|8345785075102|146843840|1585593092|00001358
1585593086-0103-000|8345638231262|8345785075102|146843840|1585593092|00001044
1585593086-0103-000|8345638231262|8345785075102|146843840|1585593092|00001171
1585593086-0103-000|8345638231262|8345785075102|146843840|1585593092|00001759
1585593086-0103-000|8345638231262|8345785075102|146843840|1585593092|00001076
1585593086-0103-000|8345638231262|8345785075102|146843840|1585593092|00002060
1585593086-0103-000|8345638231262|8345785075102|146843840|1585593092|00001392
1585593086-0103-000|8345638231262|8345785075102|146843840|1585593092|00003243
1585593086-0103-000|8345638231262|8345785075102|146843840|1585593092|00002156
1585593086-0103-000|8345638231262|8345785075102|146843840|1585593092|00001363
1585593086-0103-000|8345638231262|8345785075102|146843840|1585593092|00001781
1585593086-0103-000|8345638231262|8345785075102|146843840|1585593092|00001062
