openmpi-slave3|3220079865053|3220315822063|235957010|1585925474|00010761
openmpi-slave3|3220079865053|3220315822063|235957010|1585925474|00008558
openmpi-slave3|3220079865053|3220315822063|235957010|1585925474|00007860
openmpi-slave3|3220079865053|3220315822063|235957010|1585925474|00008462
openmpi-slave3|3220079865053|3220315822063|235957010|1585925474|00015635
openmpi-slave3|3220079865053|3220315822063|235957010|1585925474|00009661
openmpi-slave3|3220079865053|3220315822063|235957010|1585925474|00009062
openmpi-slave3|3220079865053|3220315822063|235957010|1585925474|00021952
openmpi-slave3|3220079865053|3220315822063|235957010|1585925474|00011829
openmpi-slave3|3220079865053|3220315822063|235957010|1585925474|00009375
openmpi-slave3|3220079865053|3220315822063|235957010|1585925474|00009903
openmpi-slave3|3220079865053|3220315822063|235957010|1585925474|00009296
openmpi-slave3|3220079865053|3220315822063|235957010|1585925474|00009039
openmpi-slave3|3220079865053|3220315822063|235957010|1585925474|00008559
openmpi-slave3|3220079865053|3220315822063|235957010|1585925474|00009320
openmpi-slave3|3220079865053|3220315822063|235957010|1585925474|00008525
openmpi-slave3|3220079865053|3220315822063|235957010|1585925474|00008028
openmpi-slave3|3220079865053|3220315822063|235957010|1585925474|00013301
openmpi-slave3|3220079865053|3220315822063|235957010|1585925474|00012604
openmpi-slave3|3220079865053|3220315822063|235957010|1585925474|00008176
openmpi-slave3|3220079865053|3220315822063|235957010|1585925474|00008345
openmpi-slave3|3220079865053|3220315822063|235957010|1585925474|00010679
openmpi-slave3|3220079865053|3220315822063|235957010|1585925474|00010151
openmpi-slave3|3220079865053|3220315822063|235957010|1585925474|00009296
openmpi-slave3|3220079865053|3220315822063|235957010|1585925474|00008731
openmpi-slave3|3220079865053|3220315822063|235957010|1585925474|00012359
openmpi-slave3|3220079865053|3220315822063|235957010|1585925474|00007853
openmpi-slave3|3220079865053|3220315822063|235957010|1585925474|00010874
openmpi-slave3|3220079865053|3220315822063|235957010|1585925474|00009669
openmpi-slave3|3220079865053|3220315822063|235957010|1585925474|00008989
openmpi-slave3|3220079865053|3220315822063|235957010|1585925474|00013552
openmpi-slave3|3220079865053|3220315822063|235957010|1585925474|00009702
openmpi-slave3|3220079865053|3220315822063|235957010|1585925474|00008315
openmpi-slave3|3220079865053|3220315822063|235957010|1585925474|00008528
openmpi-slave3|3220079865053|3220315822063|235957010|1585925474|00009491
openmpi-slave3|3220079865053|3220315822063|235957010|1585925474|00010443
openmpi-slave3|3220079865053|3220315822063|235957010|1585925474|00009950
openmpi-slave3|3220079865053|3220315822063|235957010|1585925474|00008723
openmpi-slave3|3220079865053|3220315822063|235957010|1585925474|00009902
openmpi-slave3|3220079865053|3220315822063|235957010|1585925474|00009075
openmpi-slave3|3220079865053|3220315822063|235957010|1585925474|00011537
openmpi-slave3|3220079865053|3220315822063|235957010|1585925474|00008629
openmpi-slave3|3220079865053|3220315822063|235957010|1585925474|00001738
openmpi-slave3|3220079865053|3220315822063|235957010|1585925474|00001116
openmpi-slave3|3220079865053|3220315822063|235957010|1585925474|03046280
openmpi-slave3|3220079865053|3220315822063|235957010|1585925474|00001536
openmpi-slave3|3220079865053|3220315822063|235957010|1585925474|00001152
openmpi-slave3|3220079865053|3220315822063|235957010|1585925474|00001134
openmpi-slave3|3220079865053|3220315822063|235957010|1585925474|00001309
openmpi-slave3|3220079865053|3220315822063|235957010|1585925474|00001078
openmpi-slave3|3220079865053|3220315822063|235957010|1585925474|00001022
openmpi-slave3|3220079865053|3220315822063|235957010|1585925474|00001137
openmpi-slave3|3220079865053|3220315822063|235957010|1585925474|00001355
openmpi-slave3|3220079865053|3220315822063|235957010|1585925474|00001104
openmpi-slave3|3220079865053|3220315822063|235957010|1585925474|00001130
openmpi-slave3|3220079865053|3220315822063|235957010|1585925474|00001038
openmpi-slave3|3220079865053|3220315822063|235957010|1585925474|00001165
openmpi-slave3|3220079865053|3220315822063|235957010|1585925474|00001183
openmpi-slave3|3220079865053|3220315822063|235957010|1585925474|00000997
openmpi-slave3|3220079865053|3220315822063|235957010|1585925474|00000980
openmpi-slave3|3220079865053|3220315822063|235957010|1585925474|00001054
openmpi-slave3|3220079865053|3220315822063|235957010|1585925474|00000931
openmpi-slave3|3220079865053|3220315822063|235957010|1585925474|00001189
openmpi-slave3|3220079865053|3220315822063|235957010|1585925474|00001068
openmpi-slave3|3220079865053|3220315822063|235957010|1585925474|00001111
openmpi-slave3|3220079865053|3220315822063|235957010|1585925474|00000987
openmpi-slave3|3220079865053|3220315822063|235957010|1585925474|00001226
openmpi-slave3|3220079865053|3220315822063|235957010|1585925474|00001180
openmpi-slave3|3220079865053|3220315822063|235957010|1585925474|00001033
openmpi-slave3|3220079865053|3220315822063|235957010|1585925474|00001104
openmpi-slave3|3220079865053|3220315822063|235957010|1585925474|00001037
openmpi-slave3|3220079865053|3220315822063|235957010|1585925474|00001055
openmpi-slave3|3220079865053|3220315822063|235957010|1585925474|00001463
openmpi-slave3|3220079865053|3220315822063|235957010|1585925474|00001087
openmpi-slave3|3220079865053|3220315822063|235957010|1585925474|00000995
openmpi-slave3|3220079865053|3220315822063|235957010|1585925474|00001291
openmpi-slave3|3220079865053|3220315822063|235957010|1585925474|00001077
openmpi-slave3|3220079865053|3220315822063|235957010|1585925474|00005062
openmpi-slave3|3220079865053|3220315822063|235957010|1585925474|00001040
openmpi-slave3|3220079865053|3220315822063|235957010|1585925474|00001262
openmpi-slave3|3220079865053|3220315822063|235957010|1585925474|00000981
openmpi-slave3|3220079865053|3220315822063|235957010|1585925474|00001164
openmpi-slave3|3220079865053|3220315822063|235957010|1585925474|00001158
openmpi-slave3|3220079865053|3220315822063|235957010|1585925474|00001079
openmpi-slave3|3220079865053|3220315822063|235957010|1585925474|00001194
openmpi-slave3|3220079865053|3220315822063|235957010|1585925474|00000967
openmpi-slave3|3220079865053|3220315822063|235957010|1585925474|00001070
openmpi-slave3|3220079865053|3220315822063|235957010|1585925474|00001054
openmpi-slave3|3220079865053|3220315822063|235957010|1585925474|00001043
openmpi-slave3|3220079865053|3220315822063|235957010|1585925474|00001124
openmpi-slave3|3220079865053|3220315822063|235957010|1585925474|00001174
openmpi-slave3|3220079865053|3220315822063|235957010|1585925474|00001221
openmpi-slave3|3220079865053|3220315822063|235957010|1585925474|00001496
openmpi-slave3|3220079865053|3220315822063|235957010|1585925474|00004754
openmpi-slave3|3220079865053|3220315822063|235957010|1585925474|00003530
openmpi-slave3|3220079865053|3220315822063|235957010|1585925474|00005301
openmpi-slave3|3220079865053|3220315822063|235957010|1585925474|00004028
openmpi-slave3|3220079865053|3220315822063|235957010|1585925474|01007150
openmpi-slave3|3220079865053|3220315822063|235957010|1585925474|00001142
openmpi-slave3|3220079865053|3220315822063|235957010|1585925474|00004495
