openmpi-slave2|3220319365564|3220395092705|75727141|1585925474|00011859
openmpi-slave2|3220319365564|3220395092705|75727141|1585925474|00010925
openmpi-slave2|3220319365564|3220395092705|75727141|1585925474|00011296
openmpi-slave2|3220319365564|3220395092705|75727141|1585925474|00011661
openmpi-slave2|3220319365564|3220395092705|75727141|1585925474|00009538
openmpi-slave2|3220319365564|3220395092705|75727141|1585925474|00009264
openmpi-slave2|3220319365564|3220395092705|75727141|1585925474|00010932
openmpi-slave2|3220319365564|3220395092705|75727141|1585925474|00009605
openmpi-slave2|3220319365564|3220395092705|75727141|1585925474|00009365
openmpi-slave2|3220319365564|3220395092705|75727141|1585925474|00011821
openmpi-slave2|3220319365564|3220395092705|75727141|1585925474|00011022
openmpi-slave2|3220319365564|3220395092705|75727141|1585925474|00008991
openmpi-slave2|3220319365564|3220395092705|75727141|1585925474|00009361
openmpi-slave2|3220319365564|3220395092705|75727141|1585925474|00008664
openmpi-slave2|3220319365564|3220395092705|75727141|1585925474|00008650
openmpi-slave2|3220319365564|3220395092705|75727141|1585925474|00009298
openmpi-slave2|3220319365564|3220395092705|75727141|1585925474|00008226
openmpi-slave2|3220319365564|3220395092705|75727141|1585925474|00010232
openmpi-slave2|3220319365564|3220395092705|75727141|1585925474|00011190
openmpi-slave2|3220319365564|3220395092705|75727141|1585925474|00012534
openmpi-slave2|3220319365564|3220395092705|75727141|1585925474|00008129
openmpi-slave2|3220319365564|3220395092705|75727141|1585925474|00008739
openmpi-slave2|3220319365564|3220395092705|75727141|1585925474|00012236
openmpi-slave2|3220319365564|3220395092705|75727141|1585925474|00008419
openmpi-slave2|3220319365564|3220395092705|75727141|1585925474|00010383
openmpi-slave2|3220319365564|3220395092705|75727141|1585925474|00010417
openmpi-slave2|3220319365564|3220395092705|75727141|1585925474|00009061
openmpi-slave2|3220319365564|3220395092705|75727141|1585925474|00010699
openmpi-slave2|3220319365564|3220395092705|75727141|1585925474|00009832
openmpi-slave2|3220319365564|3220395092705|75727141|1585925474|00013394
openmpi-slave2|3220319365564|3220395092705|75727141|1585925474|00009769
openmpi-slave2|3220319365564|3220395092705|75727141|1585925474|00009039
openmpi-slave2|3220319365564|3220395092705|75727141|1585925474|00008573
openmpi-slave2|3220319365564|3220395092705|75727141|1585925474|00008623
openmpi-slave2|3220319365564|3220395092705|75727141|1585925474|00009915
openmpi-slave2|3220319365564|3220395092705|75727141|1585925474|00010760
openmpi-slave2|3220319365564|3220395092705|75727141|1585925474|00009025
openmpi-slave2|3220319365564|3220395092705|75727141|1585925474|00009744
openmpi-slave2|3220319365564|3220395092705|75727141|1585925474|00008364
openmpi-slave2|3220319365564|3220395092705|75727141|1585925474|00010142
openmpi-slave2|3220319365564|3220395092705|75727141|1585925474|00009458
openmpi-slave2|3220319365564|3220395092705|75727141|1585925474|01034989
openmpi-slave2|3220319365564|3220395092705|75727141|1585925474|00011340
openmpi-slave2|3220319365564|3220395092705|75727141|1585925474|00009871
openmpi-slave2|3220319365564|3220395092705|75727141|1585925474|01039908
openmpi-slave2|3220319365564|3220395092705|75727141|1585925474|00015561
openmpi-slave2|3220319365564|3220395092705|75727141|1585925474|00015177
openmpi-slave2|3220319365564|3220395092705|75727141|1585925474|01016965
openmpi-slave2|3220319365564|3220395092705|75727141|1585925474|00006655
openmpi-slave2|3220319365564|3220395092705|75727141|1585925474|01015107
openmpi-slave2|3220319365564|3220395092705|75727141|1585925474|00005428
openmpi-slave2|3220319365564|3220395092705|75727141|1585925474|00005217
openmpi-slave2|3220319365564|3220395092705|75727141|1585925474|00006471
openmpi-slave2|3220319365564|3220395092705|75727141|1585925474|00006495
openmpi-slave2|3220319365564|3220395092705|75727141|1585925474|00007830
openmpi-slave2|3220319365564|3220395092705|75727141|1585925474|00009534
openmpi-slave2|3220319365564|3220395092705|75727141|1585925474|00003546
openmpi-slave2|3220319365564|3220395092705|75727141|1585925474|00002960
openmpi-slave2|3220319365564|3220395092705|75727141|1585925474|01008805
openmpi-slave2|3220319365564|3220395092705|75727141|1585925474|00008699
openmpi-slave2|3220319365564|3220395092705|75727141|1585925474|01012425
openmpi-slave2|3220319365564|3220395092705|75727141|1585925474|00003382
openmpi-slave2|3220319365564|3220395092705|75727141|1585925474|00002034
openmpi-slave2|3220319365564|3220395092705|75727141|1585925474|00003826
openmpi-slave2|3220319365564|3220395092705|75727141|1585925474|00007395
openmpi-slave2|3220319365564|3220395092705|75727141|1585925474|00008131
openmpi-slave2|3220319365564|3220395092705|75727141|1585925474|00009551
openmpi-slave2|3220319365564|3220395092705|75727141|1585925474|00008316
openmpi-slave2|3220319365564|3220395092705|75727141|1585925474|00011370
openmpi-slave2|3220319365564|3220395092705|75727141|1585925474|00010856
openmpi-slave2|3220319365564|3220395092705|75727141|1585925474|00013109
openmpi-slave2|3220319365564|3220395092705|75727141|1585925474|00014736
openmpi-slave2|3220319365564|3220395092705|75727141|1585925474|00009145
openmpi-slave2|3231120441398|3231255396745|134955347|1585925485|01018664
openmpi-slave2|3231120441398|3231255396745|134955347|1585925485|01021526
openmpi-slave2|3231120441398|3231255396745|134955347|1585925485|00002055
openmpi-slave2|3231120441398|3231255396745|134955347|1585925485|00003104
openmpi-slave2|3231120441398|3231255396745|134955347|1585925485|00004335
openmpi-slave2|3231120441398|3231255396745|134955347|1585925485|00004007
openmpi-slave2|3231120441398|3231255396745|134955347|1585925485|00001880
openmpi-slave2|3231120441398|3231255396745|134955347|1585925485|00005247
openmpi-slave2|3231120441398|3231255396745|134955347|1585925485|00002359
openmpi-slave2|3231120441398|3231255396745|134955347|1585925485|00004869
openmpi-slave2|3231120441398|3231255396745|134955347|1585925485|00004172
openmpi-slave2|3231120441398|3231255396745|134955347|1585925485|00005982
openmpi-slave2|3231120441398|3231255396745|134955347|1585925485|01021283
openmpi-slave2|3231120441398|3231255396745|134955347|1585925485|00002053
openmpi-slave2|3231120441398|3231255396745|134955347|1585925485|00002351
openmpi-slave2|3231120441398|3231255396745|134955347|1585925485|01015808
openmpi-slave2|3231120441398|3231255396745|134955347|1585925485|00002190
openmpi-slave2|3231120441398|3231255396745|134955347|1585925485|00002199
openmpi-slave2|3231120441398|3231255396745|134955347|1585925485|00002501
openmpi-slave2|3231120441398|3231255396745|134955347|1585925485|00002044
openmpi-slave2|3231120441398|3231255396745|134955347|1585925485|00001859
openmpi-slave2|3231120441398|3231255396745|134955347|1585925485|00001779
openmpi-slave2|3231120441398|3231255396745|134955347|1585925485|00002071
openmpi-slave2|3231120441398|3231255396745|134955347|1585925485|00002183
openmpi-slave2|3231120441398|3231255396745|134955347|1585925485|00001663
openmpi-slave2|3231120441398|3231255396745|134955347|1585925485|00001694
openmpi-slave2|3231120441398|3231255396745|134955347|1585925485|00001572
