openmpi-slave4|3220043964011|3220257722079|213758068|1585925474|00013138
openmpi-slave4|3220043964011|3220257722079|213758068|1585925474|00010330
openmpi-slave4|3220043964011|3220257722079|213758068|1585925474|00008876
openmpi-slave4|3220043964011|3220257722079|213758068|1585925474|00006791
openmpi-slave4|3220043964011|3220257722079|213758068|1585925474|00035625
openmpi-slave4|3220043964011|3220257722079|213758068|1585925474|00008650
openmpi-slave4|3220043964011|3220257722079|213758068|1585925474|00006933
openmpi-slave4|3220043964011|3220257722079|213758068|1585925474|00010887
openmpi-slave4|3220043964011|3220257722079|213758068|1585925474|00008920
openmpi-slave4|3220043964011|3220257722079|213758068|1585925474|00009385
openmpi-slave4|3220043964011|3220257722079|213758068|1585925474|00008635
openmpi-slave4|3220043964011|3220257722079|213758068|1585925474|00008693
openmpi-slave4|3220043964011|3220257722079|213758068|1585925474|00009400
openmpi-slave4|3220043964011|3220257722079|213758068|1585925474|00007998
openmpi-slave4|3220043964011|3220257722079|213758068|1585925474|00010474
openmpi-slave4|3220043964011|3220257722079|213758068|1585925474|00010173
openmpi-slave4|3220043964011|3220257722079|213758068|1585925474|00009934
openmpi-slave4|3220043964011|3220257722079|213758068|1585925474|00007936
openmpi-slave4|3220043964011|3220257722079|213758068|1585925474|00008318
openmpi-slave4|3220043964011|3220257722079|213758068|1585925474|00008311
openmpi-slave4|3220043964011|3220257722079|213758068|1585925474|00008579
openmpi-slave4|3220043964011|3220257722079|213758068|1585925474|00008124
openmpi-slave4|3220043964011|3220257722079|213758068|1585925474|00010199
openmpi-slave4|3220043964011|3220257722079|213758068|1585925474|00010534
openmpi-slave4|3220043964011|3220257722079|213758068|1585925474|00009122
openmpi-slave4|3220043964011|3220257722079|213758068|1585925474|00010528
openmpi-slave4|3220043964011|3220257722079|213758068|1585925474|00009656
openmpi-slave4|3220043964011|3220257722079|213758068|1585925474|00008892
openmpi-slave4|3220043964011|3220257722079|213758068|1585925474|00010455
openmpi-slave4|3220043964011|3220257722079|213758068|1585925474|00008995
openmpi-slave4|3220043964011|3220257722079|213758068|1585925474|00012614
openmpi-slave4|3220043964011|3220257722079|213758068|1585925474|00008975
openmpi-slave4|3220043964011|3220257722079|213758068|1585925474|00009764
openmpi-slave4|3220043964011|3220257722079|213758068|1585925474|00005993
openmpi-slave4|3220043964011|3220257722079|213758068|1585925474|00009165
openmpi-slave4|3220043964011|3220257722079|213758068|1585925474|00010020
openmpi-slave4|3220043964011|3220257722079|213758068|1585925474|00012531
openmpi-slave4|3220043964011|3220257722079|213758068|1585925474|00010324
openmpi-slave4|3220043964011|3220257722079|213758068|1585925474|00009704
openmpi-slave4|3220043964011|3220257722079|213758068|1585925474|01005262
openmpi-slave4|3220043964011|3220257722079|213758068|1585925474|00001753
openmpi-slave4|3220043964011|3220257722079|213758068|1585925474|00001256
openmpi-slave4|3220043964011|3220257722079|213758068|1585925474|00001214
openmpi-slave4|3220043964011|3220257722079|213758068|1585925474|00001219
openmpi-slave4|3220043964011|3220257722079|213758068|1585925474|00001055
openmpi-slave4|3220043964011|3220257722079|213758068|1585925474|00001414
openmpi-slave4|3220043964011|3220257722079|213758068|1585925474|00001111
openmpi-slave4|3220043964011|3220257722079|213758068|1585925474|00001245
openmpi-slave4|3220043964011|3220257722079|213758068|1585925474|00001867
openmpi-slave4|3220043964011|3220257722079|213758068|1585925474|00001486
openmpi-slave4|3220043964011|3220257722079|213758068|1585925474|00011606
openmpi-slave4|3220043964011|3220257722079|213758068|1585925474|00006534
openmpi-slave4|3220043964011|3220257722079|213758068|1585925474|00008820
openmpi-slave4|3220043964011|3220257722079|213758068|1585925474|00009764
openmpi-slave4|3220043964011|3220257722079|213758068|1585925474|00005908
openmpi-slave4|3220043964011|3220257722079|213758068|1585925474|01040781
openmpi-slave4|3220043964011|3220257722079|213758068|1585925474|00014373
openmpi-slave4|3220043964011|3220257722079|213758068|1585925474|00007705
openmpi-slave4|3220043964011|3220257722079|213758068|1585925474|01025610
openmpi-slave4|3220043964011|3220257722079|213758068|1585925474|01025840
openmpi-slave4|3220043964011|3220257722079|213758068|1585925474|00006337
openmpi-slave4|3220043964011|3220257722079|213758068|1585925474|00006497
openmpi-slave4|3220043964011|3220257722079|213758068|1585925474|00009362
openmpi-slave4|3220043964011|3220257722079|213758068|1585925474|00007761
openmpi-slave4|3220043964011|3220257722079|213758068|1585925474|00004334
openmpi-slave4|3220043964011|3220257722079|213758068|1585925474|01024477
openmpi-slave4|3220043964011|3220257722079|213758068|1585925474|01020814
openmpi-slave4|3220043964011|3220257722079|213758068|1585925474|00005004
openmpi-slave4|3220043964011|3220257722079|213758068|1585925474|00007662
openmpi-slave4|3220043964011|3220257722079|213758068|1585925474|00009626
openmpi-slave4|3220043964011|3220257722079|213758068|1585925474|00043363
openmpi-slave4|3220043964011|3220257722079|213758068|1585925474|00014927
openmpi-slave4|3220043964011|3220257722079|213758068|1585925474|00009163
openmpi-slave4|3220043964011|3220257722079|213758068|1585925474|00007363
openmpi-slave4|3220043964011|3220257722079|213758068|1585925474|00007722
openmpi-slave4|3220043964011|3220257722079|213758068|1585925474|00002764
openmpi-slave4|3220043964011|3220257722079|213758068|1585925474|00004162
openmpi-slave4|3231106762192|3231257495798|150733606|1585925485|01007350
openmpi-slave4|3231106762192|3231257495798|150733606|1585925485|00004254
openmpi-slave4|3231106762192|3231257495798|150733606|1585925485|00001354
openmpi-slave4|3231106762192|3231257495798|150733606|1585925485|00000927
openmpi-slave4|3231106762192|3231257495798|150733606|1585925485|00001146
openmpi-slave4|3231106762192|3231257495798|150733606|1585925485|00001117
openmpi-slave4|3231106762192|3231257495798|150733606|1585925485|01013187
openmpi-slave4|3231106762192|3231257495798|150733606|1585925485|00003351
openmpi-slave4|3231106762192|3231257495798|150733606|1585925485|00003528
openmpi-slave4|3231106762192|3231257495798|150733606|1585925485|00005113
openmpi-slave4|3231106762192|3231257495798|150733606|1585925485|00004409
openmpi-slave4|3231106762192|3231257495798|150733606|1585925485|00004321
openmpi-slave4|3231106762192|3231257495798|150733606|1585925485|00006119
openmpi-slave4|3231106762192|3231257495798|150733606|1585925485|00002939
openmpi-slave4|3231106762192|3231257495798|150733606|1585925485|03037994
openmpi-slave4|3231106762192|3231257495798|150733606|1585925485|00001103
openmpi-slave4|3231106762192|3231257495798|150733606|1585925485|00001252
openmpi-slave4|3231106762192|3231257495798|150733606|1585925485|00001043
openmpi-slave4|3231106762192|3231257495798|150733606|1585925485|00001232
openmpi-slave4|3231106762192|3231257495798|150733606|1585925485|00001189
openmpi-slave4|3231106762192|3231257495798|150733606|1585925485|00000943
openmpi-slave4|3231106762192|3231257495798|150733606|1585925485|00001056
openmpi-slave4|3231106762192|3231257495798|150733606|1585925485|00001146
