1585590517-0015-000|1584457183500415|1584457329267923|145767508|1585590519|01392151
1585590517-0015-000|1584460034424168|1584460175842862|141418694|1585590521|02758488
1585590517-0015-000|1584462899716579|1584463038536891|138820312|1585590524|02753143
1585590517-0015-000|1584465807029241|1584465954961204|147931963|1585590527|02823886
1585590517-0015-000|1584468803518109|1584468939905668|136387559|1585590530|02888078
1585590517-0015-000|1584471697162683|1584471827006694|129844011|1585590533|02783834
1585590517-0015-000|1584474603906902|1584474756100195|152193293|1585590536|02815905
1585590517-0015-000|1584477498513836|1584477639390558|140876722|1585590539|02786811
1585590517-0015-000|1584480430062893|1584480579233192|149170299|1585590542|02848598
1585590517-0015-000|1584483649801082|1584483790905746|141104664|1585590545|03115797
1585590517-0015-000|1584486543919196|1584486687103691|143184495|1585590548|02799990
1585590517-0015-000|1584489514467191|1584489664832321|150365130|1585590551|02859615
1585590517-0015-000|1584492652382749|1584492792911228|140528479|1585590554|03032870
1585590517-0015-000|1584495555325770|1584495704372086|149046316|1585590557|02803402
1585590517-0015-000|1584498450107855|1584498600714268|150606413|1585590560|02799192
1585590517-0015-000|1584501306492179|1584501460171106|153678927|1585590563|02759870
1585590517-0015-000|1584504224511065|1584504354323467|129812402|1585590566|02804020
1585590517-0015-000|1584507066117666|1584507210097664|143979998|1585590568|02743666
1585590517-0015-000|1584509883311065|1584510015947641|132636576|1585590571|02728116
1585590517-0015-000|1584512719884356|1584512855633002|135748646|1585590574|02739632
1585590517-0015-000|1584515572208524|1584515713537691|141329167|1585590577|02733771
1585590517-0015-000|1584518459106395|1584518605358430|146252035|1585590580|02797761
1585590517-0015-000|1584521360539962|1584521487905047|127365085|1585590583|02792157
1585590517-0015-000|1584524236205022|1584524373674676|137469654|1585590586|02779573
1585590517-0015-000|1584527131942617|1584527266973015|135030398|1585590588|02800022
1585590517-0015-000|1584530005098774|1584530135625438|130526664|1585590591|02771789
1585590517-0015-000|1584532898978421|1584533053702625|154724204|1585590594|02799912
1585590517-0015-000|1584535815810817|1584535963643696|147832879|1585590597|02819658
1585590517-0015-000|1584538783495527|1584538925393498|141897971|1585590600|02859893
1585590517-0015-000|1584542016275490|1584542175024891|158749401|1585590603|03139240
1585590517-0015-000|1584545284447256|1584545456332623|171885367|1585590607|03184337
1585590517-0015-000|1584548458654450|1584548613977432|155322982|1585590610|03054160
1585590517-0015-000|1584551524368595|1584551690417099|166048504|1585590613|02977618
1585590517-0015-000|1584554519668067|1584554661097390|141429323|1585590616|02883847
1585590517-0015-000|1584557464783974|1584557591079275|126295301|1585590619|02831852
1585590517-0015-000|1584560380796159|1584560529289548|148493389|1585590622|02827805
1585590517-0015-000|1584563395962125|1584563546305509|150343384|1585590625|02919751
1585590517-0015-000|1584566295530526|1584566434889146|139358620|1585590628|02795853
1585590517-0015-000|1584569170745611|1584569321060371|150314760|1585590631|02771777
1585590517-0015-000|1584572062508783|1584572199681382|137172599|1585590633|02787762
1585590517-0015-000|1584574958000627|1584575101830714|143830087|1585590636|02793511
1585590517-0015-000|1584577890967109|1584578041882065|150914956|1585590639|02843205
1585590517-0015-000|1584580823803092|1584580966846529|143043437|1585590642|02822839
1585590517-0015-000|1584583727070662|1584583877126076|150055414|1585590645|02811795
1585590517-0015-000|1584586620513129|1584586755771588|135258459|1585590648|02780012
1585590517-0015-000|1584589519371412|1584589660696999|141325587|1585590651|02811757
1585590517-0015-000|1584592502975050|1584592653679530|150704480|1585590654|02879690
1585590517-0015-000|1584595519900158|1584595673410610|153510452|1585590657|02931969
1585590517-0015-000|1584598526992188|1584598671955039|144962851|1585590660|02900063
1585590517-0015-000|1584601639128179|1584601790297847|151169668|1585590663|03007495
1585590517-0015-000|1584604835840104|1584605001143689|165303585|1585590666|03106811
1585590517-0015-000|1584607790308471|1584607938824565|148516094|1585590669|02844914
1585590517-0015-000|1584610809065395|1584610935732076|126666681|1585590672|02910460
1585590517-0015-000|1584613850402633|1584613998602293|148199660|1585590675|02945136
1585590517-0015-000|1584616786835033|1584616944055281|157220248|1585590678|02840156
1585590517-0015-000|1584619671887313|1584619837265111|165377798|1585590681|02793114
1585590517-0015-000|1584622782805473|1584622934707973|151902500|1585590684|03010286
1585590517-0015-000|1584625872784841|1584626015375288|142590447|1585590687|02979802
1585590517-0015-000|1584628994267084|1584629133873281|139606197|1585590690|03023895
1585590517-0015-000|1584632088490746|1584632232534307|144043561|1585590693|02985556
1585590517-0015-000|1584635167434218|1584635314547980|147113762|1585590697|02981916
1585590517-0015-000|1584638195945274|1584638342799422|146854148|1585590700|02939958
1585590517-0015-000|1584641115611782|1584641268074473|152462691|1585590702|02808203
1585590517-0015-000|1584644097022666|1584644227798401|130775735|1585590705|02875515
1585590517-0015-000|1584647018481884|1584647179200200|160718316|1585590708|02842366
1585590517-0015-000|1584649882422979|1584650036831833|154408854|1585590711|02750354
1585590517-0015-000|1584652795293521|1584652926566343|131272822|1585590714|02802580
1585590517-0015-000|1584655719810422|1584655867261932|147451510|1585590717|02839881
1585590517-0015-000|1584658719438320|1584658876815166|157376846|1585590720|02896893
1585590517-0015-000|1584661814751960|1584661963568650|148816690|1585590723|03006826
1585590517-0015-000|1584664946703319|1584665089828842|143125523|1585590726|03019856
1585590517-0015-000|1584667947940221|1584668097430811|149490590|1585590729|02895739
1585590517-0015-000|1584670984296682|1584671107647251|123350569|1585590732|02922467
1585590517-0015-000|1584673903986182|1584674051392041|147405859|1585590735|02843908
1585590517-0015-000|1584676811846408|1584676962876702|151030294|1585590738|02810945
1585590517-0015-000|1584679774436706|1584679925008356|150571650|1585590741|02849845
1585590517-0015-000|1584682662823795|1584682805698365|142874570|1585590744|02783897
1585590517-0015-000|1584685594724484|1584685738431716|143707232|1585590747|02839959
1585590517-0015-000|1584688569762972|1584688703971378|134208406|1585590750|02859524
1585590517-0015-000|1584691467278202|1584691591883301|124605099|1585590753|02800264
1585590517-0015-000|1584694448334694|1584694586916703|138582009|1585590756|02891700
1585590517-0015-000|1584697377204215|1584697528215297|151011082|1585590759|02827860
1585590517-0015-000|1584700304468404|1584700434680553|130212149|1585590762|02815910
1585590517-0015-000|1584703240439144|1584703404661321|164222177|1585590765|02859780
1585590517-0015-000|1584706134661722|1584706278600436|143938714|1585590768|02781730
1585590517-0015-000|1584709236980566|1584709374663666|137683100|1585590771|02998119
1585590517-0015-000|1584712159145532|1584712310075700|150930168|1585590774|02829199
1585590517-0015-000|1584715054676410|1584715195156175|140479765|1585590776|02794420
1585590517-0015-000|1584717991724953|1584718140419198|148694245|1585590779|02831708
1585590517-0015-000|1584721260163758|1584721460710262|200546504|1585590783|03216979
1585590517-0015-000|1584724523660623|1584724675474255|151813632|1585590786|03126823
1585590517-0015-000|1584727530719031|1584727700429427|169710396|1585590789|02913531
1585590517-0015-000|1584730515625207|1584730664924821|149299614|1585590792|02863159
1585590517-0015-000|1584733394295124|1584733530726939|136431815|1585590795|02782846
1585590517-0015-000|1584736303536255|1584736451085540|147549285|1585590798|02812958
1585590517-0015-000|1584739134879319|1584739283042206|148162887|1585590801|02735893
1585590517-0015-000|1584742107934080|1584742269867705|161933625|1585590803|02882737
1585590517-0015-000|1584745011443462|1584745154027042|142583580|1585590806|02781296
1585590517-0015-000|1584747963430287|1584748108605531|145175244|1585590809|02848082
1585590517-0015-000|1584751022684196|1584751162908421|140224225|1585590812|02969981
