1585578489-0000-000|1572428299233852|1572428377964516|78730664|1585578490|00189203
1585578489-0000-000|1572428896663192|1572428999933676|103270484|1585578490|00623555
1585578489-0000-000|1572429487001621|1572429633864746|146863125|1585578491|00638973
1585578489-0000-000|1572430030445405|1572430176314992|145869587|1585578491|00539680
1585578489-0000-000|1572430634375066|1572430774599653|140224587|1585578492|00608107
1585578489-0000-000|1572431138348785|1572431281030394|142681609|1585578493|00495763
1585578489-0000-000|1572431764759101|1572431890505525|125746424|1585578493|00611451
1585578489-0000-000|1572432233897472|1572432372223676|138326204|1585578494|00480204
1585578489-0000-000|1572432877490074|1572433016641786|139151712|1585578494|00641283
1585578489-0000-000|1572433485457686|1572433615859139|130401453|1585578495|00607422
1585578489-0000-000|1572433970397692|1572434112849515|142451823|1585578495|00494956
1585578489-0000-000|1572434594220101|1572434731140130|136920029|1585578496|00610327
1585578489-0000-000|1572435087434526|1572435236690119|149255593|1585578496|00506820
1585578489-0000-000|1572435718034993|1572435855943867|137908874|1585578497|00627392
1585578489-0000-000|1572436382152221|1572436511814427|129662206|1585578498|00658992
1585578489-0000-000|1572436869195827|1572437023151067|153955240|1585578498|00508926
1585578489-0000-000|1572437554810950|1572437701515987|146705037|1585578499|00670780
1585578489-0000-000|1572438069882678|1572438206760908|136878230|1585578499|00515802
1585578489-0000-000|1572438678500700|1572438826054563|147553863|1585578500|00611848
1585578489-0000-000|1572439254450127|1572439408424335|153974208|1585578501|00575895
1585578489-0000-000|1572439794093952|1572439948740815|154646863|1585578501|00537019
1585578489-0000-000|1572440409562292|1572440556664223|147101931|1585578502|00610802
1585578489-0000-000|1572440914227910|1572441066268489|152040579|1585578502|00515815
1585578489-0000-000|1572441511783495|1572441647500732|135717237|1585578503|00585581
1585578489-0000-000|1572442146859684|1572442286724470|139864786|1585578504|00639788
1585578489-0000-000|1572442654156375|1572442807989483|153833108|1585578504|00518115
1585578489-0000-000|1572443274317053|1572443421222643|146905590|1585578505|00608007
1585578489-0000-000|1572443890558830|1572444038126419|147567589|1585578505|00620907
1585578489-0000-000|1572444410665287|1572444547196787|136531500|1585578506|00514846
1585578489-0000-000|1572445032943046|1572445159928784|126985738|1585578506|00612210
1585578489-0000-000|1572445625500955|1572445764574720|139073765|1585578507|00596256
1585578489-0000-000|1572446139935509|1572446289367290|149431781|1585578508|00519159
1585578489-0000-000|1572446758645149|1572446904251113|145605964|1585578508|00619890
1585578489-0000-000|1572447309856621|1572447452749064|142892443|1585578509|00545063
1585578489-0000-000|1572447915026842|1572448034995348|119968506|1585578509|00594607
1585578489-0000-000|1572448406392152|1572448542664652|136272500|1585578510|00503200
1585578489-0000-000|1572449002129080|1572449134641386|132512306|1585578510|00590813
1585578489-0000-000|1572449487875996|1572449648972662|161096666|1585578511|00502901
1585578489-0000-000|1572450120815930|1572450263142343|142326413|1585578511|00619792
1585578489-0000-000|1572450733237999|1572450880913952|147675953|1585578512|00614676
1585578489-0000-000|1572451250125597|1572451393531270|143405673|1585578513|00511823
1585578489-0000-000|1572451850055632|1572452002087927|152032295|1585578513|00606187
1585578489-0000-000|1572452506171627|1572452646878671|140707044|1585578514|00657592
1585578489-0000-000|1572453018400499|1572453177139390|158738891|1585578514|00523791
1585578489-0000-000|1572453649667815|1572453791329027|141661212|1585578515|00607518
1585578489-0000-000|1572454159955823|1572454302429205|142473382|1585578516|00520315
1585578489-0000-000|1572454794219014|1572454931255569|137036555|1585578516|00631979
1585578489-0000-000|1572455340441287|1572455480796536|140355249|1585578517|00539847
1585578489-0000-000|1572455919839561|1572456068953529|149113968|1585578517|00587930
1585578489-0000-000|1572456553439534|1572456697959828|144520294|1585578518|00635601
1585578489-0000-000|1572457129117933|1572457272596998|143479065|1585578518|00568046
1585578489-0000-000|1572457732184514|1572457880795125|148610611|1585578519|00604905
1585578489-0000-000|1572458342443679|1572458479813441|137369762|1585578520|00613126
1585578489-0000-000|1572458900071254|1572459033382323|133311069|1585578520|00541517
1585578489-0000-000|1572459466466732|1572459616093185|149626453|1585578521|00580062
1585578489-0000-000|1572460024926982|1572460157526886|132599904|1585578521|00547662
1585578489-0000-000|1572460630174969|1572460778253393|148078424|1585578522|00617914
1585578489-0000-000|1572461196324010|1572461332802480|136478470|1585578523|00552473
1585578489-0000-000|1572461750160606|1572461879166178|129005572|1585578523|00561237
1585578489-0000-000|1572462368659422|1572462495396889|126737467|1585578524|00612272
1585578489-0000-000|1572462933326974|1572463081414864|148087890|1585578524|00575482
1585578489-0000-000|1572463481851139|1572463628991010|147139871|1585578525|00555864
1585578489-0000-000|1572464132914312|1572464278523672|145609360|1585578525|00647864
1585578489-0000-000|1572464781515933|1572464921976030|140460097|1585578526|00643943
1585578489-0000-000|1572465404885487|1572465546568213|141682726|1585578527|00621989
1585578489-0000-000|1572465948990893|1572466079184782|130193889|1585578527|00530073
1585578489-0000-000|1572466551610259|1572466700881162|149270903|1585578528|00616660
1585578489-0000-000|1572467067863436|1572467207334110|139470674|1585578528|00522752
1585578489-0000-000|1572467686264307|1572467855884523|169620216|1585578529|00633688
1585578489-0000-000|1572468218399339|1572468359982534|141583195|1585578530|00518161
1585578489-0000-000|1572468889439764|1572469036829412|147389648|1585578530|00663670
1585578489-0000-000|1572469453829057|1572469604428428|150599371|1585578531|00564714
1585578489-0000-000|1572470023995178|1572470181240784|157245606|1585578531|00580505
1585578489-0000-000|1572470692216194|1572470841419504|149203310|1585578532|00657082
1585578489-0000-000|1572471210496921|1572471358339183|147842262|1585578533|00521180
1585578489-0000-000|1572471835200877|1572471986797501|151596624|1585578533|00627872
1585578489-0000-000|1572472491462232|1572472643650302|152188070|1585578534|00667904
1585578489-0000-000|1572473086618157|1572473243963678|157345521|1585578534|00604065
1585578489-0000-000|1572473782135197|1572473925686546|143551349|1585578535|00675563
1585578489-0000-000|1572474341161718|1572474490315379|149153661|1585578536|00568053
1585578489-0000-000|1572474914167823|1572475072800659|158632836|1585578536|00567846
1585578489-0000-000|1572475566076686|1572475706019866|139943180|1585578537|00639762
1585578489-0000-000|1572476190211645|1572476341803073|151591428|1585578538|00643963
1585578489-0000-000|1572476742271774|1572476894540109|152268335|1585578538|00534528
1585578489-0000-000|1572477370630083|1572477515767050|145136967|1585578539|00637159
1585578489-0000-000|1572477885272429|1572478032907189|147634760|1585578539|00500982
1585578489-0000-000|1572478545600039|1572478689613084|144013045|1585578540|00660239
1585578489-0000-000|1572479059071851|1572479247501559|188429708|1585578540|00574439
1585578489-0000-000|1572479786418689|1572479952613628|166194939|1585578541|00687931
1585578489-0000-000|1572480506238372|1572480657910293|151671921|1585578542|00703815
1585578489-0000-000|1572481078583304|1572481257073824|178490520|1585578542|00607895
1585578489-0000-000|1572481779635125|1572481930890195|151255070|1585578543|00667816
1585578489-0000-000|1572482351307028|1572482530062108|178755080|1585578544|00607969
1585578489-0000-000|1572483025466950|1572483179077607|153610657|1585578544|00651866
1585578489-0000-000|1572483623968002|1572483769497358|145529356|1585578545|00579747
1585578489-0000-000|1572484232984422|1572484374125233|141140811|1585578546|00598238
1585578489-0000-000|1572484800731510|1572484945223841|144492331|1585578546|00571212
1585578489-0000-000|1572485396161960|1572485541016948|144854988|1585578547|00602174
1585578489-0000-000|1572486051701778|1572486187994591|136292813|1585578547|00655819
1585578489-0000-000|1572486582204966|1572486724055370|141850404|1585578548|00523836
