1585505405-0000-000|1499343671288182|1499344188677753|517389571|1585505405|00527285
1585505405-0000-000|1499344204368069|1499344716699572|512331503|1585505406|00517920
1585505405-0000-000|1499344735284899|1499345291679460|556394561|1585505407|00564868
1585505405-0000-000|1499345308712496|1499345827531719|518819223|1585505407|00525571
1585505405-0000-000|1499345843201133|1499346343017916|499816783|1585505408|00505345
1585505405-0000-000|1499346359332066|1499346859921849|500589783|1585505408|00506742
1585505405-0000-000|1499346875998008|1499347382102386|506104378|1585505409|00512059
1585505405-0000-000|1499347398563988|1499347875036087|476472099|1585505409|00482749
1585505405-0000-000|1499347891138257|1499348377019729|485881472|1585505410|00491820
1585505405-0000-000|1499348392376491|1499348904025544|511649053|1585505410|00516983
1585505405-0000-000|1499348919524655|1499349467561433|548036778|1585505411|00553592
1585505405-0000-000|1499349483092781|1499350033352830|550260049|1585505411|00555296
1585505405-0000-000|1499350049014271|1499350539301735|490287464|1585505412|00495740
1585505405-0000-000|1499350556635472|1499351027684467|471048995|1585505412|00478317
1585505405-0000-000|1499351043302943|1499351531753401|488450458|1585505413|00493923
1585505405-0000-000|1499351547155422|1499352084866006|537710584|1585505413|00542900
1585505405-0000-000|1499352101712164|1499352585996312|484284148|1585505414|00491040
1585505405-0000-000|1499352602480784|1499353103938643|501457859|1585505414|00508102
1585505405-0000-000|1499353119914160|1499353596480048|476565888|1585505415|00482068
1585505405-0000-000|1499353614580364|1499354101347567|486767203|1585505415|00494846
1585505405-0000-000|1499354119221007|1499354605132984|485911977|1585505416|00493523
1585505405-0000-000|1499354620440119|1499355094417201|473977082|1585505416|00479120
1585505405-0000-000|1499355110037334|1499355643001360|532964026|1585505417|00538524
1585505405-0000-000|1499355658846936|1499356154067640|495220704|1585505417|00500847
1585505405-0000-000|1499356169801034|1499356649322593|479521559|1585505418|00484963
1585505405-0000-000|1499356665773540|1499357150504342|484730802|1585505418|00491237
1585505405-0000-000|1499357166044925|1499357638776507|472731582|1585505419|00478081
1585505405-0000-000|1499357654466279|1499358122850328|468384049|1585505419|00473909
1585505405-0000-000|1499358138613152|1499358612898249|474285097|1585505420|00480079
1585505405-0000-000|1499358628206760|1499359093743450|465536690|1585505420|00470699
1585505405-0000-000|1499359109542550|1499359622550151|513007601|1585505421|00518517
1585505405-0000-000|1499359638451777|1499360103319508|464867731|1585505421|00470720
1585505405-0000-000|1499360128521537|1499360852608149|724086612|1585505422|00739828
1585505405-0000-000|1499360868902945|1499361341862948|472960003|1585505423|00478309
1585505405-0000-000|1499361357452723|1499361843397784|485945061|1585505423|00491443
1585505405-0000-000|1499361858895050|1499362598613035|739717985|1585505424|00745126
1585505405-0000-000|1499362614843637|1499363095811527|480967890|1585505424|00487160
1585505405-0000-000|1499363111616690|1499363594374927|482758237|1585505425|00488262
1585505405-0000-000|1499363609889277|1499364095343038|485453761|1585505425|00490724
1585505405-0000-000|1499364110582345|1499364593647878|483065533|1585505426|00488257
1585505405-0000-000|1499364609121256|1499365108920207|499798951|1585505426|00505377
1585505405-0000-000|1499365126422898|1499365609809505|483386607|1585505427|00490564
1585505405-0000-000|1499365626059061|1499366100821486|474762425|1585505427|00480863
1585505405-0000-000|1499366116323383|1499366612295739|495972356|1585505428|00501329
1585505405-0000-000|1499366627548853|1499367119430169|491881316|1585505428|00497025
1585505405-0000-000|1499367136299296|1499367615277124|478977828|1585505429|00485691
1585505405-0000-000|1499367630761074|1499368108645066|477883992|1585505429|00483211
1585505405-0000-000|1499368126240697|1499368647011403|520770706|1585505430|00528314
1585505405-0000-000|1499368663239823|1499369151912923|488673100|1585505430|00494725
1585505405-0000-000|1499369167162101|1499369648031730|480869629|1585505431|00485899
1585505405-0000-000|1499369663939588|1499370148401852|484462264|1585505431|00490274
1585505405-0000-000|1499370163937759|1499370636389494|472451735|1585505432|00477811
1585505405-0000-000|1499370651645245|1499371164503335|512858090|1585505432|00517995
1585505405-0000-000|1499371180605648|1499371693112642|512506994|1585505433|00518410
1585505405-0000-000|1499371709431685|1499372193213294|483781609|1585505433|00489955
1585505405-0000-000|1499372209652901|1499372733252514|523599613|1585505434|00530026
1585505405-0000-000|1499372748590095|1499373253055569|504465474|1585505434|00509527
1585505405-0000-000|1499373268522709|1499373740419404|471896695|1585505435|00477306
1585505405-0000-000|1499373756138239|1499374245736327|489598088|1585505435|00495146
1585505405-0000-000|1499374261364750|1499374734147369|472782619|1585505436|00478313
1585505405-0000-000|1499374750678277|1499375229328709|478650432|1585505436|00484967
1585505405-0000-000|1499375245477752|1499375747672150|502194398|1585505437|00508303
1585505405-0000-000|1499375763697710|1499376255918594|492220884|1585505437|00498094
1585505405-0000-000|1499376271287663|1499376748847398|477559735|1585505438|00482789
1585505405-0000-000|1499376764294082|1499377255057081|490762999|1585505438|00496021
1585505405-0000-000|1499377270480198|1499377753707852|483227654|1585505439|00488548
1585505405-0000-000|1499377771965114|1499378264338426|492373312|1585505439|00500498
1585505405-0000-000|1499378280409158|1499378774637334|494228176|1585505440|00500218
1585505405-0000-000|1499378790077737|1499379270899690|480821953|1585505440|00486022
1585505405-0000-000|1499379287972029|1499379772630013|484657984|1585505441|00491664
1585505405-0000-000|1499379788135886|1499380285054101|496918215|1585505442|00502240
1585505405-0000-000|1499380301613285|1499380792373944|490760659|1585505442|00497178
1585505405-0000-000|1499380809246105|1499381303728112|494482007|1585505443|00501236
1585505405-0000-000|1499381319346512|1499381819180597|499834085|1585505443|00505271
1585505405-0000-000|1499381834420017|1499382323168189|488748172|1585505444|00493851
1585505405-0000-000|1499382338533622|1499382809741049|471207427|1585505444|00476415
1585505405-0000-000|1499382825081092|1499383311944116|486863024|1585505445|00492190
1585505405-0000-000|1499383328235063|1499383804994374|476759311|1585505445|00482795
1585505405-0000-000|1499383820190092|1499384317943585|497753493|1585505446|00502935
1585505405-0000-000|1499384334105310|1499384828158316|494053006|1585505446|00500009
1585505405-0000-000|1499384843606456|1499385331230359|487623903|1585505447|00492858
1585505405-0000-000|1499385348092257|1499385826695201|478602944|1585505447|00485298
1585505405-0000-000|1499385842506497|1499386314499153|471992656|1585505448|00477684
1585505405-0000-000|1499386330718740|1499386806252546|475533806|1585505448|00481483
1585505405-0000-000|1499386821335695|1499387336449930|515114235|1585505449|00520261
1585505405-0000-000|1499387352298574|1499387865468241|513169667|1585505449|00518654
1585505405-0000-000|1499387880997208|1499388389661453|508664245|1585505450|00514181
1585505405-0000-000|1499388405350516|1499388897512061|492161545|1585505450|00497694
1585505405-0000-000|1499388913700050|1499389399403816|485703766|1585505451|00491743
1585505405-0000-000|1499389418129016|1499389944651307|526522291|1585505451|00535266
1585505405-0000-000|1499389960246673|1499390438256951|478010278|1585505452|00483253
1585505405-0000-000|1499390453763329|1499390963349535|509586206|1585505452|00514960
1585505405-0000-000|1499390979202929|1499391484853030|505650101|1585505453|00511464
1585505405-0000-000|1499391500638621|1499391981749371|481110750|1585505453|00486619
1585505405-0000-000|1499391997274957|1499392492711083|495436126|1585505454|00500919
1585505405-0000-000|1499392509102546|1499392982593118|473490572|1585505454|00479811
1585505405-0000-000|1499392998335090|1499393491927855|493592765|1585505455|00499111
1585505405-0000-000|1499393508529998|1499393995511206|486981208|1585505455|00493541
1585505405-0000-000|1499394011451212|1499394553083465|541632253|1585505456|00547340
1585505405-0000-000|1499394569909233|1499395125855344|555946111|1585505456|00562476
