openmpi-slave2|3252308111755|3252406619044|98507289|1585925506|00010331
openmpi-slave2|3252308111755|3252406619044|98507289|1585925506|00004350
openmpi-slave2|3252308111755|3252406619044|98507289|1585925506|00005332
openmpi-slave2|3252308111755|3252406619044|98507289|1585925506|00006784
openmpi-slave2|3252308111755|3252406619044|98507289|1585925506|00008982
openmpi-slave2|3252308111755|3252406619044|98507289|1585925506|00011488
openmpi-slave2|3252308111755|3252406619044|98507289|1585925506|00010021
openmpi-slave2|3252308111755|3252406619044|98507289|1585925506|00006695
openmpi-slave2|3252308111755|3252406619044|98507289|1585925506|00010792
openmpi-slave2|3252308111755|3252406619044|98507289|1585925506|00018323
openmpi-slave2|3252308111755|3252406619044|98507289|1585925506|00008533
openmpi-slave2|3252308111755|3252406619044|98507289|1585925506|00010600
openmpi-slave2|3252308111755|3252406619044|98507289|1585925506|00011238
openmpi-slave2|3252308111755|3252406619044|98507289|1585925506|00010872
openmpi-slave2|3252308111755|3252406619044|98507289|1585925506|00016035
openmpi-slave2|3252308111755|3252406619044|98507289|1585925506|00009970
openmpi-slave2|3252308111755|3252406619044|98507289|1585925506|00011956
openmpi-slave2|3252308111755|3252406619044|98507289|1585925506|00014089
openmpi-slave2|3252308111755|3252406619044|98507289|1585925506|00012462
openmpi-slave2|3252308111755|3252406619044|98507289|1585925506|00012717
openmpi-slave2|3252308111755|3252406619044|98507289|1585925506|00011533
openmpi-slave2|3252308111755|3252406619044|98507289|1585925506|00018097
openmpi-slave2|3252308111755|3252406619044|98507289|1585925506|00013892
openmpi-slave2|3252308111755|3252406619044|98507289|1585925506|00010880
openmpi-slave2|3252308111755|3252406619044|98507289|1585925506|00011805
openmpi-slave2|3252308111755|3252406619044|98507289|1585925506|00012620
openmpi-slave2|3252308111755|3252406619044|98507289|1585925506|00012010
openmpi-slave2|3252308111755|3252406619044|98507289|1585925506|00012335
openmpi-slave2|3252308111755|3252406619044|98507289|1585925506|00009436
openmpi-slave2|3252308111755|3252406619044|98507289|1585925506|00013883
openmpi-slave2|3252308111755|3252406619044|98507289|1585925506|00016196
openmpi-slave2|3252308111755|3252406619044|98507289|1585925506|00013866
openmpi-slave2|3252308111755|3252406619044|98507289|1585925506|00011723
openmpi-slave2|3252308111755|3252406619044|98507289|1585925506|00012766
openmpi-slave2|3252308111755|3252406619044|98507289|1585925506|00011922
openmpi-slave2|3252308111755|3252406619044|98507289|1585925506|00014151
openmpi-slave2|3252308111755|3252406619044|98507289|1585925506|00016420
openmpi-slave2|3252308111755|3252406619044|98507289|1585925506|00013306
openmpi-slave2|3252308111755|3252406619044|98507289|1585925506|00012742
openmpi-slave2|3252308111755|3252406619044|98507289|1585925506|00012172
openmpi-slave2|3252308111755|3252406619044|98507289|1585925506|00013403
openmpi-slave2|3252308111755|3252406619044|98507289|1585925506|00012682
openmpi-slave2|3252308111755|3252406619044|98507289|1585925506|00012570
openmpi-slave2|3252308111755|3252406619044|98507289|1585925506|00012968
openmpi-slave2|3252308111755|3252406619044|98507289|1585925506|00017108
openmpi-slave2|3252308111755|3252406619044|98507289|1585925506|00013470
openmpi-slave2|3252308111755|3252406619044|98507289|1585925506|00012707
openmpi-slave2|3252308111755|3252406619044|98507289|1585925506|00013227
openmpi-slave2|3252308111755|3252406619044|98507289|1585925506|00015551
openmpi-slave2|3252308111755|3252406619044|98507289|1585925506|00009949
openmpi-slave2|3252308111755|3252406619044|98507289|1585925506|00011959
openmpi-slave2|3252308111755|3252406619044|98507289|1585925506|00016074
openmpi-slave2|3252308111755|3252406619044|98507289|1585925506|00017286
openmpi-slave2|3252308111755|3252406619044|98507289|1585925506|00011789
openmpi-slave2|3252308111755|3252406619044|98507289|1585925506|00017443
openmpi-slave2|3252308111755|3252406619044|98507289|1585925506|00012670
openmpi-slave2|3252308111755|3252406619044|98507289|1585925506|00013277
openmpi-slave2|3252308111755|3252406619044|98507289|1585925506|00012416
openmpi-slave2|3252308111755|3252406619044|98507289|1585925506|00011363
openmpi-slave2|3252308111755|3252406619044|98507289|1585925506|00010781
openmpi-slave2|3252308111755|3252406619044|98507289|1585925506|00014685
openmpi-slave2|3252308111755|3252406619044|98507289|1585925506|00013583
openmpi-slave2|3252308111755|3252406619044|98507289|1585925506|00012939
openmpi-slave2|3252308111755|3252406619044|98507289|1585925506|00011175
openmpi-slave2|3252308111755|3252406619044|98507289|1585925506|00012568
openmpi-slave2|3252308111755|3252406619044|98507289|1585925506|00018580
openmpi-slave2|3252308111755|3252406619044|98507289|1585925506|00012240
openmpi-slave2|3252308111755|3252406619044|98507289|1585925506|00014482
openmpi-slave2|3252308111755|3252406619044|98507289|1585925506|01038379
openmpi-slave2|3252308111755|3252406619044|98507289|1585925506|00003829
openmpi-slave2|3262919234554|3263020424305|101189751|1585925517|01015477
openmpi-slave2|3262919234554|3263020424305|101189751|1585925517|03034474
openmpi-slave2|3262919234554|3263020424305|101189751|1585925517|00005297
openmpi-slave2|3262919234554|3263020424305|101189751|1585925517|00006549
openmpi-slave2|3262919234554|3263020424305|101189751|1585925517|00010366
openmpi-slave2|3262919234554|3263020424305|101189751|1585925517|00009565
openmpi-slave2|3262919234554|3263020424305|101189751|1585925517|00012116
openmpi-slave2|3262919234554|3263020424305|101189751|1585925517|00007341
openmpi-slave2|3262919234554|3263020424305|101189751|1585925517|00018144
openmpi-slave2|3262919234554|3263020424305|101189751|1585925517|00015455
openmpi-slave2|3262919234554|3263020424305|101189751|1585925517|00009143
openmpi-slave2|3262919234554|3263020424305|101189751|1585925517|00008708
openmpi-slave2|3262919234554|3263020424305|101189751|1585925517|00005352
openmpi-slave2|3262919234554|3263020424305|101189751|1585925517|00003682
openmpi-slave2|3262919234554|3263020424305|101189751|1585925517|00002862
openmpi-slave2|3262919234554|3263020424305|101189751|1585925517|00002242
openmpi-slave2|3262919234554|3263020424305|101189751|1585925517|01032963
openmpi-slave2|3262919234554|3263020424305|101189751|1585925517|00001736
openmpi-slave2|3262919234554|3263020424305|101189751|1585925517|01028364
openmpi-slave2|3262919234554|3263020424305|101189751|1585925517|00010412
openmpi-slave2|3262919234554|3263020424305|101189751|1585925517|00009066
openmpi-slave2|3262919234554|3263020424305|101189751|1585925517|01031527
openmpi-slave2|3262919234554|3263020424305|101189751|1585925517|00005637
openmpi-slave2|3262919234554|3263020424305|101189751|1585925517|00005556
openmpi-slave2|3262919234554|3263020424305|101189751|1585925517|00005810
openmpi-slave2|3262919234554|3263020424305|101189751|1585925517|00005848
openmpi-slave2|3262919234554|3263020424305|101189751|1585925517|00004491
openmpi-slave2|3262919234554|3263020424305|101189751|1585925517|00003208
openmpi-slave2|3262919234554|3263020424305|101189751|1585925517|00003846
openmpi-slave2|3262919234554|3263020424305|101189751|1585925517|00007992
