openmpi-master|3250161933499|3250253743408|91809909|1585925504|00027012
openmpi-master|3250161933499|3250253743408|91809909|1585925504|00013418
openmpi-master|3250161933499|3250253743408|91809909|1585925504|00008365
openmpi-master|3250161933499|3250253743408|91809909|1585925504|00006568
openmpi-master|3250161933499|3250253743408|91809909|1585925504|00016947
openmpi-master|3250161933499|3250253743408|91809909|1585925504|00017641
openmpi-master|3261074504558|3261151503276|76998718|1585925515|00016931
openmpi-master|3261074504558|3261151503276|76998718|1585925515|00021239
openmpi-master|3261074504558|3261151503276|76998718|1585925515|00013733
openmpi-master|3261074504558|3261151503276|76998718|1585925515|00012993
openmpi-master|3261074504558|3261151503276|76998718|1585925515|00009649
openmpi-master|3261074504558|3261151503276|76998718|1585925515|00011653
openmpi-master|3261074504558|3261151503276|76998718|1585925515|00013898
openmpi-master|3261074504558|3261151503276|76998718|1585925515|00011998
openmpi-master|3261074504558|3261151503276|76998718|1585925515|00012823
openmpi-master|3261074504558|3261151503276|76998718|1585925515|00011813
openmpi-master|3261074504558|3261151503276|76998718|1585925515|00013775
openmpi-master|3261074504558|3261151503276|76998718|1585925515|00013407
openmpi-master|3261074504558|3261151503276|76998718|1585925515|00010915
openmpi-master|3261074504558|3261151503276|76998718|1585925515|00012194
openmpi-master|3261074504558|3261151503276|76998718|1585925515|00011184
openmpi-master|3261074504558|3261151503276|76998718|1585925515|00012906
openmpi-master|3261074504558|3261151503276|76998718|1585925515|00011144
openmpi-master|3261074504558|3261151503276|76998718|1585925515|00010686
openmpi-master|3261074504558|3261151503276|76998718|1585925515|00013861
openmpi-master|3261074504558|3261151503276|76998718|1585925515|00013158
openmpi-master|3261074504558|3261151503276|76998718|1585925515|00008925
openmpi-master|3261074504558|3261151503276|76998718|1585925515|00013636
openmpi-master|3261074504558|3261151503276|76998718|1585925515|00011553
openmpi-master|3261074504558|3261151503276|76998718|1585925515|00012634
openmpi-master|3261074504558|3261151503276|76998718|1585925515|00011674
openmpi-master|3261074504558|3261151503276|76998718|1585925515|00014163
openmpi-master|3261074504558|3261151503276|76998718|1585925515|00011156
openmpi-master|3261074504558|3261151503276|76998718|1585925515|00013305
openmpi-master|3261074504558|3261151503276|76998718|1585925515|00012695
openmpi-master|3261074504558|3261151503276|76998718|1585925515|00010742
openmpi-master|3261074504558|3261151503276|76998718|1585925515|00008606
openmpi-master|3261074504558|3261151503276|76998718|1585925515|00012809
openmpi-master|3261074504558|3261151503276|76998718|1585925515|00012545
openmpi-master|3261074504558|3261151503276|76998718|1585925515|00012235
openmpi-master|3261074504558|3261151503276|76998718|1585925515|00012605
openmpi-master|3261074504558|3261151503276|76998718|1585925515|00012359
openmpi-master|3261074504558|3261151503276|76998718|1585925515|00010558
openmpi-master|3261074504558|3261151503276|76998718|1585925515|00014592
openmpi-master|3261074504558|3261151503276|76998718|1585925515|00012051
openmpi-master|3261074504558|3261151503276|76998718|1585925515|00012847
openmpi-master|3261074504558|3261151503276|76998718|1585925515|00010387
openmpi-master|3261074504558|3261151503276|76998718|1585925515|00009776
openmpi-master|3261074504558|3261151503276|76998718|1585925515|00011779
openmpi-master|3261074504558|3261151503276|76998718|1585925515|00010852
openmpi-master|3261074504558|3261151503276|76998718|1585925515|00012462
openmpi-master|3261074504558|3261151503276|76998718|1585925515|00011183
openmpi-master|3261074504558|3261151503276|76998718|1585925515|00015338
openmpi-master|3261074504558|3261151503276|76998718|1585925515|00013340
openmpi-master|3261074504558|3261151503276|76998718|1585925515|00012254
openmpi-master|3261074504558|3261151503276|76998718|1585925515|00013192
openmpi-master|3261074504558|3261151503276|76998718|1585925515|00012509
openmpi-master|3261074504558|3261151503276|76998718|1585925515|00010807
openmpi-master|3261074504558|3261151503276|76998718|1585925515|00011176
openmpi-master|3261074504558|3261151503276|76998718|1585925515|00009865
openmpi-master|3261074504558|3261151503276|76998718|1585925515|00012525
openmpi-master|3261074504558|3261151503276|76998718|1585925515|00011995
openmpi-master|3261074504558|3261151503276|76998718|1585925515|00010157
openmpi-master|3261074504558|3261151503276|76998718|1585925515|00014673
openmpi-master|3261074504558|3261151503276|76998718|1585925515|00011356
openmpi-master|3261074504558|3261151503276|76998718|1585925515|00013900
openmpi-master|3261074504558|3261151503276|76998718|1585925515|00011800
openmpi-master|3261074504558|3261151503276|76998718|1585925515|00011181
openmpi-master|3261074504558|3261151503276|76998718|1585925515|00007491
openmpi-master|3261074504558|3261151503276|76998718|1585925515|01038052
openmpi-master|3261074504558|3261151503276|76998718|1585925515|01012539
openmpi-master|3261074504558|3261151503276|76998718|1585925515|00007510
openmpi-master|3261074504558|3261151503276|76998718|1585925515|03032308
openmpi-master|3261074504558|3261151503276|76998718|1585925515|00005642
openmpi-master|3261074504558|3261151503276|76998718|1585925515|00002985
openmpi-master|3261074504558|3261151503276|76998718|1585925515|00002153
openmpi-master|3261074504558|3261151503276|76998718|1585925515|00004980
openmpi-master|3261074504558|3261151503276|76998718|1585925515|00002604
openmpi-master|3261074504558|3261151503276|76998718|1585925515|00001991
openmpi-master|3261074504558|3261151503276|76998718|1585925515|00007847
openmpi-master|3261074504558|3261151503276|76998718|1585925515|00010179
openmpi-master|3261074504558|3261151503276|76998718|1585925515|00007309
openmpi-master|3261074504558|3261151503276|76998718|1585925515|00007094
openmpi-master|3261074504558|3261151503276|76998718|1585925515|00007715
openmpi-master|3261074504558|3261151503276|76998718|1585925515|00014859
openmpi-master|3261074504558|3261151503276|76998718|1585925515|01007772
openmpi-master|3261074504558|3261151503276|76998718|1585925515|00001470
openmpi-master|3261074504558|3261151503276|76998718|1585925515|00001725
openmpi-master|3261074504558|3261151503276|76998718|1585925515|00001595
openmpi-master|3261074504558|3261151503276|76998718|1585925515|00001676
openmpi-master|3261074504558|3261151503276|76998718|1585925515|00001774
openmpi-master|3261074504558|3261151503276|76998718|1585925515|00002456
openmpi-master|3261074504558|3261151503276|76998718|1585925515|00001548
openmpi-master|3261074504558|3261151503276|76998718|1585925515|00001827
openmpi-master|3261074504558|3261151503276|76998718|1585925515|00002172
openmpi-master|3261074504558|3261151503276|76998718|1585925515|00002504
openmpi-master|3261074504558|3261151503276|76998718|1585925515|00002608
openmpi-master|3261074504558|3261151503276|76998718|1585925515|00003574
openmpi-master|3261074504558|3261151503276|76998718|1585925515|00020683
openmpi-master|3261074504558|3261151503276|76998718|1585925515|00010345
