openmpi-slave3|3252221076354|3252259329001|38252647|1585925506|00028345
openmpi-slave3|3252221076354|3252259329001|38252647|1585925506|00013793
openmpi-slave3|3252221076354|3252259329001|38252647|1585925506|00016809
openmpi-slave3|3252221076354|3252259329001|38252647|1585925506|00015490
openmpi-slave3|3252221076354|3252259329001|38252647|1585925506|00015743
openmpi-slave3|3252221076354|3252259329001|38252647|1585925506|00009646
openmpi-slave3|3252221076354|3252259329001|38252647|1585925506|00015877
openmpi-slave3|3252221076354|3252259329001|38252647|1585925506|00012344
openmpi-slave3|3252221076354|3252259329001|38252647|1585925506|00014044
openmpi-slave3|3252221076354|3252259329001|38252647|1585925506|00012805
openmpi-slave3|3252221076354|3252259329001|38252647|1585925506|00012873
openmpi-slave3|3252221076354|3252259329001|38252647|1585925506|00011674
openmpi-slave3|3252221076354|3252259329001|38252647|1585925506|00018600
openmpi-slave3|3252221076354|3252259329001|38252647|1585925506|00013376
openmpi-slave3|3252221076354|3252259329001|38252647|1585925506|00010690
openmpi-slave3|3252221076354|3252259329001|38252647|1585925506|00012034
openmpi-slave3|3252221076354|3252259329001|38252647|1585925506|00012703
openmpi-slave3|3252221076354|3252259329001|38252647|1585925506|00011795
openmpi-slave3|3252221076354|3252259329001|38252647|1585925506|00012152
openmpi-slave3|3252221076354|3252259329001|38252647|1585925506|00009367
openmpi-slave3|3252221076354|3252259329001|38252647|1585925506|00021162
openmpi-slave3|3252221076354|3252259329001|38252647|1585925506|00009448
openmpi-slave3|3252221076354|3252259329001|38252647|1585925506|00013366
openmpi-slave3|3252221076354|3252259329001|38252647|1585925506|00011660
openmpi-slave3|3252221076354|3252259329001|38252647|1585925506|00012678
openmpi-slave3|3252221076354|3252259329001|38252647|1585925506|00018308
openmpi-slave3|3252221076354|3252259329001|38252647|1585925506|00013367
openmpi-slave3|3252221076354|3252259329001|38252647|1585925506|00011628
openmpi-slave3|3252221076354|3252259329001|38252647|1585925506|00013083
openmpi-slave3|3252221076354|3252259329001|38252647|1585925506|00012499
openmpi-slave3|3252221076354|3252259329001|38252647|1585925506|00012414
openmpi-slave3|3252221076354|3252259329001|38252647|1585925506|00013050
openmpi-slave3|3252221076354|3252259329001|38252647|1585925506|00012759
openmpi-slave3|3252221076354|3252259329001|38252647|1585925506|00012367
openmpi-slave3|3252221076354|3252259329001|38252647|1585925506|00012882
openmpi-slave3|3252221076354|3252259329001|38252647|1585925506|00012423
openmpi-slave3|3252221076354|3252259329001|38252647|1585925506|00011194
openmpi-slave3|3252221076354|3252259329001|38252647|1585925506|00014069
openmpi-slave3|3252221076354|3252259329001|38252647|1585925506|00018195
openmpi-slave3|3252221076354|3252259329001|38252647|1585925506|00012106
openmpi-slave3|3252221076354|3252259329001|38252647|1585925506|00013676
openmpi-slave3|3252221076354|3252259329001|38252647|1585925506|00012145
openmpi-slave3|3252221076354|3252259329001|38252647|1585925506|00011132
openmpi-slave3|3252221076354|3252259329001|38252647|1585925506|00012891
openmpi-slave3|3252221076354|3252259329001|38252647|1585925506|00016605
openmpi-slave3|3252221076354|3252259329001|38252647|1585925506|00011077
openmpi-slave3|3252221076354|3252259329001|38252647|1585925506|00012481
openmpi-slave3|3252221076354|3252259329001|38252647|1585925506|00012944
openmpi-slave3|3252221076354|3252259329001|38252647|1585925506|00013043
openmpi-slave3|3252221076354|3252259329001|38252647|1585925506|00016718
openmpi-slave3|3252221076354|3252259329001|38252647|1585925506|00010764
openmpi-slave3|3252221076354|3252259329001|38252647|1585925506|00010777
openmpi-slave3|3252221076354|3252259329001|38252647|1585925506|00010504
openmpi-slave3|3252221076354|3252259329001|38252647|1585925506|00013476
openmpi-slave3|3252221076354|3252259329001|38252647|1585925506|00014695
openmpi-slave3|3252221076354|3252259329001|38252647|1585925506|00013848
openmpi-slave3|3252221076354|3252259329001|38252647|1585925506|00012505
openmpi-slave3|3252221076354|3252259329001|38252647|1585925506|00014201
openmpi-slave3|3252221076354|3252259329001|38252647|1585925506|00012079
openmpi-slave3|3252221076354|3252259329001|38252647|1585925506|00011413
openmpi-slave3|3252221076354|3252259329001|38252647|1585925506|01024754
openmpi-slave3|3252221076354|3252259329001|38252647|1585925506|00012197
openmpi-slave3|3262955256486|3263029129409|73872923|1585925517|01005574
openmpi-slave3|3262955256486|3263029129409|73872923|1585925517|00002220
openmpi-slave3|3262955256486|3263029129409|73872923|1585925517|00003260
openmpi-slave3|3262955256486|3263029129409|73872923|1585925517|00003499
openmpi-slave3|3262955256486|3263029129409|73872923|1585925517|00005365
openmpi-slave3|3262955256486|3263029129409|73872923|1585925517|00007551
openmpi-slave3|3262955256486|3263029129409|73872923|1585925517|03049069
openmpi-slave3|3262955256486|3263029129409|73872923|1585925517|00002450
openmpi-slave3|3262955256486|3263029129409|73872923|1585925517|00005404
openmpi-slave3|3262955256486|3263029129409|73872923|1585925517|00003717
openmpi-slave3|3262955256486|3263029129409|73872923|1585925517|00010218
openmpi-slave3|3262955256486|3263029129409|73872923|1585925517|00008428
openmpi-slave3|3262955256486|3263029129409|73872923|1585925517|00006837
openmpi-slave3|3262955256486|3263029129409|73872923|1585925517|00014057
openmpi-slave3|3262955256486|3263029129409|73872923|1585925517|00017986
openmpi-slave3|3262955256486|3263029129409|73872923|1585925517|00006580
openmpi-slave3|3262955256486|3263029129409|73872923|1585925517|00008708
openmpi-slave3|3262955256486|3263029129409|73872923|1585925517|01006882
openmpi-slave3|3262955256486|3263029129409|73872923|1585925517|00002586
openmpi-slave3|3262955256486|3263029129409|73872923|1585925517|00004212
openmpi-slave3|3262955256486|3263029129409|73872923|1585925517|00007622
openmpi-slave3|3262955256486|3263029129409|73872923|1585925517|00012289
openmpi-slave3|3262955256486|3263029129409|73872923|1585925517|00003042
openmpi-slave3|3262955256486|3263029129409|73872923|1585925517|00004436
openmpi-slave3|3262955256486|3263029129409|73872923|1585925517|01019412
openmpi-slave3|3262955256486|3263029129409|73872923|1585925517|00007781
openmpi-slave3|3262955256486|3263029129409|73872923|1585925517|00007824
openmpi-slave3|3262955256486|3263029129409|73872923|1585925517|00010188
openmpi-slave3|3262955256486|3263029129409|73872923|1585925517|00006971
openmpi-slave3|3262955256486|3263029129409|73872923|1585925517|01022961
openmpi-slave3|3262955256486|3263029129409|73872923|1585925517|00006373
openmpi-slave3|3262955256486|3263029129409|73872923|1585925517|00007554
openmpi-slave3|3262955256486|3263029129409|73872923|1585925517|00005541
openmpi-slave3|3262955256486|3263029129409|73872923|1585925517|00005165
openmpi-slave3|3262955256486|3263029129409|73872923|1585925517|00003344
openmpi-slave3|3262955256486|3263029129409|73872923|1585925517|00006292
openmpi-slave3|3262955256486|3263029129409|73872923|1585925517|00004605
openmpi-slave3|3262955256486|3263029129409|73872923|1585925517|00003588
