openmpi-slave4|3252275773968|3252377585266|101811298|1585925506|00007211
openmpi-slave4|3252275773968|3252377585266|101811298|1585925506|00006788
openmpi-slave4|3252275773968|3252377585266|101811298|1585925506|00009033
openmpi-slave4|3252275773968|3252377585266|101811298|1585925506|00008976
openmpi-slave4|3252275773968|3252377585266|101811298|1585925506|00006453
openmpi-slave4|3252275773968|3252377585266|101811298|1585925506|00017175
openmpi-slave4|3252275773968|3252377585266|101811298|1585925506|00014125
openmpi-slave4|3252275773968|3252377585266|101811298|1585925506|00014460
openmpi-slave4|3252275773968|3252377585266|101811298|1585925506|00010709
openmpi-slave4|3252275773968|3252377585266|101811298|1585925506|00010361
openmpi-slave4|3252275773968|3252377585266|101811298|1585925506|00012055
openmpi-slave4|3252275773968|3252377585266|101811298|1585925506|00013317
openmpi-slave4|3252275773968|3252377585266|101811298|1585925506|00013656
openmpi-slave4|3252275773968|3252377585266|101811298|1585925506|00014558
openmpi-slave4|3252275773968|3252377585266|101811298|1585925506|00014132
openmpi-slave4|3252275773968|3252377585266|101811298|1585925506|00012157
openmpi-slave4|3252275773968|3252377585266|101811298|1585925506|00012909
openmpi-slave4|3252275773968|3252377585266|101811298|1585925506|00012097
openmpi-slave4|3252275773968|3252377585266|101811298|1585925506|00013930
openmpi-slave4|3252275773968|3252377585266|101811298|1585925506|00013237
openmpi-slave4|3252275773968|3252377585266|101811298|1585925506|00010819
openmpi-slave4|3252275773968|3252377585266|101811298|1585925506|00012255
openmpi-slave4|3252275773968|3252377585266|101811298|1585925506|00011264
openmpi-slave4|3252275773968|3252377585266|101811298|1585925506|00013016
openmpi-slave4|3252275773968|3252377585266|101811298|1585925506|00011144
openmpi-slave4|3252275773968|3252377585266|101811298|1585925506|00014763
openmpi-slave4|3252275773968|3252377585266|101811298|1585925506|00014383
openmpi-slave4|3252275773968|3252377585266|101811298|1585925506|00011587
openmpi-slave4|3252275773968|3252377585266|101811298|1585925506|00012009
openmpi-slave4|3252275773968|3252377585266|101811298|1585925506|00012746
openmpi-slave4|3252275773968|3252377585266|101811298|1585925506|00012941
openmpi-slave4|3252275773968|3252377585266|101811298|1585925506|00011276
openmpi-slave4|3252275773968|3252377585266|101811298|1585925506|00013506
openmpi-slave4|3252275773968|3252377585266|101811298|1585925506|00017622
openmpi-slave4|3252275773968|3252377585266|101811298|1585925506|00013269
openmpi-slave4|3252275773968|3252377585266|101811298|1585925506|00012974
openmpi-slave4|3252275773968|3252377585266|101811298|1585925506|00010801
openmpi-slave4|3252275773968|3252377585266|101811298|1585925506|00008761
openmpi-slave4|3252275773968|3252377585266|101811298|1585925506|00012655
openmpi-slave4|3252275773968|3252377585266|101811298|1585925506|00012578
openmpi-slave4|3252275773968|3252377585266|101811298|1585925506|00012237
openmpi-slave4|3252275773968|3252377585266|101811298|1585925506|00012697
openmpi-slave4|3252275773968|3252377585266|101811298|1585925506|00012500
openmpi-slave4|3252275773968|3252377585266|101811298|1585925506|00010859
openmpi-slave4|3252275773968|3252377585266|101811298|1585925506|00014424
openmpi-slave4|3252275773968|3252377585266|101811298|1585925506|00011976
openmpi-slave4|3252275773968|3252377585266|101811298|1585925506|00013248
openmpi-slave4|3252275773968|3252377585266|101811298|1585925506|00010056
openmpi-slave4|3252275773968|3252377585266|101811298|1585925506|00010064
openmpi-slave4|3252275773968|3252377585266|101811298|1585925506|00015766
openmpi-slave4|3252275773968|3252377585266|101811298|1585925506|00011980
openmpi-slave4|3252275773968|3252377585266|101811298|1585925506|00017242
openmpi-slave4|3252275773968|3252377585266|101811298|1585925506|00011729
openmpi-slave4|3252275773968|3252377585266|101811298|1585925506|00012109
openmpi-slave4|3252275773968|3252377585266|101811298|1585925506|00012500
openmpi-slave4|3252275773968|3252377585266|101811298|1585925506|00013741
openmpi-slave4|3252275773968|3252377585266|101811298|1585925506|00017271
openmpi-slave4|3252275773968|3252377585266|101811298|1585925506|00010943
openmpi-slave4|3252275773968|3252377585266|101811298|1585925506|00011228
openmpi-slave4|3252275773968|3252377585266|101811298|1585925506|00010077
openmpi-slave4|3252275773968|3252377585266|101811298|1585925506|00012492
openmpi-slave4|3252275773968|3252377585266|101811298|1585925506|00012175
openmpi-slave4|3252275773968|3252377585266|101811298|1585925506|00013213
openmpi-slave4|3252275773968|3252377585266|101811298|1585925506|00011695
openmpi-slave4|3252275773968|3252377585266|101811298|1585925506|00011530
openmpi-slave4|3252275773968|3252377585266|101811298|1585925506|00013997
openmpi-slave4|3252275773968|3252377585266|101811298|1585925506|00011787
openmpi-slave4|3252275773968|3252377585266|101811298|1585925506|00011153
openmpi-slave4|3252275773968|3252377585266|101811298|1585925506|01011410
openmpi-slave4|3252275773968|3252377585266|101811298|1585925506|00007878
openmpi-slave4|3252275773968|3252377585266|101811298|1585925506|00005574
openmpi-slave4|3252275773968|3252377585266|101811298|1585925506|00015203
openmpi-slave4|3262931397670|3263022658679|91261009|1585925517|03038636
openmpi-slave4|3262931397670|3263022658679|91261009|1585925517|00001487
openmpi-slave4|3262931397670|3263022658679|91261009|1585925517|00001930
openmpi-slave4|3262931397670|3263022658679|91261009|1585925517|00002210
openmpi-slave4|3262931397670|3263022658679|91261009|1585925517|00001881
openmpi-slave4|3262931397670|3263022658679|91261009|1585925517|00001904
openmpi-slave4|3262931397670|3263022658679|91261009|1585925517|00002056
openmpi-slave4|3262931397670|3263022658679|91261009|1585925517|00001341
openmpi-slave4|3262931397670|3263022658679|91261009|1585925517|00003270
openmpi-slave4|3262931397670|3263022658679|91261009|1585925517|00003465
openmpi-slave4|3262931397670|3263022658679|91261009|1585925517|00003714
openmpi-slave4|3262931397670|3263022658679|91261009|1585925517|00008620
openmpi-slave4|3262931397670|3263022658679|91261009|1585925517|00007181
openmpi-slave4|3262931397670|3263022658679|91261009|1585925517|00006760
openmpi-slave4|3262931397670|3263022658679|91261009|1585925517|00005483
openmpi-slave4|3262931397670|3263022658679|91261009|1585925517|00003123
openmpi-slave4|3262931397670|3263022658679|91261009|1585925517|00002508
openmpi-slave4|3262931397670|3263022658679|91261009|1585925517|01046829
openmpi-slave4|3262931397670|3263022658679|91261009|1585925517|01006740
openmpi-slave4|3262931397670|3263022658679|91261009|1585925517|00004439
openmpi-slave4|3262931397670|3263022658679|91261009|1585925517|00001612
openmpi-slave4|3262931397670|3263022658679|91261009|1585925517|00002159
openmpi-slave4|3262931397670|3263022658679|91261009|1585925517|00001898
openmpi-slave4|3262931397670|3263022658679|91261009|1585925517|00002912
openmpi-slave4|3262931397670|3263022658679|91261009|1585925517|00002946
openmpi-slave4|3262931397670|3263022658679|91261009|1585925517|00001508
openmpi-slave4|3262931397670|3263022658679|91261009|1585925517|00004892
openmpi-slave4|3262931397670|3263022658679|91261009|1585925517|00007352
