openmpi-slave3|3252221076354|3252259329001|38252647|1585925506|00011915
openmpi-slave3|3252221076354|3252259329001|38252647|1585925506|00016359
openmpi-slave3|3252221076354|3252259329001|38252647|1585925506|00022300
openmpi-slave3|3252221076354|3252259329001|38252647|1585925506|00011300
openmpi-slave3|3252221076354|3252259329001|38252647|1585925506|00010776
openmpi-slave3|3252221076354|3252259329001|38252647|1585925506|00011401
openmpi-slave3|3252221076354|3252259329001|38252647|1585925506|00014064
openmpi-slave3|3252221076354|3252259329001|38252647|1585925506|00013191
openmpi-slave3|3252221076354|3252259329001|38252647|1585925506|00014883
openmpi-slave3|3252221076354|3252259329001|38252647|1585925506|00012922
openmpi-slave3|3252221076354|3252259329001|38252647|1585925506|00013575
openmpi-slave3|3252221076354|3252259329001|38252647|1585925506|00017909
openmpi-slave3|3252221076354|3252259329001|38252647|1585925506|00012043
openmpi-slave3|3252221076354|3252259329001|38252647|1585925506|00014003
openmpi-slave3|3252221076354|3252259329001|38252647|1585925506|00013218
openmpi-slave3|3252221076354|3252259329001|38252647|1585925506|00011073
openmpi-slave3|3252221076354|3252259329001|38252647|1585925506|00016754
openmpi-slave3|3252221076354|3252259329001|38252647|1585925506|00012682
openmpi-slave3|3252221076354|3252259329001|38252647|1585925506|00011924
openmpi-slave3|3252221076354|3252259329001|38252647|1585925506|00012251
openmpi-slave3|3252221076354|3252259329001|38252647|1585925506|00009620
openmpi-slave3|3252221076354|3252259329001|38252647|1585925506|00021441
openmpi-slave3|3252221076354|3252259329001|38252647|1585925506|00014866
openmpi-slave3|3252221076354|3252259329001|38252647|1585925506|00012965
openmpi-slave3|3252221076354|3252259329001|38252647|1585925506|00017758
openmpi-slave3|3252221076354|3252259329001|38252647|1585925506|00011917
openmpi-slave3|3252221076354|3252259329001|38252647|1585925506|00014613
openmpi-slave3|3252221076354|3252259329001|38252647|1585925506|00016250
openmpi-slave3|3252221076354|3252259329001|38252647|1585925506|00013664
openmpi-slave3|3252221076354|3252259329001|38252647|1585925506|00012906
openmpi-slave3|3252221076354|3252259329001|38252647|1585925506|00012343
openmpi-slave3|3252221076354|3252259329001|38252647|1585925506|00012932
openmpi-slave3|3252221076354|3252259329001|38252647|1585925506|00012691
openmpi-slave3|3252221076354|3252259329001|38252647|1585925506|00012339
openmpi-slave3|3252221076354|3252259329001|38252647|1585925506|00012897
openmpi-slave3|3252221076354|3252259329001|38252647|1585925506|00015102
openmpi-slave3|3252221076354|3252259329001|38252647|1585925506|00008608
openmpi-slave3|3252221076354|3252259329001|38252647|1585925506|00014132
openmpi-slave3|3252221076354|3252259329001|38252647|1585925506|00012048
openmpi-slave3|3252221076354|3252259329001|38252647|1585925506|00013328
openmpi-slave3|3252221076354|3252259329001|38252647|1585925506|00013790
openmpi-slave3|3252221076354|3252259329001|38252647|1585925506|00012736
openmpi-slave3|3252221076354|3252259329001|38252647|1585925506|00009994
openmpi-slave3|3252221076354|3252259329001|38252647|1585925506|00017126
openmpi-slave3|3252221076354|3252259329001|38252647|1585925506|00011565
openmpi-slave3|3252221076354|3252259329001|38252647|1585925506|00011148
openmpi-slave3|3252221076354|3252259329001|38252647|1585925506|00017561
openmpi-slave3|3252221076354|3252259329001|38252647|1585925506|00012353
openmpi-slave3|3252221076354|3252259329001|38252647|1585925506|00013445
openmpi-slave3|3252221076354|3252259329001|38252647|1585925506|00012352
openmpi-slave3|3252221076354|3252259329001|38252647|1585925506|00011290
openmpi-slave3|3252221076354|3252259329001|38252647|1585925506|00010872
openmpi-slave3|3252221076354|3252259329001|38252647|1585925506|00014725
openmpi-slave3|3252221076354|3252259329001|38252647|1585925506|00013552
openmpi-slave3|3252221076354|3252259329001|38252647|1585925506|00012564
openmpi-slave3|3252221076354|3252259329001|38252647|1585925506|00011471
openmpi-slave3|3252221076354|3252259329001|38252647|1585925506|00012523
openmpi-slave3|3252221076354|3252259329001|38252647|1585925506|00012422
openmpi-slave3|3252221076354|3252259329001|38252647|1585925506|00013137
openmpi-slave3|3252221076354|3252259329001|38252647|1585925506|00013933
openmpi-slave3|3252221076354|3252259329001|38252647|1585925506|01024445
openmpi-slave3|3252221076354|3252259329001|38252647|1585925506|00008117
openmpi-slave3|3252221076354|3252259329001|38252647|1585925506|00011980
openmpi-slave3|3252221076354|3252259329001|38252647|1585925506|00003707
openmpi-slave3|3262955256486|3263029129409|73872923|1585925517|03046456
openmpi-slave3|3262955256486|3263029129409|73872923|1585925517|00003745
openmpi-slave3|3262955256486|3263029129409|73872923|1585925517|00003404
openmpi-slave3|3262955256486|3263029129409|73872923|1585925517|00003700
openmpi-slave3|3262955256486|3263029129409|73872923|1585925517|00008303
openmpi-slave3|3262955256486|3263029129409|73872923|1585925517|00007388
openmpi-slave3|3262955256486|3263029129409|73872923|1585925517|00006876
openmpi-slave3|3262955256486|3263029129409|73872923|1585925517|00006195
openmpi-slave3|3262955256486|3263029129409|73872923|1585925517|00002932
openmpi-slave3|3262955256486|3263029129409|73872923|1585925517|01016064
openmpi-slave3|3262955256486|3263029129409|73872923|1585925517|00015042
openmpi-slave3|3262955256486|3263029129409|73872923|1585925517|01002917
openmpi-slave3|3262955256486|3263029129409|73872923|1585925517|00001217
openmpi-slave3|3262955256486|3263029129409|73872923|1585925517|00001922
openmpi-slave3|3262955256486|3263029129409|73872923|1585925517|00001669
openmpi-slave3|3262955256486|3263029129409|73872923|1585925517|00001323
openmpi-slave3|3262955256486|3263029129409|73872923|1585925517|00001401
openmpi-slave3|3262955256486|3263029129409|73872923|1585925517|00001420
openmpi-slave3|3262955256486|3263029129409|73872923|1585925517|00001589
openmpi-slave3|3262955256486|3263029129409|73872923|1585925517|00001860
openmpi-slave3|3262955256486|3263029129409|73872923|1585925517|00002326
openmpi-slave3|3262955256486|3263029129409|73872923|1585925517|00001899
openmpi-slave3|3262955256486|3263029129409|73872923|1585925517|00002026
openmpi-slave3|3262955256486|3263029129409|73872923|1585925517|00002471
openmpi-slave3|3262955256486|3263029129409|73872923|1585925517|00001485
openmpi-slave3|3262955256486|3263029129409|73872923|1585925517|00002014
openmpi-slave3|3262955256486|3263029129409|73872923|1585925517|00002244
openmpi-slave3|3262955256486|3263029129409|73872923|1585925517|00002595
openmpi-slave3|3262955256486|3263029129409|73872923|1585925517|00003618
openmpi-slave3|3262955256486|3263029129409|73872923|1585925517|00004774
openmpi-slave3|3262955256486|3263029129409|73872923|1585925517|00003918
openmpi-slave3|3262955256486|3263029129409|73872923|1585925517|00013175
openmpi-slave3|3262955256486|3263029129409|73872923|1585925517|00011885
openmpi-slave3|3262955256486|3263029129409|73872923|1585925517|01021422
openmpi-slave3|3262955256486|3263029129409|73872923|1585925517|00009013
openmpi-slave3|3262955256486|3263029129409|73872923|1585925517|00006809
