openmpi-slave1|3252306952284|3252410134475|103182191|1585925506|00021768
openmpi-slave1|3252306952284|3252410134475|103182191|1585925506|00017465
openmpi-slave1|3252306952284|3252410134475|103182191|1585925506|00014234
openmpi-slave1|3252306952284|3252410134475|103182191|1585925506|00017309
openmpi-slave1|3252306952284|3252410134475|103182191|1585925506|00012574
openmpi-slave1|3252306952284|3252410134475|103182191|1585925506|00011591
openmpi-slave1|3252306952284|3252410134475|103182191|1585925506|00014717
openmpi-slave1|3252306952284|3252410134475|103182191|1585925506|00012814
openmpi-slave1|3252306952284|3252410134475|103182191|1585925506|00014748
openmpi-slave1|3252306952284|3252410134475|103182191|1585925506|00013072
openmpi-slave1|3252306952284|3252410134475|103182191|1585925506|00013547
openmpi-slave1|3252306952284|3252410134475|103182191|1585925506|00017942
openmpi-slave1|3252306952284|3252410134475|103182191|1585925506|00011887
openmpi-slave1|3252306952284|3252410134475|103182191|1585925506|00014016
openmpi-slave1|3252306952284|3252410134475|103182191|1585925506|00013406
openmpi-slave1|3252306952284|3252410134475|103182191|1585925506|00011164
openmpi-slave1|3252306952284|3252410134475|103182191|1585925506|00016666
openmpi-slave1|3252306952284|3252410134475|103182191|1585925506|00012827
openmpi-slave1|3252306952284|3252410134475|103182191|1585925506|00012154
openmpi-slave1|3252306952284|3252410134475|103182191|1585925506|00012298
openmpi-slave1|3252306952284|3252410134475|103182191|1585925506|00009249
openmpi-slave1|3252306952284|3252410134475|103182191|1585925506|00014190
openmpi-slave1|3252306952284|3252410134475|103182191|1585925506|00016180
openmpi-slave1|3252306952284|3252410134475|103182191|1585925506|00013819
openmpi-slave1|3252306952284|3252410134475|103182191|1585925506|00011842
openmpi-slave1|3252306952284|3252410134475|103182191|1585925506|00017671
openmpi-slave1|3252306952284|3252410134475|103182191|1585925506|00013601
openmpi-slave1|3252306952284|3252410134475|103182191|1585925506|00013179
openmpi-slave1|3252306952284|3252410134475|103182191|1585925506|00011822
openmpi-slave1|3252306952284|3252410134475|103182191|1585925506|00012831
openmpi-slave1|3252306952284|3252410134475|103182191|1585925506|00012964
openmpi-slave1|3252306952284|3252410134475|103182191|1585925506|00012648
openmpi-slave1|3252306952284|3252410134475|103182191|1585925506|00012896
openmpi-slave1|3252306952284|3252410134475|103182191|1585925506|00012791
openmpi-slave1|3252306952284|3252410134475|103182191|1585925506|00017821
openmpi-slave1|3252306952284|3252410134475|103182191|1585925506|00012943
openmpi-slave1|3252306952284|3252410134475|103182191|1585925506|00012147
openmpi-slave1|3252306952284|3252410134475|103182191|1585925506|00013020
openmpi-slave1|3252306952284|3252410134475|103182191|1585925506|00012671
openmpi-slave1|3252306952284|3252410134475|103182191|1585925506|00013093
openmpi-slave1|3252306952284|3252410134475|103182191|1585925506|00015565
openmpi-slave1|3252306952284|3252410134475|103182191|1585925506|00009910
openmpi-slave1|3252306952284|3252410134475|103182191|1585925506|00011873
openmpi-slave1|3252306952284|3252410134475|103182191|1585925506|00015470
openmpi-slave1|3252306952284|3252410134475|103182191|1585925506|00017603
openmpi-slave1|3252306952284|3252410134475|103182191|1585925506|00012234
openmpi-slave1|3252306952284|3252410134475|103182191|1585925506|00012092
openmpi-slave1|3252306952284|3252410134475|103182191|1585925506|00012304
openmpi-slave1|3252306952284|3252410134475|103182191|1585925506|00013859
openmpi-slave1|3252306952284|3252410134475|103182191|1585925506|00017431
openmpi-slave1|3252306952284|3252410134475|103182191|1585925506|00010995
openmpi-slave1|3252306952284|3252410134475|103182191|1585925506|00011224
openmpi-slave1|3252306952284|3252410134475|103182191|1585925506|00010114
openmpi-slave1|3252306952284|3252410134475|103182191|1585925506|00012899
openmpi-slave1|3252306952284|3252410134475|103182191|1585925506|00015410
openmpi-slave1|3252306952284|3252410134475|103182191|1585925506|00013808
openmpi-slave1|3252306952284|3252410134475|103182191|1585925506|00012697
openmpi-slave1|3252306952284|3252410134475|103182191|1585925506|00012735
openmpi-slave1|3252306952284|3252410134475|103182191|1585925506|00013055
openmpi-slave1|3252306952284|3252410134475|103182191|1585925506|00014168
openmpi-slave1|3252306952284|3252410134475|103182191|1585925506|00010111
openmpi-slave1|3252306952284|3252410134475|103182191|1585925506|01027593
openmpi-slave1|3263026696581|3263050530181|23833600|1585925517|01012674
openmpi-slave1|3263026696581|3263050530181|23833600|1585925517|00002569
openmpi-slave1|3263026696581|3263050530181|23833600|1585925517|00005051
openmpi-slave1|3263026696581|3263050530181|23833600|1585925517|00010073
openmpi-slave1|3263026696581|3263050530181|23833600|1585925517|01007520
openmpi-slave1|3263026696581|3263050530181|23833600|1585925517|00003837
openmpi-slave1|3263026696581|3263050530181|23833600|1585925517|01021266
openmpi-slave1|3263026696581|3263050530181|23833600|1585925517|00003366
openmpi-slave1|3263026696581|3263050530181|23833600|1585925517|00010319
openmpi-slave1|3263026696581|3263050530181|23833600|1585925517|00010504
openmpi-slave1|3263026696581|3263050530181|23833600|1585925517|00006289
openmpi-slave1|3263026696581|3263050530181|23833600|1585925517|00005646
openmpi-slave1|3263026696581|3263050530181|23833600|1585925517|01024019
openmpi-slave1|3263026696581|3263050530181|23833600|1585925517|00019895
openmpi-slave1|3263026696581|3263050530181|23833600|1585925517|00011088
openmpi-slave1|3263026696581|3263050530181|23833600|1585925517|00008572
openmpi-slave1|3263026696581|3263050530181|23833600|1585925517|01008952
openmpi-slave1|3263026696581|3263050530181|23833600|1585925517|00013734
openmpi-slave1|3263026696581|3263050530181|23833600|1585925517|00007439
openmpi-slave1|3263026696581|3263050530181|23833600|1585925517|00009409
openmpi-slave1|3263026696581|3263050530181|23833600|1585925517|00003263
openmpi-slave1|3263026696581|3263050530181|23833600|1585925517|01028462
openmpi-slave1|3263026696581|3263050530181|23833600|1585925517|00006992
openmpi-slave1|3263026696581|3263050530181|23833600|1585925517|00010105
openmpi-slave1|3263026696581|3263050530181|23833600|1585925517|00006313
openmpi-slave1|3263026696581|3263050530181|23833600|1585925517|00005835
openmpi-slave1|3263026696581|3263050530181|23833600|1585925517|00004806
openmpi-slave1|3263026696581|3263050530181|23833600|1585925517|00002894
openmpi-slave1|3263026696581|3263050530181|23833600|1585925517|00002534
openmpi-slave1|3263026696581|3263050530181|23833600|1585925517|00002448
openmpi-slave1|3263026696581|3263050530181|23833600|1585925517|00001379
openmpi-slave1|3263026696581|3263050530181|23833600|1585925517|01005011
openmpi-slave1|3263026696581|3263050530181|23833600|1585925517|00004189
openmpi-slave1|3263026696581|3263050530181|23833600|1585925517|00003383
openmpi-slave1|3263026696581|3263050530181|23833600|1585925517|00002356
openmpi-slave1|3263026696581|3263050530181|23833600|1585925517|00008392
openmpi-slave1|3263026696581|3263050530181|23833600|1585925517|00006624
openmpi-slave1|3263026696581|3263050530181|23833600|1585925517|00003807
