openmpi-slave1|3252306952284|3252410134475|103182191|1585925506|00016258
openmpi-slave1|3252306952284|3252410134475|103182191|1585925506|00012970
openmpi-slave1|3252306952284|3252410134475|103182191|1585925506|00009819
openmpi-slave1|3252306952284|3252410134475|103182191|1585925506|00014334
openmpi-slave1|3252306952284|3252410134475|103182191|1585925506|00013379
openmpi-slave1|3252306952284|3252410134475|103182191|1585925506|00021077
openmpi-slave1|3252306952284|3252410134475|103182191|1585925506|00010849
openmpi-slave1|3252306952284|3252410134475|103182191|1585925506|00009795
openmpi-slave1|3252306952284|3252410134475|103182191|1585925506|00015816
openmpi-slave1|3252306952284|3252410134475|103182191|1585925506|00012419
openmpi-slave1|3252306952284|3252410134475|103182191|1585925506|00014302
openmpi-slave1|3252306952284|3252410134475|103182191|1585925506|00012570
openmpi-slave1|3252306952284|3252410134475|103182191|1585925506|00012914
openmpi-slave1|3252306952284|3252410134475|103182191|1585925506|00011874
openmpi-slave1|3252306952284|3252410134475|103182191|1585925506|00018878
openmpi-slave1|3252306952284|3252410134475|103182191|1585925506|00013715
openmpi-slave1|3252306952284|3252410134475|103182191|1585925506|00010917
openmpi-slave1|3252306952284|3252410134475|103182191|1585925506|00016998
openmpi-slave1|3252306952284|3252410134475|103182191|1585925506|00013054
openmpi-slave1|3252306952284|3252410134475|103182191|1585925506|00011236
openmpi-slave1|3252306952284|3252410134475|103182191|1585925506|00015020
openmpi-slave1|3252306952284|3252410134475|103182191|1585925506|00014580
openmpi-slave1|3252306952284|3252410134475|103182191|1585925506|00016145
openmpi-slave1|3252306952284|3252410134475|103182191|1585925506|00014086
openmpi-slave1|3252306952284|3252410134475|103182191|1585925506|00011738
openmpi-slave1|3252306952284|3252410134475|103182191|1585925506|00012951
openmpi-slave1|3252306952284|3252410134475|103182191|1585925506|00011929
openmpi-slave1|3252306952284|3252410134475|103182191|1585925506|00014269
openmpi-slave1|3252306952284|3252410134475|103182191|1585925506|00016655
openmpi-slave1|3252306952284|3252410134475|103182191|1585925506|00013265
openmpi-slave1|3252306952284|3252410134475|103182191|1585925506|00012642
openmpi-slave1|3252306952284|3252410134475|103182191|1585925506|00012520
openmpi-slave1|3252306952284|3252410134475|103182191|1585925506|00013156
openmpi-slave1|3252306952284|3252410134475|103182191|1585925506|00012919
openmpi-slave1|3252306952284|3252410134475|103182191|1585925506|00012563
openmpi-slave1|3252306952284|3252410134475|103182191|1585925506|00012892
openmpi-slave1|3252306952284|3252410134475|103182191|1585925506|00017143
openmpi-slave1|3252306952284|3252410134475|103182191|1585925506|00013333
openmpi-slave1|3252306952284|3252410134475|103182191|1585925506|00012729
openmpi-slave1|3252306952284|3252410134475|103182191|1585925506|00013193
openmpi-slave1|3252306952284|3252410134475|103182191|1585925506|00015611
openmpi-slave1|3252306952284|3252410134475|103182191|1585925506|00009996
openmpi-slave1|3252306952284|3252410134475|103182191|1585925506|00016056
openmpi-slave1|3252306952284|3252410134475|103182191|1585925506|00012081
openmpi-slave1|3252306952284|3252410134475|103182191|1585925506|00017365
openmpi-slave1|3252306952284|3252410134475|103182191|1585925506|00011637
openmpi-slave1|3252306952284|3252410134475|103182191|1585925506|00012106
openmpi-slave1|3252306952284|3252410134475|103182191|1585925506|00012300
openmpi-slave1|3252306952284|3252410134475|103182191|1585925506|00018636
openmpi-slave1|3252306952284|3252410134475|103182191|1585925506|00012827
openmpi-slave1|3252306952284|3252410134475|103182191|1585925506|00011327
openmpi-slave1|3252306952284|3252410134475|103182191|1585925506|00011074
openmpi-slave1|3252306952284|3252410134475|103182191|1585925506|00014952
openmpi-slave1|3252306952284|3252410134475|103182191|1585925506|00013662
openmpi-slave1|3252306952284|3252410134475|103182191|1585925506|00014575
openmpi-slave1|3252306952284|3252410134475|103182191|1585925506|00015027
openmpi-slave1|3252306952284|3252410134475|103182191|1585925506|00011523
openmpi-slave1|3252306952284|3252410134475|103182191|1585925506|00014247
openmpi-slave1|3252306952284|3252410134475|103182191|1585925506|00012185
openmpi-slave1|3252306952284|3252410134475|103182191|1585925506|00014480
openmpi-slave1|3252306952284|3252410134475|103182191|1585925506|00005972
openmpi-slave1|3252306952284|3252410134475|103182191|1585925506|01026544
openmpi-slave1|3252306952284|3252410134475|103182191|1585925506|00009368
openmpi-slave1|3263026696581|3263050530181|23833600|1585925517|03053361
openmpi-slave1|3263026696581|3263050530181|23833600|1585925517|00004374
openmpi-slave1|3263026696581|3263050530181|23833600|1585925517|00009119
openmpi-slave1|3263026696581|3263050530181|23833600|1585925517|00010556
openmpi-slave1|3263026696581|3263050530181|23833600|1585925517|01036236
openmpi-slave1|3263026696581|3263050530181|23833600|1585925517|00019936
openmpi-slave1|3263026696581|3263050530181|23833600|1585925517|00011091
openmpi-slave1|3263026696581|3263050530181|23833600|1585925517|00008455
openmpi-slave1|3263026696581|3263050530181|23833600|1585925517|00006318
openmpi-slave1|3263026696581|3263050530181|23833600|1585925517|00002996
openmpi-slave1|3263026696581|3263050530181|23833600|1585925517|00003504
openmpi-slave1|3263026696581|3263050530181|23833600|1585925517|00002271
openmpi-slave1|3263026696581|3263050530181|23833600|1585925517|00001735
openmpi-slave1|3263026696581|3263050530181|23833600|1585925517|00001383
openmpi-slave1|3263026696581|3263050530181|23833600|1585925517|03037084
openmpi-slave1|3263026696581|3263050530181|23833600|1585925517|00002322
openmpi-slave1|3263026696581|3263050530181|23833600|1585925517|00001703
openmpi-slave1|3263026696581|3263050530181|23833600|1585925517|00001412
openmpi-slave1|3263026696581|3263050530181|23833600|1585925517|00001543
openmpi-slave1|3263026696581|3263050530181|23833600|1585925517|00001615
openmpi-slave1|3263026696581|3263050530181|23833600|1585925517|00001055
openmpi-slave1|3263026696581|3263050530181|23833600|1585925517|00001196
openmpi-slave1|3263026696581|3263050530181|23833600|1585925517|00001287
openmpi-slave1|3263026696581|3263050530181|23833600|1585925517|00001335
openmpi-slave1|3263026696581|3263050530181|23833600|1585925517|00001335
openmpi-slave1|3263026696581|3263050530181|23833600|1585925517|00002530
openmpi-slave1|3263026696581|3263050530181|23833600|1585925517|00001632
openmpi-slave1|3263026696581|3263050530181|23833600|1585925517|00001257
openmpi-slave1|3263026696581|3263050530181|23833600|1585925517|00001305
openmpi-slave1|3263026696581|3263050530181|23833600|1585925517|00001725
openmpi-slave1|3263026696581|3263050530181|23833600|1585925517|00001302
openmpi-slave1|3263026696581|3263050530181|23833600|1585925517|00001263
openmpi-slave1|3263026696581|3263050530181|23833600|1585925517|00001305
openmpi-slave1|3263026696581|3263050530181|23833600|1585925517|00001507
openmpi-slave1|3263026696581|3263050530181|23833600|1585925517|00001319
openmpi-slave1|3263026696581|3263050530181|23833600|1585925517|00001320
openmpi-slave1|3263026696581|3263050530181|23833600|1585925517|00001475
