openmpi-master|3250161933499|3250253743408|91809909|1585925504|00008745
openmpi-master|3250161933499|3250253743408|91809909|1585925504|00005534
openmpi-master|3250161933499|3250253743408|91809909|1585925504|00003076
openmpi-master|3250161933499|3250253743408|91809909|1585925504|00015581
openmpi-master|3250161933499|3250253743408|91809909|1585925504|00016752
openmpi-master|3250161933499|3250253743408|91809909|1585925504|00017766
openmpi-master|3250161933499|3250253743408|91809909|1585925504|00013936
openmpi-master|3250161933499|3250253743408|91809909|1585925504|00014219
openmpi-master|3261074504558|3261151503276|76998718|1585925515|00010743
openmpi-master|3261074504558|3261151503276|76998718|1585925515|00010259
openmpi-master|3261074504558|3261151503276|76998718|1585925515|00011815
openmpi-master|3261074504558|3261151503276|76998718|1585925515|00008499
openmpi-master|3261074504558|3261151503276|76998718|1585925515|00012755
openmpi-master|3261074504558|3261151503276|76998718|1585925515|00014451
openmpi-master|3261074504558|3261151503276|76998718|1585925515|00013081
openmpi-master|3261074504558|3261151503276|76998718|1585925515|00013527
openmpi-master|3261074504558|3261151503276|76998718|1585925515|00012731
openmpi-master|3261074504558|3261151503276|76998718|1585925515|00012272
openmpi-master|3261074504558|3261151503276|76998718|1585925515|00013817
openmpi-master|3261074504558|3261151503276|76998718|1585925515|00011690
openmpi-master|3261074504558|3261151503276|76998718|1585925515|00013366
openmpi-master|3261074504558|3261151503276|76998718|1585925515|00010562
openmpi-master|3261074504558|3261151503276|76998718|1585925515|00011646
openmpi-master|3261074504558|3261151503276|76998718|1585925515|00012561
openmpi-master|3261074504558|3261151503276|76998718|1585925515|00011782
openmpi-master|3261074504558|3261151503276|76998718|1585925515|00012016
openmpi-master|3261074504558|3261151503276|76998718|1585925515|00009302
openmpi-master|3261074504558|3261151503276|76998718|1585925515|00014184
openmpi-master|3261074504558|3261151503276|76998718|1585925515|00015594
openmpi-master|3261074504558|3261151503276|76998718|1585925515|00014170
openmpi-master|3261074504558|3261151503276|76998718|1585925515|00011414
openmpi-master|3261074504558|3261151503276|76998718|1585925515|00012864
openmpi-master|3261074504558|3261151503276|76998718|1585925515|00011765
openmpi-master|3261074504558|3261151503276|76998718|1585925515|00014316
openmpi-master|3261074504558|3261151503276|76998718|1585925515|00011113
openmpi-master|3261074504558|3261151503276|76998718|1585925515|00013082
openmpi-master|3261074504558|3261151503276|76998718|1585925515|00012827
openmpi-master|3261074504558|3261151503276|76998718|1585925515|00010730
openmpi-master|3261074504558|3261151503276|76998718|1585925515|00008707
openmpi-master|3261074504558|3261151503276|76998718|1585925515|00012661
openmpi-master|3261074504558|3261151503276|76998718|1585925515|00012744
openmpi-master|3261074504558|3261151503276|76998718|1585925515|00012240
openmpi-master|3261074504558|3261151503276|76998718|1585925515|00012590
openmpi-master|3261074504558|3261151503276|76998718|1585925515|00012512
openmpi-master|3261074504558|3261151503276|76998718|1585925515|00010673
openmpi-master|3261074504558|3261151503276|76998718|1585925515|00014526
openmpi-master|3261074504558|3261151503276|76998718|1585925515|00012065
openmpi-master|3261074504558|3261151503276|76998718|1585925515|00013209
openmpi-master|3261074504558|3261151503276|76998718|1585925515|00018734
openmpi-master|3261074504558|3261151503276|76998718|1585925515|00012366
openmpi-master|3261074504558|3261151503276|76998718|1585925515|00011053
openmpi-master|3261074504558|3261151503276|76998718|1585925515|00012394
openmpi-master|3261074504558|3261151503276|76998718|1585925515|00011203
openmpi-master|3261074504558|3261151503276|76998718|1585925515|00011165
openmpi-master|3261074504558|3261151503276|76998718|1585925515|00011909
openmpi-master|3261074504558|3261151503276|76998718|1585925515|00012238
openmpi-master|3261074504558|3261151503276|76998718|1585925515|00013541
openmpi-master|3261074504558|3261151503276|76998718|1585925515|00012917
openmpi-master|3261074504558|3261151503276|76998718|1585925515|00010880
openmpi-master|3261074504558|3261151503276|76998718|1585925515|00010618
openmpi-master|3261074504558|3261151503276|76998718|1585925515|00010548
openmpi-master|3261074504558|3261151503276|76998718|1585925515|00010648
openmpi-master|3261074504558|3261151503276|76998718|1585925515|00013304
openmpi-master|3261074504558|3261151503276|76998718|1585925515|00012522
openmpi-master|3261074504558|3261151503276|76998718|1585925515|00011179
openmpi-master|3261074504558|3261151503276|76998718|1585925515|00012313
openmpi-master|3261074504558|3261151503276|76998718|1585925515|00012242
openmpi-master|3261074504558|3261151503276|76998718|1585925515|00013061
openmpi-master|3261074504558|3261151503276|76998718|1585925515|00013752
openmpi-master|3261074504558|3261151503276|76998718|1585925515|01002868
openmpi-master|3261074504558|3261151503276|76998718|1585925515|00005810
openmpi-master|3261074504558|3261151503276|76998718|1585925515|00004827
openmpi-master|3261074504558|3261151503276|76998718|1585925515|00007160
openmpi-master|3261074504558|3261151503276|76998718|1585925515|00004056
openmpi-master|3261074504558|3261151503276|76998718|1585925515|00007662
openmpi-master|3261074504558|3261151503276|76998718|1585925515|00011849
openmpi-master|3261074504558|3261151503276|76998718|1585925515|01016855
openmpi-master|3261074504558|3261151503276|76998718|1585925515|00007507
openmpi-master|3261074504558|3261151503276|76998718|1585925515|03030049
openmpi-master|3261074504558|3261151503276|76998718|1585925515|00003943
openmpi-master|3261074504558|3261151503276|76998718|1585925515|00003527
openmpi-master|3261074504558|3261151503276|76998718|1585925515|00002380
openmpi-master|3261074504558|3261151503276|76998718|1585925515|00001420
openmpi-master|3261074504558|3261151503276|76998718|1585925515|00002632
openmpi-master|3261074504558|3261151503276|76998718|1585925515|00002957
openmpi-master|3261074504558|3261151503276|76998718|1585925515|00002971
openmpi-master|3261074504558|3261151503276|76998718|1585925515|00001245
openmpi-master|3261074504558|3261151503276|76998718|1585925515|00002625
openmpi-master|3261074504558|3261151503276|76998718|1585925515|00004236
openmpi-master|3261074504558|3261151503276|76998718|1585925515|00003014
openmpi-master|3261074504558|3261151503276|76998718|1585925515|00024070
openmpi-master|3261074504558|3261151503276|76998718|1585925515|00013185
openmpi-master|3261074504558|3261151503276|76998718|1585925515|00016202
openmpi-master|3261074504558|3261151503276|76998718|1585925515|00009166
openmpi-master|3261074504558|3261151503276|76998718|1585925515|00009130
openmpi-master|3261074504558|3261151503276|76998718|1585925515|00005233
openmpi-master|3261074504558|3261151503276|76998718|1585925515|00003662
openmpi-master|3261074504558|3261151503276|76998718|1585925515|01006435
openmpi-master|3261074504558|3261151503276|76998718|1585925515|00011989
openmpi-master|3261074504558|3261151503276|76998718|1585925515|00014282
