openmpi-slave3|3252221076354|3252259329001|38252647|1585925506|00024194
openmpi-slave3|3252221076354|3252259329001|38252647|1585925506|00006670
openmpi-slave3|3252221076354|3252259329001|38252647|1585925506|00010694
openmpi-slave3|3252221076354|3252259329001|38252647|1585925506|00015493
openmpi-slave3|3252221076354|3252259329001|38252647|1585925506|00011717
openmpi-slave3|3252221076354|3252259329001|38252647|1585925506|00010241
openmpi-slave3|3252221076354|3252259329001|38252647|1585925506|00011311
openmpi-slave3|3252221076354|3252259329001|38252647|1585925506|00014727
openmpi-slave3|3252221076354|3252259329001|38252647|1585925506|00013151
openmpi-slave3|3252221076354|3252259329001|38252647|1585925506|00014662
openmpi-slave3|3252221076354|3252259329001|38252647|1585925506|00012907
openmpi-slave3|3252221076354|3252259329001|38252647|1585925506|00013651
openmpi-slave3|3252221076354|3252259329001|38252647|1585925506|00012747
openmpi-slave3|3252221076354|3252259329001|38252647|1585925506|00012313
openmpi-slave3|3252221076354|3252259329001|38252647|1585925506|00018521
openmpi-slave3|3252221076354|3252259329001|38252647|1585925506|00013439
openmpi-slave3|3252221076354|3252259329001|38252647|1585925506|00011048
openmpi-slave3|3252221076354|3252259329001|38252647|1585925506|00012367
openmpi-slave3|3252221076354|3252259329001|38252647|1585925506|00011347
openmpi-slave3|3252221076354|3252259329001|38252647|1585925506|00012893
openmpi-slave3|3252221076354|3252259329001|38252647|1585925506|00011254
openmpi-slave3|3252221076354|3252259329001|38252647|1585925506|00014768
openmpi-slave3|3252221076354|3252259329001|38252647|1585925506|00014430
openmpi-slave3|3252221076354|3252259329001|38252647|1585925506|00015600
openmpi-slave3|3252221076354|3252259329001|38252647|1585925506|00014386
openmpi-slave3|3252221076354|3252259329001|38252647|1585925506|00011808
openmpi-slave3|3252221076354|3252259329001|38252647|1585925506|00012941
openmpi-slave3|3252221076354|3252259329001|38252647|1585925506|00011984
openmpi-slave3|3252221076354|3252259329001|38252647|1585925506|00014265
openmpi-slave3|3252221076354|3252259329001|38252647|1585925506|00016419
openmpi-slave3|3252221076354|3252259329001|38252647|1585925506|00013219
openmpi-slave3|3252221076354|3252259329001|38252647|1585925506|00012702
openmpi-slave3|3252221076354|3252259329001|38252647|1585925506|00008276
openmpi-slave3|3252221076354|3252259329001|38252647|1585925506|00011628
openmpi-slave3|3252221076354|3252259329001|38252647|1585925506|00013755
openmpi-slave3|3252221076354|3252259329001|38252647|1585925506|00016557
openmpi-slave3|3252221076354|3252259329001|38252647|1585925506|00013112
openmpi-slave3|3252221076354|3252259329001|38252647|1585925506|00012659
openmpi-slave3|3252221076354|3252259329001|38252647|1585925506|00011130
openmpi-slave3|3252221076354|3252259329001|38252647|1585925506|00014267
openmpi-slave3|3252221076354|3252259329001|38252647|1585925506|00012474
openmpi-slave3|3252221076354|3252259329001|38252647|1585925506|00013127
openmpi-slave3|3252221076354|3252259329001|38252647|1585925506|00013855
openmpi-slave3|3252221076354|3252259329001|38252647|1585925506|00016513
openmpi-slave3|3252221076354|3252259329001|38252647|1585925506|00011185
openmpi-slave3|3252221076354|3252259329001|38252647|1585925506|00012951
openmpi-slave3|3252221076354|3252259329001|38252647|1585925506|00016641
openmpi-slave3|3252221076354|3252259329001|38252647|1585925506|00011019
openmpi-slave3|3252221076354|3252259329001|38252647|1585925506|00012193
openmpi-slave3|3252221076354|3252259329001|38252647|1585925506|00013039
openmpi-slave3|3252221076354|3252259329001|38252647|1585925506|00012889
openmpi-slave3|3252221076354|3252259329001|38252647|1585925506|00012224
openmpi-slave3|3252221076354|3252259329001|38252647|1585925506|00011444
openmpi-slave3|3252221076354|3252259329001|38252647|1585925506|00010700
openmpi-slave3|3252221076354|3252259329001|38252647|1585925506|00015074
openmpi-slave3|3252221076354|3252259329001|38252647|1585925506|00013494
openmpi-slave3|3252221076354|3252259329001|38252647|1585925506|00014751
openmpi-slave3|3252221076354|3252259329001|38252647|1585925506|00009284
openmpi-slave3|3252221076354|3252259329001|38252647|1585925506|00016773
openmpi-slave3|3252221076354|3252259329001|38252647|1585925506|00014230
openmpi-slave3|3252221076354|3252259329001|38252647|1585925506|00012268
openmpi-slave3|3252221076354|3252259329001|38252647|1585925506|00011437
openmpi-slave3|3252221076354|3252259329001|38252647|1585925506|01024613
openmpi-slave3|3252221076354|3252259329001|38252647|1585925506|00012247
openmpi-slave3|3262955256486|3263029129409|73872923|1585925517|01005789
openmpi-slave3|3262955256486|3263029129409|73872923|1585925517|00001527
openmpi-slave3|3262955256486|3263029129409|73872923|1585925517|00001959
openmpi-slave3|3262955256486|3263029129409|73872923|1585925517|00003027
openmpi-slave3|3262955256486|3263029129409|73872923|1585925517|00003164
openmpi-slave3|3262955256486|3263029129409|73872923|1585925517|00008458
openmpi-slave3|3262955256486|3263029129409|73872923|1585925517|01004713
openmpi-slave3|3262955256486|3263029129409|73872923|1585925517|00001808
openmpi-slave3|3262955256486|3263029129409|73872923|1585925517|00002945
openmpi-slave3|3262955256486|3263029129409|73872923|1585925517|00002730
openmpi-slave3|3262955256486|3263029129409|73872923|1585925517|00004628
openmpi-slave3|3262955256486|3263029129409|73872923|1585925517|01012499
openmpi-slave3|3262955256486|3263029129409|73872923|1585925517|00003742
openmpi-slave3|3262955256486|3263029129409|73872923|1585925517|00003687
openmpi-slave3|3262955256486|3263029129409|73872923|1585925517|00003689
openmpi-slave3|3262955256486|3263029129409|73872923|1585925517|00008213
openmpi-slave3|3262955256486|3263029129409|73872923|1585925517|00007389
openmpi-slave3|3262955256486|3263029129409|73872923|1585925517|00006854
openmpi-slave3|3262955256486|3263029129409|73872923|1585925517|00005493
openmpi-slave3|3262955256486|3263029129409|73872923|1585925517|01020246
openmpi-slave3|3262955256486|3263029129409|73872923|1585925517|00014771
openmpi-slave3|3262955256486|3263029129409|73872923|1585925517|00017296
openmpi-slave3|3262955256486|3263029129409|73872923|1585925517|00006537
openmpi-slave3|3262955256486|3263029129409|73872923|1585925517|01013134
openmpi-slave3|3262955256486|3263029129409|73872923|1585925517|00003711
openmpi-slave3|3262955256486|3263029129409|73872923|1585925517|00013217
openmpi-slave3|3262955256486|3263029129409|73872923|1585925517|01004655
openmpi-slave3|3262955256486|3263029129409|73872923|1585925517|00001132
openmpi-slave3|3262955256486|3263029129409|73872923|1585925517|00001628
openmpi-slave3|3262955256486|3263029129409|73872923|1585925517|00001422
openmpi-slave3|3262955256486|3263029129409|73872923|1585925517|00001277
openmpi-slave3|3262955256486|3263029129409|73872923|1585925517|00001854
openmpi-slave3|3262955256486|3263029129409|73872923|1585925517|00001239
openmpi-slave3|3262955256486|3263029129409|73872923|1585925517|00001504
openmpi-slave3|3262955256486|3263029129409|73872923|1585925517|00005377
openmpi-slave3|3262955256486|3263029129409|73872923|1585925517|00002980
