openmpi-master|3250161933499|3250253743408|91809909|1585925504|00007351
openmpi-master|3250161933499|3250253743408|91809909|1585925504|00003963
openmpi-master|3250161933499|3250253743408|91809909|1585925504|00003628
openmpi-master|3250161933499|3250253743408|91809909|1585925504|00004059
openmpi-master|3250161933499|3250253743408|91809909|1585925504|00010997
openmpi-master|3250161933499|3250253743408|91809909|1585925504|00027494
openmpi-master|3250161933499|3250253743408|91809909|1585925504|00006739
openmpi-master|3250161933499|3250253743408|91809909|1585925504|00010597
openmpi-master|3250161933499|3250253743408|91809909|1585925504|00012258
openmpi-master|3261074504558|3261151503276|76998718|1585925515|00015736
openmpi-master|3261074504558|3261151503276|76998718|1585925515|00009912
openmpi-master|3261074504558|3261151503276|76998718|1585925515|00011079
openmpi-master|3261074504558|3261151503276|76998718|1585925515|00010427
openmpi-master|3261074504558|3261151503276|76998718|1585925515|00009530
openmpi-master|3261074504558|3261151503276|76998718|1585925515|00015342
openmpi-master|3261074504558|3261151503276|76998718|1585925515|00012650
openmpi-master|3261074504558|3261151503276|76998718|1585925515|00014004
openmpi-master|3261074504558|3261151503276|76998718|1585925515|00012388
openmpi-master|3261074504558|3261151503276|76998718|1585925515|00012784
openmpi-master|3261074504558|3261151503276|76998718|1585925515|00011785
openmpi-master|3261074504558|3261151503276|76998718|1585925515|00013812
openmpi-master|3261074504558|3261151503276|76998718|1585925515|00013362
openmpi-master|3261074504558|3261151503276|76998718|1585925515|00010997
openmpi-master|3261074504558|3261151503276|76998718|1585925515|00012178
openmpi-master|3261074504558|3261151503276|76998718|1585925515|00011177
openmpi-master|3261074504558|3261151503276|76998718|1585925515|00013020
openmpi-master|3261074504558|3261151503276|76998718|1585925515|00011040
openmpi-master|3261074504558|3261151503276|76998718|1585925515|00014347
openmpi-master|3261074504558|3261151503276|76998718|1585925515|00014708
openmpi-master|3261074504558|3261151503276|76998718|1585925515|00013017
openmpi-master|3261074504558|3261151503276|76998718|1585925515|00010731
openmpi-master|3261074504558|3261151503276|76998718|1585925515|00012783
openmpi-master|3261074504558|3261151503276|76998718|1585925515|00012911
openmpi-master|3261074504558|3261151503276|76998718|1585925515|00011160
openmpi-master|3261074504558|3261151503276|76998718|1585925515|00013553
openmpi-master|3261074504558|3261151503276|76998718|1585925515|00013056
openmpi-master|3261074504558|3261151503276|76998718|1585925515|00011297
openmpi-master|3261074504558|3261151503276|76998718|1585925515|00013175
openmpi-master|3261074504558|3261151503276|76998718|1585925515|00012449
openmpi-master|3261074504558|3261151503276|76998718|1585925515|00012059
openmpi-master|3261074504558|3261151503276|76998718|1585925515|00013184
openmpi-master|3261074504558|3261151503276|76998718|1585925515|00012764
openmpi-master|3261074504558|3261151503276|76998718|1585925515|00012281
openmpi-master|3261074504558|3261151503276|76998718|1585925515|00012807
openmpi-master|3261074504558|3261151503276|76998718|1585925515|00012456
openmpi-master|3261074504558|3261151503276|76998718|1585925515|00010571
openmpi-master|3261074504558|3261151503276|76998718|1585925515|00014631
openmpi-master|3261074504558|3261151503276|76998718|1585925515|00012132
openmpi-master|3261074504558|3261151503276|76998718|1585925515|00012936
openmpi-master|3261074504558|3261151503276|76998718|1585925515|00010401
openmpi-master|3261074504558|3261151503276|76998718|1585925515|00009957
openmpi-master|3261074504558|3261151503276|76998718|1585925515|00015939
openmpi-master|3261074504558|3261151503276|76998718|1585925515|00011881
openmpi-master|3261074504558|3261151503276|76998718|1585925515|00016864
openmpi-master|3261074504558|3261151503276|76998718|1585925515|00012155
openmpi-master|3261074504558|3261151503276|76998718|1585925515|00011914
openmpi-master|3261074504558|3261151503276|76998718|1585925515|00012231
openmpi-master|3261074504558|3261151503276|76998718|1585925515|00013526
openmpi-master|3261074504558|3261151503276|76998718|1585925515|00012928
openmpi-master|3261074504558|3261151503276|76998718|1585925515|00010751
openmpi-master|3261074504558|3261151503276|76998718|1585925515|00010628
openmpi-master|3261074504558|3261151503276|76998718|1585925515|00010741
openmpi-master|3261074504558|3261151503276|76998718|1585925515|00010539
openmpi-master|3261074504558|3261151503276|76998718|1585925515|00013253
openmpi-master|3261074504558|3261151503276|76998718|1585925515|00012528
openmpi-master|3261074504558|3261151503276|76998718|1585925515|00011142
openmpi-master|3261074504558|3261151503276|76998718|1585925515|00012353
openmpi-master|3261074504558|3261151503276|76998718|1585925515|00012224
openmpi-master|3261074504558|3261151503276|76998718|1585925515|00013002
openmpi-master|3261074504558|3261151503276|76998718|1585925515|00014020
openmpi-master|3261074504558|3261151503276|76998718|1585925515|01002028
openmpi-master|3261074504558|3261151503276|76998718|1585925515|00005826
openmpi-master|3261074504558|3261151503276|76998718|1585925515|00003962
openmpi-master|3261074504558|3261151503276|76998718|1585925515|00007940
openmpi-master|3261074504558|3261151503276|76998718|1585925515|00004307
openmpi-master|3261074504558|3261151503276|76998718|1585925515|00007487
openmpi-master|3261074504558|3261151503276|76998718|1585925515|00011925
openmpi-master|3261074504558|3261151503276|76998718|1585925515|01017483
openmpi-master|3261074504558|3261151503276|76998718|1585925515|03037436
openmpi-master|3261074504558|3261151503276|76998718|1585925515|00003857
openmpi-master|3261074504558|3261151503276|76998718|1585925515|00003605
openmpi-master|3261074504558|3261151503276|76998718|1585925515|00002831
openmpi-master|3261074504558|3261151503276|76998718|1585925515|00001806
openmpi-master|3261074504558|3261151503276|76998718|1585925515|00004147
openmpi-master|3261074504558|3261151503276|76998718|1585925515|00001964
openmpi-master|3261074504558|3261151503276|76998718|1585925515|00002350
openmpi-master|3261074504558|3261151503276|76998718|1585925515|00001593
openmpi-master|3261074504558|3261151503276|76998718|1585925515|00007696
openmpi-master|3261074504558|3261151503276|76998718|1585925515|00010227
openmpi-master|3261074504558|3261151503276|76998718|1585925515|00008414
openmpi-master|3261074504558|3261151503276|76998718|1585925515|00006412
openmpi-master|3261074504558|3261151503276|76998718|1585925515|00007376
openmpi-master|3261074504558|3261151503276|76998718|1585925515|00015133
openmpi-master|3261074504558|3261151503276|76998718|1585925515|00014619
openmpi-master|3261074504558|3261151503276|76998718|1585925515|01026371
openmpi-master|3261074504558|3261151503276|76998718|1585925515|00011507
openmpi-master|3261074504558|3261151503276|76998718|1585925515|01010560
openmpi-master|3261074504558|3261151503276|76998718|1585925515|00001697
openmpi-master|3261074504558|3261151503276|76998718|1585925515|00004447
openmpi-master|3261074504558|3261151503276|76998718|1585925515|00003978
