openmpi-slave2|3806646001061|3806743962087|97961026|1585926052|00325186
openmpi-slave2|3806894125905|3807013202998|119077093|1585926052|00265746
openmpi-slave2|3807260181346|3807363165134|102983788|1585926052|00355858
openmpi-slave2|3807521866859|3807640548574|118681715|1585926052|00266152
openmpi-slave2|3807798674784|3807952798609|154123825|1585926053|00313376
openmpi-slave2|3808117276391|3808261080091|143803700|1585926053|00306583
openmpi-slave2|3808433857929|3808573849410|139991481|1585926053|00320555
openmpi-slave2|3808732795798|3808859579617|126783819|1585926054|00296617
openmpi-slave2|3808957307908|3809106040572|148732664|1585926054|00235876
openmpi-slave2|3809247985569|3809398247757|150262188|1585926054|00291845
openmpi-slave2|3809586175410|3809737046681|150871271|1585926055|00331806
openmpi-slave2|3809920174997|3810066041109|145866112|1585926055|00335862
openmpi-slave2|3810159870876|3810307223493|147352617|1585926055|00243939
openmpi-slave2|3810439452093|3810608287928|168835835|1585926055|00289390
openmpi-slave2|3810779322423|3810940945751|161623328|1585926056|00339165
openmpi-slave2|3811122032179|3811263299026|141266847|1585926056|00331403
openmpi-slave2|3811464256362|3811596944578|132688216|1585926056|00321600
openmpi-slave2|3811685300178|3811832550033|147249855|1585926057|00230613
openmpi-slave2|3811968265487|3812124855648|156590161|1585926057|00292143
openmpi-slave2|3812283658039|3812429226199|145568160|1585926057|00318577
openmpi-slave2|3812620517470|3812769182987|148665517|1585926058|00327608
openmpi-slave2|3812934069597|3813078749322|144679725|1585926058|00320189
openmpi-slave2|3813175923197|3813334036993|158113796|1585926058|00256005
openmpi-slave2|3813478443838|3813633700846|155257008|1585926058|00285666
openmpi-slave2|3813782231318|3813922358161|140126843|1585926059|00305837
openmpi-slave2|3814091257889|3814271686701|180428812|1585926059|00331900
openmpi-slave2|3814361211271|3814559020399|197809128|1585926059|00295893
openmpi-slave2|3814724629293|3814885217931|160588638|1585926060|00317486
openmpi-slave2|3815030693226|3815203809064|173115838|1585926060|00334125
openmpi-slave2|3815351768080|3815494390797|142622717|1585926060|00281549
openmpi-slave2|3815677965252|3815818139307|140174055|1585926061|00330333
openmpi-slave2|3815922586585|3816085919120|163332535|1585926061|00259819
openmpi-slave2|3816285369383|3816436126752|150757369|1585926061|00347719
openmpi-slave2|3816596994983|3816755620821|158625838|1585926062|00332066
openmpi-slave2|3816938869270|3817097105917|158236647|1585926062|00331709
openmpi-slave2|3817291482498|3817475434668|183952170|1585926062|00371682
openmpi-slave2|3817594041026|3817751201201|157160175|1585926063|00287036
openmpi-slave2|3817975789483|3818146007884|170218401|1585926063|00393052
openmpi-slave2|3818308904163|3818473176503|164272340|1585926063|00323698
openmpi-slave2|3818641736206|3818802656123|160919917|1585926064|00339826
openmpi-slave2|3819020750761|3819196260359|175509598|1585926064|00376620
openmpi-slave2|3819319310954|3819487467827|168156873|1585926064|00303117
openmpi-slave2|3819693279881|3819850544991|157265110|1585926065|00367967
openmpi-slave2|3820059839560|3820232612984|172773424|1585926065|00366050
openmpi-slave2|3820414940864|3820584182198|169241334|1585926065|00350290
openmpi-slave2|3820774508278|3820953322444|178814166|1585926066|00371223
openmpi-slave2|3821080964143|3821227021368|146057225|1585926066|00287883
openmpi-slave2|3821417561682|3821557127154|139565472|1585926066|00319790
openmpi-slave2|3821678672925|3821823776650|145103725|1585926067|00272003
openmpi-slave2|3821998298016|3822164341529|166043513|1585926067|00328512
openmpi-slave2|3822317977567|3822468988821|151011254|1585926067|00311234
openmpi-slave2|3822590535633|3822733920961|143385328|1585926068|00267801
openmpi-slave2|3822894164019|3823048989796|154825777|1585926068|00305167
openmpi-slave2|3823189131487|3823338870191|149738704|1585926068|00306628
openmpi-slave2|3823499852338|3823652251683|152399345|1585926068|00299873
openmpi-slave2|3823826388228|3823993324085|166935857|1585926069|00343727
openmpi-slave2|3824107637533|3824257891661|150254128|1585926069|00273045
openmpi-slave2|3824443668214|3824596606742|152938528|1585926069|00325404
openmpi-slave2|3824780642064|3824935332348|154690284|1585926070|00349128
openmpi-slave2|3825122387205|3825274472181|152084976|1585926070|00339876
openmpi-slave2|3825412143615|3825547739228|135595613|1585926070|00272309
openmpi-slave2|3825668573624|3825809576724|141003100|1585926071|00255394
openmpi-slave2|3825992768689|3826131803324|139034635|1585926071|00323941
openmpi-slave2|3826302878824|3826462217880|159339056|1585926071|00325002
openmpi-slave2|3826554791742|3826702386557|147594815|1585926071|00241799
openmpi-slave2|3826825959413|3826978493302|152533889|1585926072|00284713
openmpi-slave2|3827156506923|3827291898958|135392035|1585926072|00319747
openmpi-slave2|3827466356180|3827609517248|143161068|1585926072|00304022
openmpi-slave2|3827713257698|3827883209919|169952221|1585926073|00268645
openmpi-slave2|3828078053619|3828219768442|141714823|1585926073|00348225
openmpi-slave2|3828413604692|3828553324870|139720178|1585926073|00330692
openmpi-slave2|3828704223727|3828852864312|148640585|1585926074|00288973
openmpi-slave2|3829013091479|3829164985843|151894364|1585926074|00312034
openmpi-slave2|3829314200002|3829461545703|147345701|1585926074|00296434
openmpi-slave2|3829546284524|3829690281092|143996568|1585926074|00241985
openmpi-slave2|3829852334053|3830009599574|157265521|1585926075|00311804
openmpi-slave2|3830189100588|3830333816057|144715469|1585926075|00327941
openmpi-slave2|3830513632109|3830655014241|141382132|1585926075|00319773
openmpi-slave2|3830764214153|3830916413561|152199408|1585926076|00255855
openmpi-slave2|3831100491789|3831246745195|146253406|1585926076|00339976
openmpi-slave2|3831421335478|3831604616601|183281123|1585926076|00344970
openmpi-slave2|3831786111111|3831934368896|148257785|1585926077|00346732
openmpi-slave2|3832144285640|3832302732080|158446440|1585926077|00363848
openmpi-slave2|3832370064008|3832513372858|143308850|1585926077|00203799
openmpi-slave2|3832650732249|3832817414431|166682182|1585926078|00311869
openmpi-slave2|3833010213962|3833159381474|149167512|1585926078|00336700
openmpi-slave2|3833226324114|3833367160580|140836466|1585926078|00207000
openmpi-slave2|3833550852641|3833695500580|144647939|1585926078|00336060
openmpi-slave2|3833846240707|3833998601642|152360935|1585926079|00289828
openmpi-slave2|3834181722719|3834319157906|137435187|1585926079|00323245
openmpi-slave2|3834396391412|3834548157480|151766068|1585926079|00222737
openmpi-slave2|3834710463729|3834853589899|143126170|1585926080|00311391
openmpi-slave2|3835047999435|3835206889831|158890396|1585926080|00356026
openmpi-slave2|3835338620953|3835493141104|154520151|1585926080|00279650
openmpi-slave2|3835687095972|3835831719743|144623771|1585926081|00348035
openmpi-slave2|3835942744494|3836082418245|139673751|1585926081|00255922
openmpi-slave2|3836246792865|3836398133493|151340628|1585926081|00301751
openmpi-slave2|3836522772828|3836677944103|155171275|1585926081|00283732
openmpi-slave2|3836871698748|3837030127662|158428914|1585926082|00358003
openmpi-slave2|3837212803455|3837349857069|137053614|1585926082|00313413
