openmpi-slave1|3806550504338|3806633426469|82922131|1585926051|00213163
openmpi-slave1|3806766446554|3806880909508|114462954|1585926052|00246142
openmpi-slave1|3807026109264|3807139169619|113060355|1585926052|00259976
openmpi-slave1|3807384218689|3807491550788|107332099|1585926052|00358916
openmpi-slave1|3807647152707|3807778427845|131275138|1585926053|00284736
openmpi-slave1|3807957028449|3808097407712|140379263|1585926053|00315084
openmpi-slave1|3808244692426|3808375443508|130751082|1585926053|00292790
openmpi-slave1|3808464664885|3808582948163|118283278|1585926053|00211882
openmpi-slave1|3808764089496|3808912593146|148503650|1585926054|00305751
openmpi-slave1|3809094436890|3809237347133|142910243|1585926054|00325402
openmpi-slave1|3809417286092|3809559116924|141830832|1585926054|00328544
openmpi-slave1|3809735934527|3809885163391|149228864|1585926055|00323852
openmpi-slave1|3809950645356|3810146305217|195659861|1585926055|00263849
openmpi-slave1|3810288863019|3810410800505|121937486|1585926055|00275683
openmpi-slave1|3810618034874|3810755478578|137443704|1585926056|00341135
openmpi-slave1|3810960192758|3811091618068|131425310|1585926056|00332826
openmpi-slave1|3811293048059|3811442095646|149047587|1585926056|00337298
openmpi-slave1|3811628589242|3811769844241|141254999|1585926057|00327450
openmpi-slave1|3811953785652|3812100901084|147115432|1585926057|00332495
openmpi-slave1|3812188504000|3812326079373|137575373|1585926057|00236228
openmpi-slave1|3812478118662|3812629809140|151690478|1585926057|00295927
openmpi-slave1|3812790259691|3812927141705|136882014|1585926058|00307799
openmpi-slave1|3813121819650|3813271729139|149909489|1585926058|00331888
openmpi-slave1|3813447712194|3813583512067|135799873|1585926058|00322780
openmpi-slave1|3813688259211|3813815414433|127155222|1585926059|00232901
openmpi-slave1|3813986456017|3814137468314|151012297|1585926059|00311955
openmpi-slave1|3814295553888|3814473831189|178277301|1585926059|00339845
openmpi-slave1|3814676690154|3814815210911|138520757|1585926060|00333218
openmpi-slave1|3815012425470|3815178482729|166057259|1585926060|00366617
openmpi-slave1|3815270266660|3815421494089|151227429|1585926060|00237668
openmpi-slave1|3815584469096|3815715496604|131027508|1585926060|00310029
openmpi-slave1|3815876502637|3816015817767|139315130|1585926061|00304196
openmpi-slave1|3816199958763|3816369012884|169054121|1585926061|00335486
openmpi-slave1|3816464608977|3816607961241|143352264|1585926061|00256542
openmpi-slave1|3816818494822|3816982096238|163601416|1585926062|00371353
openmpi-slave1|3817157597524|3817307681705|150084181|1585926062|00324805
openmpi-slave1|3817499960777|3817684527380|184566603|1585926062|00366949
openmpi-slave1|3817871571184|3818060952910|189381726|1585926063|00369250
openmpi-slave1|3818170798693|3818353339279|182540586|1585926063|00294387
openmpi-slave1|3818540252232|3818707090936|166838704|1585926063|00363966
openmpi-slave1|3818877201989|3819034531470|157329481|1585926064|00327918
openmpi-slave1|3819219754954|3819387011957|167257003|1585926064|00347614
openmpi-slave1|3819579430244|3819757596598|178166354|1585926065|00367879
openmpi-slave1|3819875956531|3820053173294|177216763|1585926065|00289492
openmpi-slave1|3820202916952|3820365409729|162492777|1585926065|00322358
openmpi-slave1|3820518834399|3820667227322|148392923|1585926065|00303733
openmpi-slave1|3820900870597|3821052923475|152052878|1585926066|00376065
openmpi-slave1|3821159528240|3821320164521|160636281|1585926066|00267915
openmpi-slave1|3821498341575|3821649678302|151336727|1585926066|00331859
openmpi-slave1|3821806685366|3821947341740|140656374|1585926067|00307781
openmpi-slave1|3822090162373|3822249870044|159707671|1585926067|00286153
openmpi-slave1|3822402319645|3822549714688|147395043|1585926067|00309659
openmpi-slave1|3822700712982|3822833334433|132621451|1585926068|00283811
openmpi-slave1|3823001060607|3823131494290|130433683|1585926068|00303911
openmpi-slave1|3823322590612|3823477952775|155362163|1585926068|00330194
openmpi-slave1|3823600943788|3823753072335|152128547|1585926069|00277409
openmpi-slave1|3823934363991|3824089839297|155475306|1585926069|00343922
openmpi-slave1|3824226273814|3824376680428|150406614|1585926069|00283835
openmpi-slave1|3824532214934|3824669358410|137143476|1585926069|00289794
openmpi-slave1|3824845811046|3825029410389|183599343|1585926070|00365545
openmpi-slave1|3825171023401|3825317418720|146395319|1585926070|00288226
openmpi-slave1|3825508471636|3825638484950|130013314|1585926070|00316006
openmpi-slave1|3825798163838|3825949425863|151262025|1585926071|00311911
openmpi-slave1|3826062621550|3826206609153|143987603|1585926071|00267763
openmpi-slave1|3826393854137|3826533121912|139267775|1585926071|00315985
openmpi-slave1|3826672706147|3826820128756|147422609|1585926072|00280306
openmpi-slave1|3826974425783|3827132332678|157906895|1585926072|00312162
openmpi-slave1|3827226461946|3827372514476|146052530|1585926072|00244286
openmpi-slave1|3827552798824|3827687169404|134370580|1585926072|00322788
openmpi-slave1|3827827657685|3828007924595|180266910|1585926073|00331860
openmpi-slave1|3828186279032|3828332873100|146594068|1585926073|00307882
openmpi-slave1|3828483984852|3828623591422|139606570|1585926073|00299991
openmpi-slave1|3828742201957|3828885731834|143529877|1585926074|00259818
openmpi-slave1|3829062776143|3829199588169|136812026|1585926074|00311728
openmpi-slave1|3829347791668|3829493386210|145594542|1585926074|00287948
openmpi-slave1|3829658318964|3829806684266|148365302|1585926075|00319814
openmpi-slave1|3829990125388|3830144782382|154656994|1585926075|00331887
openmpi-slave1|3830261046427|3830402229950|141183523|1585926075|00259868
openmpi-slave1|3830574918547|3830728325536|153406989|1585926075|00316606
openmpi-slave1|3830893719728|3831056933534|163213806|1585926076|00328518
openmpi-slave1|3831212757551|3831360145169|147387618|1585926076|00303054
openmpi-slave1|3831439984383|3831626968325|186983942|1585926076|00283409
openmpi-slave1|3831842844068|3832008691325|165847257|1585926077|00367826
openmpi-slave1|3832183804924|3832349020487|165215563|1585926077|00347829
openmpi-slave1|3832490163129|3832633604037|143440908|1585926077|00283954
openmpi-slave1|3832848668575|3832994950129|146281554|1585926078|00352189
openmpi-slave1|3833196509703|3833333252420|136742717|1585926078|00337128
openmpi-slave1|3833383522208|3833542946200|159423992|1585926078|00230235
openmpi-slave1|3833723004672|3833873233355|150228683|1585926079|00311881
openmpi-slave1|3834014718453|3834167686485|152968032|1585926079|00295935
openmpi-slave1|3834228623752|3834368646695|140022943|1585926079|00201633
openmpi-slave1|3834552847430|3834700051760|147204330|1585926079|00326400
openmpi-slave1|3834833548532|3834975693735|142145203|1585926080|00295950
openmpi-slave1|3835174508022|3835311137801|136629779|1585926080|00330676
openmpi-slave1|3835410915006|3835569576089|158661083|1585926080|00248657
openmpi-slave1|3835742706350|3835894653507|151947157|1585926081|00320223
openmpi-slave1|3836018533787|3836170969557|152435770|1585926081|00291420
openmpi-slave1|3836305165721|3836448298006|143132285|1585926081|00268072
openmpi-slave1|3836577911775|3836722782145|144870370|1585926081|00276776
openmpi-slave1|3836925944126|3837059801800|133857674|1585926082|00343183
