
openmpi-master|1586171991277|1586171991377|100|1586171991|1586171991372
openmpi-master|1586171991521|1586171991572|51|1586171991|1586171991565
openmpi-master|1586171991683|1586171991738|55|1586171991|1586171991730
openmpi-master|1586171991861|1586171991929|68|1586171991|1586171991921
openmpi-master|1586171992052|1586171992142|90|1586171992|1586171992134
openmpi-master|1586171992288|1586171992343|55|1586171992|1586171992335
openmpi-master|1586171992492|1586171992544|52|1586171992|1586171992544
openmpi-master|1586171992670|1586171992692|22|1586171992|1586171992684
openmpi-master|1586171992827|1586171992885|58|1586171992|1586171992877
openmpi-master|1586171993016|1586171993080|64|1586171993|1586171993072
openmpi-master|1586171993179|1586171993238|59|1586171993|1586171993230
openmpi-master|1586171993376|1586171993431|55|1586171993|1586171993423
openmpi-master|1586171993584|1586171993628|44|1586171993|1586171993620
openmpi-master|1586171993753|1586171993817|64|1586171993|1586171993809
openmpi-master|1586171993929|1586171993962|33|1586171993|1586171993954
openmpi-master|1586171994079|1586171994133|54|1586171994|1586171994125
openmpi-master|1586171994263|1586171994287|24|1586171994|1586171994279
openmpi-master|1586171994449|1586171994520|71|1586171994|1586171994512
openmpi-master|1586171994629|1586171994698|69|1586171994|1586171994690
openmpi-master|1586171994824|1586171994893|69|1586171994|1586171994885
openmpi-master|1586171995012|1586171995036|24|1586171995|1586171995028
openmpi-master|1586171995178|1586171995230|52|1586171995|1586171995222
openmpi-master|1586171995377|1586171995441|64|1586171995|1586171995433
openmpi-master|1586171995584|1586171995641|57|1586171995|1586171995633
openmpi-master|1586171995757|1586171995805|48|1586171995|1586171995797
openmpi-master|1586171995904|1586171995967|63|1586171995|1586171995959
openmpi-master|1586171996108|1586171996168|60|1586171996|1586171996160
openmpi-master|1586171996302|1586171996365|63|1586171996|1586171996357
openmpi-master|1586171996458|1586171996517|59|1586171996|1586171996509
openmpi-master|1586171996636|1586171996704|68|1586171996|1586171996696
openmpi-master|1586171996806|1586171996866|60|1586171996|1586171996858
openmpi-master|1586171997013|1586171997054|41|1586171997|1586171997046
openmpi-master|1586171997203|1586171997240|37|1586171997|1586171997232