
openmpi-slave2|1586171991328|1586171991382|54|1586171991|1586171991381
openmpi-slave2|1586171991502|1586171991535|33|1586171991|1586171991532
openmpi-slave2|1586171991685|1586171991757|72|1586171991|1586171991753
openmpi-slave2|1586171991910|1586171991940|30|1586171991|1586171991936
openmpi-slave2|1586171992088|1586171992132|44|1586171992|1586171992143
openmpi-slave2|1586171992294|1586171992365|71|1586171992|1586171992361
openmpi-slave2|1586171992484|1586171992528|44|1586171992|1586171992524
openmpi-slave2|1586171992704|1586171992757|53|1586171992|1586171992753
openmpi-slave2|1586171992892|1586171992953|61|1586171992|1586171992949
openmpi-slave2|1586171993072|1586171993137|65|1586171993|1586171993133
openmpi-slave2|1586171993261|1586171993307|46|1586171993|1586171993303
openmpi-slave2|1586171993420|1586171993477|57|1586171993|1586171993473
openmpi-slave2|1586171993592|1586171993640|48|1586171993|1586171993636
openmpi-slave2|1586171993792|1586171993825|33|1586171993|1586171993822
openmpi-slave2|1586171993957|1586171994001|44|1586171994|1586171993997
openmpi-slave2|1586171994151|1586171994199|48|1586171994|1586171994195
openmpi-slave2|1586171994323|1586171994413|90|1586171994|1586171994409
openmpi-slave2|1586171994524|1586171994586|62|1586171994|1586171994583
openmpi-slave2|1586171994698|1586171994761|63|1586171994|1586171994757
openmpi-slave2|1586171994880|1586171994916|36|1586171994|1586171994912
openmpi-slave2|1586171995064|1586171995111|47|1586171995|1586171995108
openmpi-slave2|1586171995240|1586171995310|70|1586171995|1586171995306
openmpi-slave2|1586171995421|1586171995449|28|1586171995|1586171995445
openmpi-slave2|1586171995629|1586171995699|70|1586171995|1586171995695
openmpi-slave2|1586171995817|1586171995885|68|1586171995|1586171995881
openmpi-slave2|1586171996009|1586171996087|78|1586171996|1586171996083
openmpi-slave2|1586171996229|1586171996295|66|1586171996|1586171996291
openmpi-slave2|1586171996420|1586171996481|61|1586171996|1586171996477
openmpi-slave2|1586171996620|1586171996645|25|1586171996|1586171996641
openmpi-slave2|1586171996796|1586171996843|47|1586171996|1586171996839
openmpi-slave2|1586171996973|1586171997033|60|1586171997|1586171997029
openmpi-slave2|1586171997161|1586171997222|61|1586171997|1586171997219
openmpi-slave2|1586171997352|1586171997397|45|1586171997|1586171997394