1585574903-0039-000|1568843261505718|1568843351776625|90270907|1585574905|01341671
1585574903-0039-000|1568845858680275|1568845991121580|132441305|1585574907|02641193
1585574903-0039-000|1568848439914412|1568848592073235|152158823|1585574910|02590128
1585574903-0039-000|1568851067191953|1568851208743396|141551443|1585574912|02617595
1585574903-0039-000|1568853599181072|1568853743069361|143888289|1585574915|02547130
1585574903-0039-000|1568856197380040|1568856332025579|134645539|1585574918|02580712
1585574903-0039-000|1568858735851350|1568858882518294|146666944|1585574920|02543577
1585574903-0039-000|1568861267860279|1568861395790768|127930489|1585574923|02528178
1585574903-0039-000|1568863827035354|1568863975956447|148921093|1585574925|02570062
1585574903-0039-000|1568866418364528|1568866557464447|139099919|1585574928|02583571
1585574903-0039-000|1568868974905322|1568869119345977|144440655|1585574930|02579283
1585574903-0039-000|1568871555863369|1568871690205590|134342221|1585574933|02562096
1585574903-0039-000|1568874214440102|1568874361532144|147092042|1585574936|02654297
1585574903-0039-000|1568876746960077|1568876897380648|150420571|1585574938|02537823
1585574903-0039-000|1568879291546368|1568879435963089|144416721|1585574941|02551763
1585574903-0039-000|1568881996358630|1568882159586103|163227473|1585574943|02719933
1585574903-0039-000|1568884724658783|1568884859466657|134807874|1585574946|02699900
1585574903-0039-000|1568887266108756|1568887405740008|139631252|1585574949|02535365
1585574903-0039-000|1568889838024472|1568889981028068|143003596|1585574951|02573497
1585574903-0039-000|1568892378302265|1568892581332330|203030065|1585574954|02606718
1585574903-0039-000|1568894972869541|1568895120279689|147410148|1585574956|02532280
1585574903-0039-000|1568897465283328|1568897605190209|139906881|1585574959|02484974
1585574903-0039-000|1568900013993323|1568900151778528|137785205|1585574961|02562541
1585574903-0039-000|1568902625078054|1568902758420184|133342130|1585574964|02599568
1585574903-0039-000|1568905210451849|1568905364723663|154271814|1585574967|02598691
1585574903-0039-000|1568907804053290|1568907945573766|141520476|1585574969|02589258
1585574903-0039-000|1568910408350092|1568910555688107|147338015|1585574972|02615897
1585574903-0039-000|1568913023814433|1568913176759808|152945375|1585574974|02607729
1585574903-0039-000|1568915672291255|1568915810754624|138463369|1585574977|02647967
1585574903-0039-000|1568918258950837|1568918401747365|142796528|1585574980|02580431
1585574903-0039-000|1568921004359748|1568921147802314|143442566|1585574982|02755097
1585574903-0039-000|1568923615650524|1568923768297057|152646533|1585574985|02604371
1585574903-0039-000|1568926166271211|1568926301795736|135524525|1585574988|02547538
1585574903-0039-000|1568928705782090|1568928849352744|143570654|1585574990|02539741
1585574903-0039-000|1568931271794813|1568931421103019|149308206|1585574993|02571856
1585574903-0039-000|1568933952786259|1568934093557143|140770884|1585574995|02667837
1585574903-0039-000|1568936600995444|1568936730104113|129108669|1585574998|02647933
1585574903-0039-000|1568939307276244|1568939453002553|145726309|1585575001|02715963
1585574903-0039-000|1568942736277809|1568942874406870|138129061|1585575004|03425410
1585574903-0039-000|1568945828894773|1568946033262687|204367914|1585575007|03147893
1585574903-0039-000|1568948690529800|1568948848296523|157766723|1585575010|02814774
1585574903-0039-000|1568951287651600|1568951449400393|161748793|1585575013|02603167
1585574903-0039-000|1568953836445840|1568953967642373|131196533|1585575015|02531928
1585574903-0039-000|1568956394215485|1568956554407225|160191740|1585575018|02587894
1585574903-0039-000|1568958950319591|1568959093546021|143226430|1585575020|02529711
1585574903-0039-000|1568961516312104|1568961635938312|119626208|1585575023|02548487
1585574903-0039-000|1568964023631992|1568964172857659|149225667|1585575025|02525463
1585574903-0039-000|1568966608605679|1568966742936494|134330815|1585575028|02577486
1585574903-0039-000|1568969222432581|1568969361405823|138973242|1585575031|02618175
1585574903-0039-000|1568971794476390|1568971945256417|150780027|1585575033|02587844
1585574903-0039-000|1568974418268952|1568974563964788|145695836|1585575036|02625367
1585574903-0039-000|1568976946718967|1568977091818115|145099148|1585575038|02518481
1585574903-0039-000|1568979497142632|1568979636389461|139246829|1585575041|02535749
1585574903-0039-000|1568982069943437|1568982213115290|143171853|1585575043|02572966
1585574903-0039-000|1568984569985880|1568984716187259|146201379|1585575046|02503017
1585574903-0039-000|1568987126000168|1568987277935742|151935574|1585575048|02569003
1585574903-0039-000|1568989709240602|1568989842625882|133385280|1585575051|02564120
1585574903-0039-000|1568992397355582|1568992604633712|207278130|1585575054|02755276
1585574903-0039-000|1568995070737407|1568995217851943|147114536|1585575056|02619073
1585574903-0039-000|1568997629874007|1568997758396653|128522646|1585575059|02542910
1585574903-0039-000|1569000259267454|1569000466810484|207543030|1585575062|02704592
1585574903-0039-000|1569003279272314|1569003440311819|161039505|1585575065|02969678
1585574903-0039-000|1569005978572583|1569006118518315|139945732|1585575067|02690065
1585574903-0039-000|1569008622608210|1569008784431403|161823193|1585575070|02652722
1585574903-0039-000|1569011322201021|1569011500224520|178023499|1585575073|02723040
1585574903-0039-000|1569013981052656|1569014115449760|134397104|1585575075|02619890
1585574903-0039-000|1569016613747032|1569016784161196|170414164|1585575078|02657906
1585574903-0039-000|1569019289872230|1569019437494314|147622084|1585575081|02663023
1585574903-0039-000|1569022010190867|1569022162972131|152781264|1585575083|02730633
1585574903-0039-000|1569024836649672|1569024985604491|148954819|1585575086|02811984
1585574903-0039-000|1569027525404140|1569027678766206|153362066|1585575089|02703854
1585574903-0039-000|1569030292796196|1569030426006092|133209896|1585575092|02747821
1585574903-0039-000|1569032929172250|1569033074222249|145049999|1585575094|02633993
1585574903-0039-000|1569035601782429|1569035759799336|158016907|1585575097|02696423
1585574903-0039-000|1569038316600873|1569038465675680|149074807|1585575100|02693242
1585574903-0039-000|1569040974538545|1569041136462931|161924386|1585575102|02673915
1585574903-0039-000|1569043631391530|1569043801545725|170154195|1585575105|02659419
1585574903-0039-000|1569046296183057|1569046426509271|130326214|1585575108|02638178
1585574903-0039-000|1569048959775104|1569049106473915|146698811|1585575110|02671930
1585574903-0039-000|1569051560862302|1569051706228566|145366264|1585575113|02611834
1585574903-0039-000|1569054258112153|1569054405461870|147349717|1585575116|02687940
1585574903-0039-000|1569056978239285|1569057123466025|145226740|1585575118|02723796
1585574903-0039-000|1569059694597285|1569059852744036|158146751|1585575121|02716903
1585574903-0039-000|1569062715025994|1569062868882117|153856123|1585575124|03017096
1585574903-0039-000|1569065610571831|1569065770615239|160043408|1585575127|02909647
1585574903-0039-000|1569068290701789|1569068444819421|154117632|1585575130|02671917
1585574903-0039-000|1569071024598752|1569071155622307|131023555|1585575132|02719871
1585574903-0039-000|1569073620315666|1569073751060266|130744600|1585575135|02588848
1585574903-0039-000|1569076271502352|1569076450386718|178884366|1585575138|02702950
1585574903-0039-000|1569078959989704|1569079095161181|135171477|1585575140|02643932
1585574903-0039-000|1569081587943148|1569081735877164|147934016|1585575143|02644032
1585574903-0039-000|1569084218468565|1569084369789517|151320952|1585575146|02623627
1585574903-0039-000|1569086801084148|1569086939188424|138104276|1585575148|02575875
1585574903-0039-000|1569089349741601|1569089540363845|190622244|1585575151|02593142
1585574903-0039-000|1569091986331396|1569092134763508|148432112|1585575153|02598293
1585574903-0039-000|1569094651981836|1569094787529930|135548094|1585575156|02660167
1585574903-0039-000|1569097316336322|1569097455124439|138788117|1585575159|02667927
1585574903-0039-000|1569099998628425|1569100150975530|152347105|1585575161|02695903
1585574903-0039-000|1569102642805793|1569102779070834|136265041|1585575164|02627814
1585574903-0039-000|1569105293557621|1569105440520657|146963036|1585575167|02644638
