1585574903-0064-000|1568843625924014|1568843738546286|112622272|1585574905|01707830
1585574903-0064-000|1568846190043602|1568846345264618|155221016|1585574908|02605284
1585574903-0064-000|1568848771580496|1568848935423308|163842812|1585574910|02606407
1585574903-0064-000|1568851377802063|1568851518629515|140827452|1585574913|02575881
1585574903-0064-000|1568853942738614|1568854094494570|151755956|1585574915|02570189
1585574903-0064-000|1568856525828656|1568856662765055|136936399|1585574918|02566277
1585574903-0064-000|1568859078136110|1568859233826697|155690587|1585574920|02579119
1585574903-0064-000|1568861610264000|1568861761873148|151609148|1585574923|02524155
1585574903-0064-000|1568864221417026|1568864360679546|139262520|1585574926|02601572
1585574903-0064-000|1568866824534637|1568866951121001|126586364|1585574928|02593789
1585574903-0064-000|1568869410329012|1568869576028547|165699535|1585574931|02619924
1585574903-0064-000|1568871978709363|1568872113916693|135207330|1585574933|02541147
1585574903-0064-000|1568874616571613|1568874756357699|139786086|1585574936|02631047
1585574903-0064-000|1568877129653302|1568877247915400|118262098|1585574938|02507487
1585574903-0064-000|1568879626386389|1568879770732381|144345992|1585574941|02513484
1585574903-0064-000|1568882323882219|1568882504533972|180651753|1585574944|02726989
1585574903-0064-000|1568885026276684|1568885166888377|140611693|1585574946|02679025
1585574903-0064-000|1568887585825467|1568887724332206|138506739|1585574949|02540430
1585574903-0064-000|1568890156586402|1568890293491118|136904716|1585574952|02572842
1585574903-0064-000|1568892738650443|1568892879069455|140419012|1585574954|02592034
1585574903-0064-000|1568895289974825|1568895430514481|140539656|1585574957|02546149
1585574903-0064-000|1568897770051071|1568897912731665|142680594|1585574959|02479277
1585574903-0064-000|1568900339238679|1568900470926709|131688030|1585574962|02568451
1585574903-0064-000|1568902923333369|1568903069636571|146303202|1585574964|02595820
1585574903-0064-000|1568905535939295|1568905696926204|160986909|1585574967|02619918
1585574903-0064-000|1568908118334091|1568908259150027|140815936|1585574969|02571885
1585574903-0064-000|1568910734283368|1568910884203606|149920238|1585574972|02615859
1585574903-0064-000|1568913359247618|1568913529875331|170627713|1585574975|02643888
1585574903-0064-000|1568916008173182|1568916131416602|123243420|1585574977|02619823
1585574903-0064-000|1568918579883607|1568918729796297|149912690|1585574980|02579807
1585574903-0064-000|1568921330680916|1568921468876861|138195945|1585574983|02738524
1585574903-0064-000|1568923942731300|1568924082561248|139829948|1585574985|02626718
1585574903-0064-000|1568926491205616|1568926630479464|139273848|1585574988|02533971
1585574903-0064-000|1568929011613968|1568929147893488|136279520|1585574990|02536327
1585574903-0064-000|1568931594513957|1568931754265762|159751805|1585574993|02597587
1585574903-0064-000|1568934285435567|1568934429740977|144305410|1585574996|02670014
1585574903-0064-000|1568936923198708|1568937059353544|136154836|1585574998|02640013
1585574903-0064-000|1568939650904748|1568939865271011|214366263|1585575001|02796226
1585574903-0064-000|1568943075029715|1568943269858458|194828743|1585575004|03404384
1585574903-0064-000|1568946214682379|1568946386274792|171592413|1585575008|03118943
1585574903-0064-000|1568948994820009|1568949131899846|137079837|1585575010|02755850
1585574903-0064-000|1568951599436740|1568951743765292|144328552|1585575013|02610084
1585574903-0064-000|1568954118054965|1568954260765153|142710188|1585575015|02501232
1585574903-0064-000|1568956718317169|1568956870522567|152205398|1585575018|02616518
1585574903-0064-000|1568959221683553|1568959365216806|143533253|1585575021|02487508
1585574903-0064-000|1568961754742332|1568961898766455|144024123|1585575023|02548039
1585574903-0064-000|1568964288368395|1568964435683003|147314608|1585575026|02519707
1585574903-0064-000|1568966892202504|1568967026239933|134037429|1585575028|02600017
1585574903-0064-000|1568969526552451|1568969681330581|154778130|1585575031|02648190
1585574903-0064-000|1568972113067232|1568972257136391|144069159|1585575033|02575520
1585574903-0064-000|1568974726608618|1568974866437485|139828867|1585575036|02623093
1585574903-0064-000|1568977266620602|1568977412794312|146173710|1585575039|02531171
1585574903-0064-000|1568979806083531|1568979942983891|136900360|1585575041|02539309
1585574903-0064-000|1568982382072269|1568982519395831|137323562|1585575044|02582691
1585574903-0064-000|1568984884903336|1568985024617201|139713865|1585575046|02490996
1585574903-0064-000|1568987458534791|1568987617079457|158544666|1585575049|02590796
1585574903-0064-000|1568990011863993|1568990161631857|149767864|1585575051|02545072
1585574903-0064-000|1568992801105898|1568992938778089|137672191|1585575054|02783712
1585574903-0064-000|1568995383697714|1568995523485760|139788046|1585575057|02592735
1585574903-0064-000|1568997978250321|1568998114282634|136032313|1585575059|02583227
1585574903-0064-000|1569000734573941|1569000930684046|196110105|1585575062|02815639
1585574903-0064-000|1569003733253225|1569003875838311|142585086|1585575065|02939792
1585574903-0064-000|1569006346297305|1569006493397655|147100350|1585575068|02619899
1585574903-0064-000|1569009025572317|1569009169558960|143986643|1585575070|02675842
1585574903-0064-000|1569011744447188|1569011891452990|147005802|1585575073|02731803
1585574903-0064-000|1569014327120079|1569014486310936|159190857|1585575076|02588909
1585574903-0064-000|1569016970441046|1569017126869217|156428171|1585575078|02638907
1585574903-0064-000|1569019657561073|1569019820191218|162630145|1585575081|02687739
1585574903-0064-000|1569022370685738|1569022515467450|144781712|1585575084|02703338
1585574903-0064-000|1569025158830823|1569025313499216|154668393|1585575087|02788640
1585574903-0064-000|1569027866161967|1569028009527923|143365956|1585575089|02695590
1585574903-0064-000|1569030620247141|1569030762479055|142231914|1585575092|02763949
1585574903-0064-000|1569033247640438|1569033389928722|142288284|1585575095|02614006
1585574903-0064-000|1569035950452960|1569036098101811|147648851|1585575097|02713675
1585574903-0064-000|1569038653980061|1569038802724015|148743954|1585575100|02711811
1585574903-0064-000|1569041297524390|1569041434050652|136526262|1585575103|02631251
1585574903-0064-000|1569043988406350|1569044126616304|138209954|1585575105|02679334
1585574903-0064-000|1569046622459502|1569046781424043|158964541|1585575108|02657100
1585574903-0064-000|1569049288938142|1569049425305289|136367147|1585575111|02641460
1585574903-0064-000|1569051912377592|1569052073982334|161604742|1585575113|02654366
1585574903-0064-000|1569054581056673|1569054726289195|145232522|1585575116|02668686
1585574903-0064-000|1569057326898558|1569057478610512|151711954|1585575119|02740842
1585574903-0064-000|1569060078490145|1569060268169099|189678954|1585575121|02778507
1585574903-0064-000|1569063118992609|1569063333108716|214116107|1585575125|03071484
1585574903-0064-000|1569065990300748|1569066141824780|151524032|1585575127|02811777
1585574903-0064-000|1569068678161090|1569068827469704|149308614|1585575130|02691898
1585574903-0064-000|1569071400878171|1569071542236524|141358353|1585575133|02707866
1585574903-0064-000|1569073986480306|1569074146789249|160308943|1585575135|02611986
1585574903-0064-000|1569076693481381|1569076826276092|132794711|1585575138|02671846
1585574903-0064-000|1569079313566914|1569079439345397|125778483|1585575141|02615736
1585574903-0064-000|1569081942189152|1569082096215445|154026293|1585575143|02644292
1585574903-0064-000|1569084576636847|1569084716884882|140248035|1585575146|02627556
1585574903-0064-000|1569087162211588|1569087298986197|136774609|1585575149|02587577
1585574903-0064-000|1569089814352056|1569089973591630|159239574|1585575151|02676132
1585574903-0064-000|1569092431856517|1569092582811464|150954947|1585575154|02599955
1585574903-0064-000|1569095124885049|1569095266876962|141991913|1585575156|02683804
1585574903-0064-000|1569097746075433|1569097903175690|157100257|1585575159|02639893
1585574903-0064-000|1569100414644388|1569100565470520|150826132|1585575162|02655797
1585574903-0064-000|1569103010324389|1569103161706304|151381915|1585575164|02594915
1585574903-0064-000|1569105631968583|1569105781837701|149869118|1585575167|02624757
