1585593193-0039-000|8449631123844|8449790400281|159276437|1585593196|02994824
1585593193-0039-000|8449631123844|8449790400281|159276437|1585593196|00001256
1585593193-0039-000|8449631123844|8449790400281|159276437|1585593196|00001258
1585593193-0039-000|8449631123844|8449790400281|159276437|1585593196|00001293
1585593193-0039-000|8449631123844|8449790400281|159276437|1585593196|00001259
1585593193-0039-000|8449631123844|8449790400281|159276437|1585593196|00001094
1585593193-0039-000|8449631123844|8449790400281|159276437|1585593196|00001054
1585593193-0039-000|8449631123844|8449790400281|159276437|1585593196|00001113
1585593193-0039-000|8449631123844|8449790400281|159276437|1585593196|00001235
1585593193-0039-000|8449631123844|8449790400281|159276437|1585593196|00001161
1585593193-0039-000|8449631123844|8449790400281|159276437|1585593196|00002286
1585593193-0039-000|8449631123844|8449790400281|159276437|1585593196|00001214
1585593193-0039-000|8449631123844|8449790400281|159276437|1585593196|00001009
1585593193-0039-000|8449631123844|8449790400281|159276437|1585593196|00001259
1585593193-0039-000|8449631123844|8449790400281|159276437|1585593196|00001251
1585593193-0039-000|8449631123844|8449790400281|159276437|1585593196|00001740
1585593193-0039-000|8449631123844|8449790400281|159276437|1585593196|00001427
1585593193-0039-000|8449631123844|8449790400281|159276437|1585593196|00001119
1585593193-0039-000|8449631123844|8449790400281|159276437|1585593196|00001109
1585593193-0039-000|8449631123844|8449790400281|159276437|1585593196|00001288
1585593193-0039-000|8449631123844|8449790400281|159276437|1585593196|00001042
1585593193-0039-000|8449631123844|8449790400281|159276437|1585593196|00002709
1585593193-0039-000|8449631123844|8449790400281|159276437|1585593196|00001482
1585593193-0039-000|8449631123844|8449790400281|159276437|1585593196|00001215
1585593193-0039-000|8449631123844|8449790400281|159276437|1585593196|00000987
1585593193-0039-000|8449631123844|8449790400281|159276437|1585593196|00001081
1585593193-0039-000|8449631123844|8449790400281|159276437|1585593196|00001005
1585593193-0039-000|8449631123844|8449790400281|159276437|1585593196|00001493
1585593193-0039-000|8449631123844|8449790400281|159276437|1585593196|00001059
1585593193-0039-000|8449631123844|8449790400281|159276437|1585593196|00001448
1585593193-0039-000|8449631123844|8449790400281|159276437|1585593196|00005402
1585593193-0039-000|8449631123844|8449790400281|159276437|1585593196|00001190
1585593193-0039-000|8449631123844|8449790400281|159276437|1585593196|00001085
1585593193-0039-000|8449631123844|8449790400281|159276437|1585593196|00001396
1585593193-0039-000|8449631123844|8449790400281|159276437|1585593196|01011272
1585593193-0039-000|8449631123844|8449790400281|159276437|1585593196|00001624
1585593193-0039-000|8449631123844|8449790400281|159276437|1585593196|00003082
1585593193-0039-000|8449631123844|8449790400281|159276437|1585593196|00003550
1585593193-0039-000|8449631123844|8449790400281|159276437|1585593196|00001876
1585593193-0039-000|8449631123844|8449790400281|159276437|1585593196|00001989
1585593193-0039-000|8449631123844|8449790400281|159276437|1585593196|00001800
1585593193-0039-000|8449631123844|8449790400281|159276437|1585593196|00001063
1585593193-0039-000|8449631123844|8449790400281|159276437|1585593196|00005545
1585593193-0039-000|8449631123844|8449790400281|159276437|1585593196|00016495
1585593193-0039-000|8449631123844|8449790400281|159276437|1585593196|00002583
1585593193-0039-000|8449631123844|8449790400281|159276437|1585593196|00002519
1585593193-0039-000|8449631123844|8449790400281|159276437|1585593196|00001088
1585593193-0039-000|8449631123844|8449790400281|159276437|1585593196|00004009
1585593193-0039-000|8449631123844|8449790400281|159276437|1585593196|01007592
1585593193-0039-000|8449631123844|8449790400281|159276437|1585593196|00001221
1585593193-0039-000|8449631123844|8449790400281|159276437|1585593196|00002422
1585593193-0039-000|8449631123844|8449790400281|159276437|1585593196|00003821
1585593193-0039-000|8449631123844|8449790400281|159276437|1585593196|00001552
1585593193-0039-000|8449631123844|8449790400281|159276437|1585593196|00001111
1585593193-0039-000|8449631123844|8449790400281|159276437|1585593196|00004879
1585593193-0039-000|8449631123844|8449790400281|159276437|1585593196|00001281
1585593193-0039-000|8449631123844|8449790400281|159276437|1585593196|00001818
1585593193-0039-000|8449631123844|8449790400281|159276437|1585593196|00004755
1585593193-0039-000|8449631123844|8449790400281|159276437|1585593196|00001434
1585593193-0039-000|8449631123844|8449790400281|159276437|1585593196|00005512
1585593193-0039-000|8449631123844|8449790400281|159276437|1585593196|00004948
1585593193-0039-000|8449631123844|8449790400281|159276437|1585593196|00001624
1585593193-0039-000|8449631123844|8449790400281|159276437|1585593196|00001130
1585593193-0039-000|8449631123844|8449790400281|159276437|1585593196|00004848
1585593193-0039-000|8449631123844|8449790400281|159276437|1585593196|00001436
1585593193-0039-000|8449631123844|8449790400281|159276437|1585593196|01010309
1585593193-0039-000|8449631123844|8449790400281|159276437|1585593196|00001314
1585593193-0039-000|8449631123844|8449790400281|159276437|1585593196|00001091
1585593193-0039-000|8449631123844|8449790400281|159276437|1585593196|00005838
1585593193-0039-000|8449631123844|8449790400281|159276437|1585593196|00005022
1585593193-0039-000|8449631123844|8449790400281|159276437|1585593196|00002357
1585593193-0039-000|8449631123844|8449790400281|159276437|1585593196|00005062
1585593193-0039-000|8449631123844|8449790400281|159276437|1585593196|00009066
1585593193-0039-000|8449631123844|8449790400281|159276437|1585593196|00001636
1585593193-0039-000|8449631123844|8449790400281|159276437|1585593196|00007964
1585593193-0039-000|8449631123844|8449790400281|159276437|1585593196|01014323
1585593193-0039-000|8449631123844|8449790400281|159276437|1585593196|00001094
1585593193-0039-000|8449631123844|8449790400281|159276437|1585593196|00001058
1585593193-0039-000|8449631123844|8449790400281|159276437|1585593196|00002631
1585593193-0039-000|8449631123844|8449790400281|159276437|1585593196|00004863
1585593193-0039-000|8449631123844|8449790400281|159276437|1585593196|00004244
1585593193-0039-000|8449631123844|8449790400281|159276437|1585593196|00003711
1585593193-0039-000|8449631123844|8449790400281|159276437|1585593196|01006296
1585593193-0039-000|8449631123844|8449790400281|159276437|1585593196|00000939
1585593193-0039-000|8449631123844|8449790400281|159276437|1585593196|00001018
1585593193-0039-000|8449631123844|8449790400281|159276437|1585593196|00000944
1585593193-0039-000|8449631123844|8449790400281|159276437|1585593196|00001130
1585593193-0039-000|8449631123844|8449790400281|159276437|1585593196|00001115
1585593193-0039-000|8449631123844|8449790400281|159276437|1585593196|00000977
1585593193-0039-000|8449631123844|8449790400281|159276437|1585593196|00001121
1585593193-0039-000|8449631123844|8449790400281|159276437|1585593196|00001089
1585593193-0039-000|8449631123844|8449790400281|159276437|1585593196|00000917
1585593193-0039-000|8449631123844|8449790400281|159276437|1585593196|00028388
1585593193-0039-000|8449631123844|8449790400281|159276437|1585593196|00006207
1585593193-0039-000|8449631123844|8449790400281|159276437|1585593196|00008969
1585593193-0039-000|8449631123844|8449790400281|159276437|1585593196|00002730
1585593193-0039-000|8449631123844|8449790400281|159276437|1585593196|01038064
1585593193-0039-000|8449631123844|8449790400281|159276437|1585593196|00001297
1585593193-0039-000|8449631123844|8449790400281|159276437|1585593196|00003217
1585593193-0039-000|8449631123844|8449790400281|159276437|1585593196|00001372
