1585593193-0095-000|8447929639976|8448022873066|93233090|1585593194|01281685
1585593193-0095-000|8447929639976|8448022873066|93233090|1585593194|00001342
1585593193-0095-000|8447929639976|8448022873066|93233090|1585593194|00001219
1585593193-0095-000|8447929639976|8448022873066|93233090|1585593194|00001175
1585593193-0095-000|8447929639976|8448022873066|93233090|1585593194|00001200
1585593193-0095-000|8447929639976|8448022873066|93233090|1585593194|00001475
1585593193-0095-000|8447929639976|8448022873066|93233090|1585593194|00001639
1585593193-0095-000|8447929639976|8448022873066|93233090|1585593194|00001224
1585593193-0095-000|8447929639976|8448022873066|93233090|1585593194|00001064
1585593193-0095-000|8447929639976|8448022873066|93233090|1585593194|00000954
1585593193-0095-000|8447929639976|8448022873066|93233090|1585593194|00001461
1585593193-0095-000|8447929639976|8448022873066|93233090|1585593194|00001324
1585593193-0095-000|8447929639976|8448022873066|93233090|1585593194|00001101
1585593193-0095-000|8447929639976|8448022873066|93233090|1585593194|00000971
1585593193-0095-000|8447929639976|8448022873066|93233090|1585593194|00001083
1585593193-0095-000|8447929639976|8448022873066|93233090|1585593194|00000908
1585593193-0095-000|8447929639976|8448022873066|93233090|1585593194|00001088
1585593193-0095-000|8447929639976|8448022873066|93233090|1585593194|00001068
1585593193-0095-000|8447929639976|8448022873066|93233090|1585593194|00001516
1585593193-0095-000|8447929639976|8448022873066|93233090|1585593194|00001511
1585593193-0095-000|8447929639976|8448022873066|93233090|1585593194|00001102
1585593193-0095-000|8447929639976|8448022873066|93233090|1585593194|00001735
1585593193-0095-000|8447929639976|8448022873066|93233090|1585593194|00001098
1585593193-0095-000|8447929639976|8448022873066|93233090|1585593194|00001025
1585593193-0095-000|8447929639976|8448022873066|93233090|1585593194|00001282
1585593193-0095-000|8447929639976|8448022873066|93233090|1585593194|00000961
1585593193-0095-000|8447929639976|8448022873066|93233090|1585593194|00000968
1585593193-0095-000|8447929639976|8448022873066|93233090|1585593194|00001139
1585593193-0095-000|8447929639976|8448022873066|93233090|1585593194|00001555
1585593193-0095-000|8447929639976|8448022873066|93233090|1585593194|00001360
1585593193-0095-000|8447929639976|8448022873066|93233090|1585593194|00001397
1585593193-0095-000|8447929639976|8448022873066|93233090|1585593194|00001206
1585593193-0095-000|8447929639976|8448022873066|93233090|1585593194|03021209
1585593193-0095-000|8447929639976|8448022873066|93233090|1585593194|00026733
1585593193-0095-000|8447929639976|8448022873066|93233090|1585593194|00001011
1585593193-0095-000|8447929639976|8448022873066|93233090|1585593194|01028331
1585593193-0095-000|8447929639976|8448022873066|93233090|1585593194|00002886
1585593193-0095-000|8447929639976|8448022873066|93233090|1585593194|00001333
1585593193-0095-000|8447929639976|8448022873066|93233090|1585593194|00003690
1585593193-0095-000|8447929639976|8448022873066|93233090|1585593194|01014655
1585593193-0095-000|8447929639976|8448022873066|93233090|1585593194|00023191
1585593193-0095-000|8447929639976|8448022873066|93233090|1585593194|00007464
1585593193-0095-000|8447929639976|8448022873066|93233090|1585593194|00010059
1585593193-0095-000|8447929639976|8448022873066|93233090|1585593194|00005216
1585593193-0095-000|8447929639976|8448022873066|93233090|1585593194|00006770
1585593193-0095-000|8447929639976|8448022873066|93233090|1585593194|00002398
1585593193-0095-000|8447929639976|8448022873066|93233090|1585593194|00005131
1585593193-0095-000|8447929639976|8448022873066|93233090|1585593194|00002921
1585593193-0095-000|8447929639976|8448022873066|93233090|1585593194|00001435
1585593193-0095-000|8447929639976|8448022873066|93233090|1585593194|00007565
1585593193-0095-000|8447929639976|8448022873066|93233090|1585593194|01014848
1585593193-0095-000|8447929639976|8448022873066|93233090|1585593194|00001407
1585593193-0095-000|8447929639976|8448022873066|93233090|1585593194|00001026
1585593193-0095-000|8447929639976|8448022873066|93233090|1585593194|00000950
1585593193-0095-000|8447929639976|8448022873066|93233090|1585593194|00001019
1585593193-0095-000|8447929639976|8448022873066|93233090|1585593194|00001072
1585593193-0095-000|8447929639976|8448022873066|93233090|1585593194|00001376
1585593193-0095-000|8447929639976|8448022873066|93233090|1585593194|00000831
1585593193-0095-000|8447929639976|8448022873066|93233090|1585593194|00000967
1585593193-0095-000|8447929639976|8448022873066|93233090|1585593194|01014549
1585593193-0095-000|8447929639976|8448022873066|93233090|1585593194|00001037
1585593193-0095-000|8447929639976|8448022873066|93233090|1585593194|00001023
1585593193-0095-000|8447929639976|8448022873066|93233090|1585593194|00000899
1585593193-0095-000|8447929639976|8448022873066|93233090|1585593194|00001021
1585593193-0095-000|8447929639976|8448022873066|93233090|1585593194|00000962
1585593193-0095-000|8447929639976|8448022873066|93233090|1585593194|00000846
1585593193-0095-000|8447929639976|8448022873066|93233090|1585593194|00000974
1585593193-0095-000|8447929639976|8448022873066|93233090|1585593194|00000958
1585593193-0095-000|8447929639976|8448022873066|93233090|1585593194|00000922
1585593193-0095-000|8447929639976|8448022873066|93233090|1585593194|00001390
1585593193-0095-000|8447929639976|8448022873066|93233090|1585593194|00001107
1585593193-0095-000|8447929639976|8448022873066|93233090|1585593194|00001070
1585593193-0095-000|8447929639976|8448022873066|93233090|1585593194|00000988
1585593193-0095-000|8447929639976|8448022873066|93233090|1585593194|00000853
1585593193-0095-000|8447929639976|8448022873066|93233090|1585593194|00001098
1585593193-0095-000|8447929639976|8448022873066|93233090|1585593194|00001056
1585593193-0095-000|8447929639976|8448022873066|93233090|1585593194|00000958
1585593193-0095-000|8447929639976|8448022873066|93233090|1585593194|00001003
1585593193-0095-000|8447929639976|8448022873066|93233090|1585593194|00001003
1585593193-0095-000|8447929639976|8448022873066|93233090|1585593194|00001226
1585593193-0095-000|8447929639976|8448022873066|93233090|1585593194|00001386
1585593193-0095-000|8447929639976|8448022873066|93233090|1585593194|00001528
1585593193-0095-000|8447929639976|8448022873066|93233090|1585593194|00001166
1585593193-0095-000|8447929639976|8448022873066|93233090|1585593194|00001546
1585593193-0095-000|8447929639976|8448022873066|93233090|1585593194|00001261
1585593193-0095-000|8447929639976|8448022873066|93233090|1585593194|00001174
1585593193-0095-000|8447929639976|8448022873066|93233090|1585593194|00001177
1585593193-0095-000|8447929639976|8448022873066|93233090|1585593194|00001011
1585593193-0095-000|8447929639976|8448022873066|93233090|1585593194|00009067
1585593193-0095-000|8447929639976|8448022873066|93233090|1585593194|00001131
1585593193-0095-000|8447929639976|8448022873066|93233090|1585593194|00001064
1585593193-0095-000|8447929639976|8448022873066|93233090|1585593194|01011499
1585593193-0095-000|8447929639976|8448022873066|93233090|1585593194|00002234
1585593193-0095-000|8447929639976|8448022873066|93233090|1585593194|00001858
1585593193-0095-000|8447929639976|8448022873066|93233090|1585593194|00002659
1585593193-0095-000|8447929639976|8448022873066|93233090|1585593194|00001485
1585593193-0095-000|8447929639976|8448022873066|93233090|1585593194|00001489
1585593193-0095-000|8447929639976|8448022873066|93233090|1585593194|00002514
1585593193-0095-000|8447929639976|8448022873066|93233090|1585593194|00001863
1585593193-0095-000|8447929639976|8448022873066|93233090|1585593194|00001160
