1585593193-0037-000|8453229769967|8453420915040|191145073|1585593200|06520254
1585593193-0037-000|8453229769967|8453420915040|191145073|1585593200|00001120
1585593193-0037-000|8453229769967|8453420915040|191145073|1585593200|00001409
1585593193-0037-000|8453229769967|8453420915040|191145073|1585593200|00001324
1585593193-0037-000|8453229769967|8453420915040|191145073|1585593200|00002127
1585593193-0037-000|8453229769967|8453420915040|191145073|1585593200|00004546
1585593193-0037-000|8453229769967|8453420915040|191145073|1585593200|00001271
1585593193-0037-000|8453229769967|8453420915040|191145073|1585593200|00002429
1585593193-0037-000|8453229769967|8453420915040|191145073|1585593200|00001316
1585593193-0037-000|8453229769967|8453420915040|191145073|1585593200|00002377
1585593193-0037-000|8453229769967|8453420915040|191145073|1585593200|00001745
1585593193-0037-000|8453229769967|8453420915040|191145073|1585593200|00000978
1585593193-0037-000|8453229769967|8453420915040|191145073|1585593200|00001246
1585593193-0037-000|8453229769967|8453420915040|191145073|1585593200|00004217
1585593193-0037-000|8453229769967|8453420915040|191145073|1585593200|00001070
1585593193-0037-000|8453229769967|8453420915040|191145073|1585593200|00001378
1585593193-0037-000|8453229769967|8453420915040|191145073|1585593200|00001017
1585593193-0037-000|8453229769967|8453420915040|191145073|1585593200|00001414
1585593193-0037-000|8453229769967|8453420915040|191145073|1585593200|00002940
1585593193-0037-000|8453229769967|8453420915040|191145073|1585593200|00003017
1585593193-0037-000|8453229769967|8453420915040|191145073|1585593200|00001324
1585593193-0037-000|8453229769967|8453420915040|191145073|1585593200|00001073
1585593193-0037-000|8453229769967|8453420915040|191145073|1585593200|00001244
1585593193-0037-000|8453229769967|8453420915040|191145073|1585593200|00001172
1585593193-0037-000|8453229769967|8453420915040|191145073|1585593200|00002908
1585593193-0037-000|8453229769967|8453420915040|191145073|1585593200|00001680
1585593193-0037-000|8453229769967|8453420915040|191145073|1585593200|00002027
1585593193-0037-000|8453229769967|8453420915040|191145073|1585593200|00005398
1585593193-0037-000|8453229769967|8453420915040|191145073|1585593200|00002485
1585593193-0037-000|8453229769967|8453420915040|191145073|1585593200|00003822
1585593193-0037-000|8453229769967|8453420915040|191145073|1585593200|00001421
1585593193-0037-000|8453229769967|8453420915040|191145073|1585593200|00002105
1585593193-0037-000|8453229769967|8453420915040|191145073|1585593200|00001117
1585593193-0037-000|8453229769967|8453420915040|191145073|1585593200|00002708
1585593193-0037-000|8453229769967|8453420915040|191145073|1585593200|00001257
1585593193-0037-000|8453229769967|8453420915040|191145073|1585593200|00002632
1585593193-0037-000|8453229769967|8453420915040|191145073|1585593200|00004339
1585593193-0037-000|8453229769967|8453420915040|191145073|1585593200|00004717
1585593193-0037-000|8453229769967|8453420915040|191145073|1585593200|00003597
1585593193-0037-000|8453229769967|8453420915040|191145073|1585593200|00004305
1585593193-0037-000|8453229769967|8453420915040|191145073|1585593200|00004524
1585593193-0037-000|8453229769967|8453420915040|191145073|1585593200|00002859
1585593193-0037-000|8453229769967|8453420915040|191145073|1585593200|00008008
1585593193-0037-000|8453229769967|8453420915040|191145073|1585593200|00011404
1585593193-0037-000|8453229769967|8453420915040|191145073|1585593200|00008642
1585593193-0037-000|8453229769967|8453420915040|191145073|1585593200|00010575
1585593193-0037-000|8453229769967|8453420915040|191145073|1585593200|00008112
1585593193-0037-000|8453229769967|8453420915040|191145073|1585593200|00009135
1585593193-0037-000|8453229769967|8453420915040|191145073|1585593200|00003357
1585593193-0037-000|8453229769967|8453420915040|191145073|1585593200|00011186
1585593193-0037-000|8453229769967|8453420915040|191145073|1585593200|01026665
1585593193-0037-000|8453229769967|8453420915040|191145073|1585593200|00001405
1585593193-0037-000|8453229769967|8453420915040|191145073|1585593200|00001053
1585593193-0037-000|8453229769967|8453420915040|191145073|1585593200|00001069
1585593193-0037-000|8453229769967|8453420915040|191145073|1585593200|00000959
1585593193-0037-000|8453229769967|8453420915040|191145073|1585593200|00001088
1585593193-0037-000|8453229769967|8453420915040|191145073|1585593200|00001042
1585593193-0037-000|8453229769967|8453420915040|191145073|1585593200|00001046
1585593193-0037-000|8453229769967|8453420915040|191145073|1585593200|00001006
1585593193-0037-000|8453229769967|8453420915040|191145073|1585593200|00001031
1585593193-0037-000|8453229769967|8453420915040|191145073|1585593200|00001138
1585593193-0037-000|8453229769967|8453420915040|191145073|1585593200|00001161
1585593193-0037-000|8453229769967|8453420915040|191145073|1585593200|00001107
1585593193-0037-000|8453229769967|8453420915040|191145073|1585593200|00001034
1585593193-0037-000|8453229769967|8453420915040|191145073|1585593200|00001175
1585593193-0037-000|8453229769967|8453420915040|191145073|1585593200|00001067
1585593193-0037-000|8453229769967|8453420915040|191145073|1585593200|00001164
1585593193-0037-000|8453229769967|8453420915040|191145073|1585593200|00001142
1585593193-0037-000|8453229769967|8453420915040|191145073|1585593200|00001073
1585593193-0037-000|8453229769967|8453420915040|191145073|1585593200|00001029
1585593193-0037-000|8453229769967|8453420915040|191145073|1585593200|00001086
1585593193-0037-000|8453229769967|8453420915040|191145073|1585593200|00001014
1585593193-0037-000|8453229769967|8453420915040|191145073|1585593200|00001148
1585593193-0037-000|8453229769967|8453420915040|191145073|1585593200|00001102
1585593193-0037-000|8453229769967|8453420915040|191145073|1585593200|00001091
1585593193-0037-000|8453229769967|8453420915040|191145073|1585593200|00001075
1585593193-0037-000|8453229769967|8453420915040|191145073|1585593200|00000988
1585593193-0037-000|8453229769967|8453420915040|191145073|1585593200|00001015
1585593193-0037-000|8453229769967|8453420915040|191145073|1585593200|00000972
1585593193-0037-000|8453229769967|8453420915040|191145073|1585593200|00000995
1585593193-0037-000|8453229769967|8453420915040|191145073|1585593200|00001044
1585593193-0037-000|8453229769967|8453420915040|191145073|1585593200|00001178
1585593193-0037-000|8453229769967|8453420915040|191145073|1585593200|00001184
1585593193-0037-000|8453229769967|8453420915040|191145073|1585593200|00001022
1585593193-0037-000|8453229769967|8453420915040|191145073|1585593200|00000907
1585593193-0037-000|8453229769967|8453420915040|191145073|1585593200|00001000
1585593193-0037-000|8453229769967|8453420915040|191145073|1585593200|00000988
1585593193-0037-000|8453229769967|8453420915040|191145073|1585593200|00001094
1585593193-0037-000|8453229769967|8453420915040|191145073|1585593200|00001063
1585593193-0037-000|8453229769967|8453420915040|191145073|1585593200|00001011
1585593193-0037-000|8453229769967|8453420915040|191145073|1585593200|00001053
1585593193-0037-000|8453229769967|8453420915040|191145073|1585593200|00001001
1585593193-0037-000|8453229769967|8453420915040|191145073|1585593200|00000948
1585593193-0037-000|8453229769967|8453420915040|191145073|1585593200|00001118
1585593193-0037-000|8453229769967|8453420915040|191145073|1585593200|00001131
1585593193-0037-000|8453229769967|8453420915040|191145073|1585593200|00001092
1585593193-0037-000|8453229769967|8453420915040|191145073|1585593200|00001083
1585593193-0037-000|8453229769967|8453420915040|191145073|1585593200|00001002
1585593193-0037-000|8453229769967|8453420915040|191145073|1585593200|00001154
1585593193-0037-000|8453229769967|8453420915040|191145073|1585593200|00001051
