1585593193-0016-000|8451970018798|8452102950572|132931774|1585593199|05227754
1585593193-0016-000|8451970018798|8452102950572|132931774|1585593199|00002353
1585593193-0016-000|8451970018798|8452102950572|132931774|1585593199|00001300
1585593193-0016-000|8451970018798|8452102950572|132931774|1585593199|00001284
1585593193-0016-000|8451970018798|8452102950572|132931774|1585593199|00005122
1585593193-0016-000|8451970018798|8452102950572|132931774|1585593199|00001174
1585593193-0016-000|8451970018798|8452102950572|132931774|1585593199|00001278
1585593193-0016-000|8451970018798|8452102950572|132931774|1585593199|00001895
1585593193-0016-000|8451970018798|8452102950572|132931774|1585593199|00004397
1585593193-0016-000|8451970018798|8452102950572|132931774|1585593199|00002641
1585593193-0016-000|8451970018798|8452102950572|132931774|1585593199|00009497
1585593193-0016-000|8451970018798|8452102950572|132931774|1585593199|00002360
1585593193-0016-000|8451970018798|8452102950572|132931774|1585593199|00005240
1585593193-0016-000|8451970018798|8452102950572|132931774|1585593199|01030778
1585593193-0016-000|8451970018798|8452102950572|132931774|1585593199|00001516
1585593193-0016-000|8451970018798|8452102950572|132931774|1585593199|00001988
1585593193-0016-000|8451970018798|8452102950572|132931774|1585593199|00004061
1585593193-0016-000|8451970018798|8452102950572|132931774|1585593199|00001270
1585593193-0016-000|8451970018798|8452102950572|132931774|1585593199|00002603
1585593193-0016-000|8451970018798|8452102950572|132931774|1585593199|00003962
1585593193-0016-000|8451970018798|8452102950572|132931774|1585593199|00007688
1585593193-0016-000|8451970018798|8452102950572|132931774|1585593199|00013267
1585593193-0016-000|8451970018798|8452102950572|132931774|1585593199|00001792
1585593193-0016-000|8451970018798|8452102950572|132931774|1585593199|00009194
1585593193-0016-000|8451970018798|8452102950572|132931774|1585593199|00001146
1585593193-0016-000|8451970018798|8452102950572|132931774|1585593199|00006167
1585593193-0016-000|8451970018798|8452102950572|132931774|1585593199|00001735
1585593193-0016-000|8451970018798|8452102950572|132931774|1585593199|00005866
1585593193-0016-000|8451970018798|8452102950572|132931774|1585593199|00002144
1585593193-0016-000|8451970018798|8452102950572|132931774|1585593199|00005585
1585593193-0016-000|8451970018798|8452102950572|132931774|1585593199|01015216
1585593193-0016-000|8451970018798|8452102950572|132931774|1585593199|00001449
1585593193-0016-000|8451970018798|8452102950572|132931774|1585593199|00001298
1585593193-0016-000|8451970018798|8452102950572|132931774|1585593199|00001484
1585593193-0016-000|8451970018798|8452102950572|132931774|1585593199|00001217
1585593193-0016-000|8451970018798|8452102950572|132931774|1585593199|00001031
1585593193-0016-000|8451970018798|8452102950572|132931774|1585593199|00001058
1585593193-0016-000|8451970018798|8452102950572|132931774|1585593199|00001090
1585593193-0016-000|8451970018798|8452102950572|132931774|1585593199|00001070
1585593193-0016-000|8451970018798|8452102950572|132931774|1585593199|00001230
1585593193-0016-000|8451970018798|8452102950572|132931774|1585593199|01011827
1585593193-0016-000|8451970018798|8452102950572|132931774|1585593199|00000974
1585593193-0016-000|8451970018798|8452102950572|132931774|1585593199|00000912
1585593193-0016-000|8451970018798|8452102950572|132931774|1585593199|00001385
1585593193-0016-000|8451970018798|8452102950572|132931774|1585593199|00001217
1585593193-0016-000|8451970018798|8452102950572|132931774|1585593199|00001049
1585593193-0016-000|8451970018798|8452102950572|132931774|1585593199|00001182
1585593193-0016-000|8451970018798|8452102950572|132931774|1585593199|00000964
1585593193-0016-000|8451970018798|8452102950572|132931774|1585593199|00001087
1585593193-0016-000|8451970018798|8452102950572|132931774|1585593199|00001230
1585593193-0016-000|8451970018798|8452102950572|132931774|1585593199|00001361
1585593193-0016-000|8451970018798|8452102950572|132931774|1585593199|00001153
1585593193-0016-000|8451970018798|8452102950572|132931774|1585593199|00001669
1585593193-0016-000|8451970018798|8452102950572|132931774|1585593199|00001797
1585593193-0016-000|8451970018798|8452102950572|132931774|1585593199|00001609
1585593193-0016-000|8451970018798|8452102950572|132931774|1585593199|00002917
1585593193-0016-000|8451970018798|8452102950572|132931774|1585593199|00001198
1585593193-0016-000|8451970018798|8452102950572|132931774|1585593199|00001282
1585593193-0016-000|8451970018798|8452102950572|132931774|1585593199|00001375
1585593193-0016-000|8451970018798|8452102950572|132931774|1585593199|00001079
1585593193-0016-000|8451970018798|8452102950572|132931774|1585593199|00001230
1585593193-0016-000|8451970018798|8452102950572|132931774|1585593199|00001268
1585593193-0016-000|8451970018798|8452102950572|132931774|1585593199|00001604
1585593193-0016-000|8451970018798|8452102950572|132931774|1585593199|00002572
1585593193-0016-000|8451970018798|8452102950572|132931774|1585593199|00001311
1585593193-0016-000|8451970018798|8452102950572|132931774|1585593199|00001115
1585593193-0016-000|8451970018798|8452102950572|132931774|1585593199|00001665
1585593193-0016-000|8451970018798|8452102950572|132931774|1585593199|00001377
1585593193-0016-000|8451970018798|8452102950572|132931774|1585593199|00001427
1585593193-0016-000|8451970018798|8452102950572|132931774|1585593199|00001013
1585593193-0016-000|8451970018798|8452102950572|132931774|1585593199|00001170
1585593193-0016-000|8451970018798|8452102950572|132931774|1585593199|00001061
1585593193-0016-000|8451970018798|8452102950572|132931774|1585593199|00001002
1585593193-0016-000|8451970018798|8452102950572|132931774|1585593199|00001147
1585593193-0016-000|8451970018798|8452102950572|132931774|1585593199|01015862
1585593193-0016-000|8451970018798|8452102950572|132931774|1585593199|00001536
1585593193-0016-000|8451970018798|8452102950572|132931774|1585593199|00001512
1585593193-0016-000|8451970018798|8452102950572|132931774|1585593199|00001127
1585593193-0016-000|8451970018798|8452102950572|132931774|1585593199|00005146
1585593193-0016-000|8451970018798|8452102950572|132931774|1585593199|00001575
1585593193-0016-000|8451970018798|8452102950572|132931774|1585593199|00001347
1585593193-0016-000|8451970018798|8452102950572|132931774|1585593199|00001544
1585593193-0016-000|8451970018798|8452102950572|132931774|1585593199|00001095
1585593193-0016-000|8451970018798|8452102950572|132931774|1585593199|00001276
1585593193-0016-000|8451970018798|8452102950572|132931774|1585593199|00002294
1585593193-0016-000|8451970018798|8452102950572|132931774|1585593199|00002013
1585593193-0016-000|8451970018798|8452102950572|132931774|1585593199|00001406
1585593193-0016-000|8451970018798|8452102950572|132931774|1585593199|00001185
1585593193-0016-000|8451970018798|8452102950572|132931774|1585593199|01026588
1585593193-0016-000|8451970018798|8452102950572|132931774|1585593199|00004858
1585593193-0016-000|8451970018798|8452102950572|132931774|1585593199|00001891
1585593193-0016-000|8451970018798|8452102950572|132931774|1585593199|00001266
1585593193-0016-000|8451970018798|8452102950572|132931774|1585593199|00008003
1585593193-0016-000|8451970018798|8452102950572|132931774|1585593199|00001990
1585593193-0016-000|8451970018798|8452102950572|132931774|1585593199|00004175
1585593193-0016-000|8451970018798|8452102950572|132931774|1585593199|00001796
1585593193-0016-000|8451970018798|8452102950572|132931774|1585593199|00001308
1585593193-0016-000|8451970018798|8452102950572|132931774|1585593199|00004876
1585593193-0016-000|8451970018798|8452102950572|132931774|1585593199|00001048
1585593193-0016-000|8451970018798|8452102950572|132931774|1585593199|00001312
