1585593193-0025-000|8447459092340|8447561710390|102618050|1585593194|00834950
1585593193-0025-000|8447459092340|8447561710390|102618050|1585593194|00001098
1585593193-0025-000|8447459092340|8447561710390|102618050|1585593194|00000953
1585593193-0025-000|8447459092340|8447561710390|102618050|1585593194|00000932
1585593193-0025-000|8447459092340|8447561710390|102618050|1585593194|00001051
1585593193-0025-000|8447459092340|8447561710390|102618050|1585593194|00001432
1585593193-0025-000|8447459092340|8447561710390|102618050|1585593194|00001066
1585593193-0025-000|8447459092340|8447561710390|102618050|1585593194|00001023
1585593193-0025-000|8447459092340|8447561710390|102618050|1585593194|00000910
1585593193-0025-000|8447459092340|8447561710390|102618050|1585593194|00000966
1585593193-0025-000|8447459092340|8447561710390|102618050|1585593194|00000999
1585593193-0025-000|8447459092340|8447561710390|102618050|1585593194|00000965
1585593193-0025-000|8447459092340|8447561710390|102618050|1585593194|00001016
1585593193-0025-000|8447459092340|8447561710390|102618050|1585593194|00001239
1585593193-0025-000|8447459092340|8447561710390|102618050|1585593194|00001075
1585593193-0025-000|8447459092340|8447561710390|102618050|1585593194|00001156
1585593193-0025-000|8447459092340|8447561710390|102618050|1585593194|00000868
1585593193-0025-000|8447459092340|8447561710390|102618050|1585593194|00001031
1585593193-0025-000|8447459092340|8447561710390|102618050|1585593194|00000969
1585593193-0025-000|8447459092340|8447561710390|102618050|1585593194|00001331
1585593193-0025-000|8447459092340|8447561710390|102618050|1585593194|00000972
1585593193-0025-000|8447459092340|8447561710390|102618050|1585593194|00001230
1585593193-0025-000|8447459092340|8447561710390|102618050|1585593194|00001205
1585593193-0025-000|8447459092340|8447561710390|102618050|1585593194|00001333
1585593193-0025-000|8447459092340|8447561710390|102618050|1585593194|00000865
1585593193-0025-000|8447459092340|8447561710390|102618050|1585593194|00001044
1585593193-0025-000|8447459092340|8447561710390|102618050|1585593194|00020009
1585593193-0025-000|8447459092340|8447561710390|102618050|1585593194|00001091
1585593193-0025-000|8447459092340|8447561710390|102618050|1585593194|00000928
1585593193-0025-000|8447459092340|8447561710390|102618050|1585593194|01017825
1585593193-0025-000|8447459092340|8447561710390|102618050|1585593194|00001025
1585593193-0025-000|8447459092340|8447561710390|102618050|1585593194|00000978
1585593193-0025-000|8447459092340|8447561710390|102618050|1585593194|00001207
1585593193-0025-000|8447459092340|8447561710390|102618050|1585593194|00001404
1585593193-0025-000|8447459092340|8447561710390|102618050|1585593194|00001286
1585593193-0025-000|8447459092340|8447561710390|102618050|1585593194|00001923
1585593193-0025-000|8447459092340|8447561710390|102618050|1585593194|00001684
1585593193-0025-000|8447459092340|8447561710390|102618050|1585593194|00002944
1585593193-0025-000|8447459092340|8447561710390|102618050|1585593194|00001361
1585593193-0025-000|8447459092340|8447561710390|102618050|1585593194|00001478
1585593193-0025-000|8447459092340|8447561710390|102618050|1585593194|00002586
1585593193-0025-000|8447459092340|8447561710390|102618050|1585593194|00002482
1585593193-0025-000|8447459092340|8447561710390|102618050|1585593194|00004808
1585593193-0025-000|8447459092340|8447561710390|102618050|1585593194|03050882
1585593193-0025-000|8447459092340|8447561710390|102618050|1585593194|00002125
1585593193-0025-000|8447459092340|8447561710390|102618050|1585593194|00007084
1585593193-0025-000|8447459092340|8447561710390|102618050|1585593194|00006116
1585593193-0025-000|8447459092340|8447561710390|102618050|1585593194|00001932
1585593193-0025-000|8447459092340|8447561710390|102618050|1585593194|00001601
1585593193-0025-000|8447459092340|8447561710390|102618050|1585593194|00005746
1585593193-0025-000|8447459092340|8447561710390|102618050|1585593194|00006634
1585593193-0025-000|8447459092340|8447561710390|102618050|1585593194|00001725
1585593193-0025-000|8447459092340|8447561710390|102618050|1585593194|00006122
1585593193-0025-000|8447459092340|8447561710390|102618050|1585593194|00003179
1585593193-0025-000|8447459092340|8447561710390|102618050|1585593194|00010026
1585593193-0025-000|8447459092340|8447561710390|102618050|1585593194|00005972
1585593193-0025-000|8447459092340|8447561710390|102618050|1585593194|15423325
1585593193-0025-000|8447459092340|8447561710390|102618050|1585593194|00001042
1585593193-0025-000|8447459092340|8447561710390|102618050|1585593194|00001092
1585593193-0025-000|8447459092340|8447561710390|102618050|1585593194|00000962
1585593193-0025-000|8447459092340|8447561710390|102618050|1585593194|00001101
1585593193-0025-000|8447459092340|8447561710390|102618050|1585593194|00001031
1585593193-0025-000|8447459092340|8447561710390|102618050|1585593194|00000954
1585593193-0025-000|8447459092340|8447561710390|102618050|1585593194|00001025
1585593193-0025-000|8447459092340|8447561710390|102618050|1585593194|00000992
1585593193-0025-000|8447459092340|8447561710390|102618050|1585593194|00001128
1585593193-0025-000|8447459092340|8447561710390|102618050|1585593194|00001095
1585593193-0025-000|8447459092340|8447561710390|102618050|1585593194|00000914
1585593193-0025-000|8447459092340|8447561710390|102618050|1585593194|00001182
1585593193-0025-000|8447459092340|8447561710390|102618050|1585593194|00001102
1585593193-0025-000|8447459092340|8447561710390|102618050|1585593194|00000970
1585593193-0025-000|8447459092340|8447561710390|102618050|1585593194|00000958
1585593193-0025-000|8447459092340|8447561710390|102618050|1585593194|00000935
1585593193-0025-000|8447459092340|8447561710390|102618050|1585593194|00001082
1585593193-0025-000|8447459092340|8447561710390|102618050|1585593194|00000978
1585593193-0025-000|8447459092340|8447561710390|102618050|1585593194|00000935
1585593193-0025-000|8447459092340|8447561710390|102618050|1585593194|00001138
1585593193-0025-000|8447459092340|8447561710390|102618050|1585593194|00000986
1585593193-0025-000|8447459092340|8447561710390|102618050|1585593194|00000955
1585593193-0025-000|8447459092340|8447561710390|102618050|1585593194|00000852
1585593193-0025-000|8447459092340|8447561710390|102618050|1585593194|00000869
1585593193-0025-000|8447459092340|8447561710390|102618050|1585593194|00000991
1585593193-0025-000|8447459092340|8447561710390|102618050|1585593194|00001370
1585593193-0025-000|8447459092340|8447561710390|102618050|1585593194|00001023
1585593193-0025-000|8447459092340|8447561710390|102618050|1585593194|00000906
1585593193-0025-000|8447459092340|8447561710390|102618050|1585593194|00001057
1585593193-0025-000|8447459092340|8447561710390|102618050|1585593194|00000981
1585593193-0025-000|8447459092340|8447561710390|102618050|1585593194|00001379
1585593193-0025-000|8447459092340|8447561710390|102618050|1585593194|00000891
1585593193-0025-000|8447459092340|8447561710390|102618050|1585593194|00000935
1585593193-0025-000|8447459092340|8447561710390|102618050|1585593194|00000987
1585593193-0025-000|8447459092340|8447561710390|102618050|1585593194|00001077
1585593193-0025-000|8447459092340|8447561710390|102618050|1585593194|00001021
1585593193-0025-000|8447459092340|8447561710390|102618050|1585593194|00001069
1585593193-0025-000|8447459092340|8447561710390|102618050|1585593194|00001035
1585593193-0025-000|8447459092340|8447561710390|102618050|1585593194|00001118
1585593193-0025-000|8447459092340|8447561710390|102618050|1585593194|00000868
1585593193-0025-000|8447459092340|8447561710390|102618050|1585593194|00001189
1585593193-0025-000|8447459092340|8447561710390|102618050|1585593194|00001152
1585593193-0025-000|8447459092340|8447561710390|102618050|1585593194|00001101
