1585593193-0088-000|8449080178921|8449221406359|141227438|1585593196|02444421
1585593193-0088-000|8449080178921|8449221406359|141227438|1585593196|00001232
1585593193-0088-000|8449080178921|8449221406359|141227438|1585593196|00001275
1585593193-0088-000|8449080178921|8449221406359|141227438|1585593196|00001086
1585593193-0088-000|8449080178921|8449221406359|141227438|1585593196|00000968
1585593193-0088-000|8449080178921|8449221406359|141227438|1585593196|00000929
1585593193-0088-000|8449080178921|8449221406359|141227438|1585593196|00001183
1585593193-0088-000|8449080178921|8449221406359|141227438|1585593196|00001178
1585593193-0088-000|8449080178921|8449221406359|141227438|1585593196|00001069
1585593193-0088-000|8449080178921|8449221406359|141227438|1585593196|00000993
1585593193-0088-000|8449080178921|8449221406359|141227438|1585593196|00001285
1585593193-0088-000|8449080178921|8449221406359|141227438|1585593196|00001027
1585593193-0088-000|8449080178921|8449221406359|141227438|1585593196|00001254
1585593193-0088-000|8449080178921|8449221406359|141227438|1585593196|00001226
1585593193-0088-000|8449080178921|8449221406359|141227438|1585593196|00001011
1585593193-0088-000|8449080178921|8449221406359|141227438|1585593196|00000932
1585593193-0088-000|8449080178921|8449221406359|141227438|1585593196|00001057
1585593193-0088-000|8449080178921|8449221406359|141227438|1585593196|00002326
1585593193-0088-000|8449080178921|8449221406359|141227438|1585593196|00001738
1585593193-0088-000|8449080178921|8449221406359|141227438|1585593196|00001791
1585593193-0088-000|8449080178921|8449221406359|141227438|1585593196|00004265
1585593193-0088-000|8449080178921|8449221406359|141227438|1585593196|00001318
1585593193-0088-000|8449080178921|8449221406359|141227438|1585593196|00002073
1585593193-0088-000|8449080178921|8449221406359|141227438|1585593196|00004544
1585593193-0088-000|8449080178921|8449221406359|141227438|1585593196|00001829
1585593193-0088-000|8449080178921|8449221406359|141227438|1585593196|00001477
1585593193-0088-000|8449080178921|8449221406359|141227438|1585593196|00001261
1585593193-0088-000|8449080178921|8449221406359|141227438|1585593196|00002273
1585593193-0088-000|8449080178921|8449221406359|141227438|1585593196|00001169
1585593193-0088-000|8449080178921|8449221406359|141227438|1585593196|00002887
1585593193-0088-000|8449080178921|8449221406359|141227438|1585593196|00003787
1585593193-0088-000|8449080178921|8449221406359|141227438|1585593196|00001418
1585593193-0088-000|8449080178921|8449221406359|141227438|1585593196|03036836
1585593193-0088-000|8449080178921|8449221406359|141227438|1585593196|00001044
1585593193-0088-000|8449080178921|8449221406359|141227438|1585593196|00001048
1585593193-0088-000|8449080178921|8449221406359|141227438|1585593196|00000913
1585593193-0088-000|8449080178921|8449221406359|141227438|1585593196|00001053
1585593193-0088-000|8449080178921|8449221406359|141227438|1585593196|00001083
1585593193-0088-000|8449080178921|8449221406359|141227438|1585593196|00001126
1585593193-0088-000|8449080178921|8449221406359|141227438|1585593196|00001191
1585593193-0088-000|8449080178921|8449221406359|141227438|1585593196|00001099
1585593193-0088-000|8449080178921|8449221406359|141227438|1585593196|00001004
1585593193-0088-000|8449080178921|8449221406359|141227438|1585593196|00001076
1585593193-0088-000|8449080178921|8449221406359|141227438|1585593196|00000976
1585593193-0088-000|8449080178921|8449221406359|141227438|1585593196|00000941
1585593193-0088-000|8449080178921|8449221406359|141227438|1585593196|00001079
1585593193-0088-000|8449080178921|8449221406359|141227438|1585593196|00001048
1585593193-0088-000|8449080178921|8449221406359|141227438|1585593196|00001045
1585593193-0088-000|8449080178921|8449221406359|141227438|1585593196|00001016
1585593193-0088-000|8449080178921|8449221406359|141227438|1585593196|00001246
1585593193-0088-000|8449080178921|8449221406359|141227438|1585593196|00001157
1585593193-0088-000|8449080178921|8449221406359|141227438|1585593196|00001393
1585593193-0088-000|8449080178921|8449221406359|141227438|1585593196|00001124
1585593193-0088-000|8449080178921|8449221406359|141227438|1585593196|00001493
1585593193-0088-000|8449080178921|8449221406359|141227438|1585593196|00004182
1585593193-0088-000|8449080178921|8449221406359|141227438|1585593196|00001035
1585593193-0088-000|8449080178921|8449221406359|141227438|1585593196|00001106
1585593193-0088-000|8449080178921|8449221406359|141227438|1585593196|00001226
1585593193-0088-000|8449080178921|8449221406359|141227438|1585593196|00001006
1585593193-0088-000|8449080178921|8449221406359|141227438|1585593196|00000990
1585593193-0088-000|8449080178921|8449221406359|141227438|1585593196|00001447
1585593193-0088-000|8449080178921|8449221406359|141227438|1585593196|00001062
1585593193-0088-000|8449080178921|8449221406359|141227438|1585593196|00003008
1585593193-0088-000|8449080178921|8449221406359|141227438|1585593196|00001069
1585593193-0088-000|8449080178921|8449221406359|141227438|1585593196|00028164
1585593193-0088-000|8449080178921|8449221406359|141227438|1585593196|00002857
1585593193-0088-000|8449080178921|8449221406359|141227438|1585593196|00004021
1585593193-0088-000|8449080178921|8449221406359|141227438|1585593196|00003863
1585593193-0088-000|8449080178921|8449221406359|141227438|1585593196|00003463
1585593193-0088-000|8449080178921|8449221406359|141227438|1585593196|00015889
1585593193-0088-000|8449080178921|8449221406359|141227438|1585593196|00001736
1585593193-0088-000|8449080178921|8449221406359|141227438|1585593196|00007921
1585593193-0088-000|8449080178921|8449221406359|141227438|1585593196|00010104
1585593193-0088-000|8449080178921|8449221406359|141227438|1585593196|00011863
1585593193-0088-000|8449080178921|8449221406359|141227438|1585593196|00013392
1585593193-0088-000|8449080178921|8449221406359|141227438|1585593196|01004897
1585593193-0088-000|8449080178921|8449221406359|141227438|1585593196|00001558
1585593193-0088-000|8449080178921|8449221406359|141227438|1585593196|00003951
1585593193-0088-000|8449080178921|8449221406359|141227438|1585593196|00001491
1585593193-0088-000|8449080178921|8449221406359|141227438|1585593196|00001135
1585593193-0088-000|8449080178921|8449221406359|141227438|1585593196|00001038
1585593193-0088-000|8449080178921|8449221406359|141227438|1585593196|00001441
1585593193-0088-000|8449080178921|8449221406359|141227438|1585593196|00002622
1585593193-0088-000|8449080178921|8449221406359|141227438|1585593196|00001227
1585593193-0088-000|8449080178921|8449221406359|141227438|1585593196|00002188
1585593193-0088-000|8449080178921|8449221406359|141227438|1585593196|00009153
1585593193-0088-000|8449080178921|8449221406359|141227438|1585593196|00002517
1585593193-0088-000|8449080178921|8449221406359|141227438|1585593196|00001200
1585593193-0088-000|8449080178921|8449221406359|141227438|1585593196|00003080
1585593193-0088-000|8449080178921|8449221406359|141227438|1585593196|00004026
1585593193-0088-000|8449080178921|8449221406359|141227438|1585593196|00001222
1585593193-0088-000|8449080178921|8449221406359|141227438|1585593196|00002278
1585593193-0088-000|8449080178921|8449221406359|141227438|1585593196|00016208
1585593193-0088-000|8449080178921|8449221406359|141227438|1585593196|00007686
1585593193-0088-000|8449080178921|8449221406359|141227438|1585593196|00012877
1585593193-0088-000|8449080178921|8449221406359|141227438|1585593196|00003283
1585593193-0088-000|8449080178921|8449221406359|141227438|1585593196|00016960
1585593193-0088-000|8449080178921|8449221406359|141227438|1585593196|00002919
1585593193-0088-000|8449080178921|8449221406359|141227438|1585593196|00015129
1585593193-0088-000|8449080178921|8449221406359|141227438|1585593196|00004167
