1585593193-0122-000|8450642411567|8450814969504|172557937|1585593197|03978690
1585593193-0122-000|8450642411567|8450814969504|172557937|1585593197|00001223
1585593193-0122-000|8450642411567|8450814969504|172557937|1585593197|00001063
1585593193-0122-000|8450642411567|8450814969504|172557937|1585593197|00001080
1585593193-0122-000|8450642411567|8450814969504|172557937|1585593197|00001011
1585593193-0122-000|8450642411567|8450814969504|172557937|1585593197|00001155
1585593193-0122-000|8450642411567|8450814969504|172557937|1585593197|00001178
1585593193-0122-000|8450642411567|8450814969504|172557937|1585593197|00001420
1585593193-0122-000|8450642411567|8450814969504|172557937|1585593197|00001184
1585593193-0122-000|8450642411567|8450814969504|172557937|1585593197|00001043
1585593193-0122-000|8450642411567|8450814969504|172557937|1585593197|00001099
1585593193-0122-000|8450642411567|8450814969504|172557937|1585593197|00001166
1585593193-0122-000|8450642411567|8450814969504|172557937|1585593197|00001071
1585593193-0122-000|8450642411567|8450814969504|172557937|1585593197|00001056
1585593193-0122-000|8450642411567|8450814969504|172557937|1585593197|00001086
1585593193-0122-000|8450642411567|8450814969504|172557937|1585593197|00001104
1585593193-0122-000|8450642411567|8450814969504|172557937|1585593197|00001235
1585593193-0122-000|8450642411567|8450814969504|172557937|1585593197|00001179
1585593193-0122-000|8450642411567|8450814969504|172557937|1585593197|00001207
1585593193-0122-000|8450642411567|8450814969504|172557937|1585593197|00001359
1585593193-0122-000|8450642411567|8450814969504|172557937|1585593197|00001014
1585593193-0122-000|8450642411567|8450814969504|172557937|1585593197|00001025
1585593193-0122-000|8450642411567|8450814969504|172557937|1585593197|00001168
1585593193-0122-000|8450642411567|8450814969504|172557937|1585593197|00001101
1585593193-0122-000|8450642411567|8450814969504|172557937|1585593197|00001332
1585593193-0122-000|8450642411567|8450814969504|172557937|1585593197|00001112
1585593193-0122-000|8450642411567|8450814969504|172557937|1585593197|00000965
1585593193-0122-000|8450642411567|8450814969504|172557937|1585593197|00002637
1585593193-0122-000|8450642411567|8450814969504|172557937|1585593197|00001137
1585593193-0122-000|8450642411567|8450814969504|172557937|1585593197|00002579
1585593193-0122-000|8450642411567|8450814969504|172557937|1585593197|00004454
1585593193-0122-000|8450642411567|8450814969504|172557937|1585593197|00001304
1585593193-0122-000|8450642411567|8450814969504|172557937|1585593197|00002035
1585593193-0122-000|8450642411567|8450814969504|172557937|1585593197|00002110
1585593193-0122-000|8450642411567|8450814969504|172557937|1585593197|00001170
1585593193-0122-000|8450642411567|8450814969504|172557937|1585593197|00005115
1585593193-0122-000|8450642411567|8450814969504|172557937|1585593197|00016514
1585593193-0122-000|8450642411567|8450814969504|172557937|1585593197|00002747
1585593193-0122-000|8450642411567|8450814969504|172557937|1585593197|00008902
1585593193-0122-000|8450642411567|8450814969504|172557937|1585593197|00002655
1585593193-0122-000|8450642411567|8450814969504|172557937|1585593197|00001101
1585593193-0122-000|8450642411567|8450814969504|172557937|1585593197|01027074
1585593193-0122-000|8450642411567|8450814969504|172557937|1585593197|00002694
1585593193-0122-000|8450642411567|8450814969504|172557937|1585593197|00003141
1585593193-0122-000|8450642411567|8450814969504|172557937|1585593197|00005644
1585593193-0122-000|8450642411567|8450814969504|172557937|1585593197|00010162
1585593193-0122-000|8450642411567|8450814969504|172557937|1585593197|01039823
1585593193-0122-000|8450642411567|8450814969504|172557937|1585593197|00005970
1585593193-0122-000|8450642411567|8450814969504|172557937|1585593197|00003396
1585593193-0122-000|8450642411567|8450814969504|172557937|1585593197|00004081
1585593193-0122-000|8450642411567|8450814969504|172557937|1585593197|00001197
1585593193-0122-000|8450642411567|8450814969504|172557937|1585593197|00002796
1585593193-0122-000|8450642411567|8450814969504|172557937|1585593197|00003668
1585593193-0122-000|8450642411567|8450814969504|172557937|1585593197|00001263
1585593193-0122-000|8450642411567|8450814969504|172557937|1585593197|00001040
1585593193-0122-000|8450642411567|8450814969504|172557937|1585593197|00001353
1585593193-0122-000|8450642411567|8450814969504|172557937|1585593197|00001762
1585593193-0122-000|8450642411567|8450814969504|172557937|1585593197|00001284
1585593193-0122-000|8450642411567|8450814969504|172557937|1585593197|00001155
1585593193-0122-000|8450642411567|8450814969504|172557937|1585593197|00001106
1585593193-0122-000|8450642411567|8450814969504|172557937|1585593197|00001087
1585593193-0122-000|8450642411567|8450814969504|172557937|1585593197|00001297
1585593193-0122-000|8450642411567|8450814969504|172557937|1585593197|00001019
1585593193-0122-000|8450642411567|8450814969504|172557937|1585593197|00001035
1585593193-0122-000|8450642411567|8450814969504|172557937|1585593197|00000967
1585593193-0122-000|8450642411567|8450814969504|172557937|1585593197|00000932
1585593193-0122-000|8450642411567|8450814969504|172557937|1585593197|00000990
1585593193-0122-000|8450642411567|8450814969504|172557937|1585593197|00000893
1585593193-0122-000|8450642411567|8450814969504|172557937|1585593197|00001106
1585593193-0122-000|8450642411567|8450814969504|172557937|1585593197|00001146
1585593193-0122-000|8450642411567|8450814969504|172557937|1585593197|00000958
1585593193-0122-000|8450642411567|8450814969504|172557937|1585593197|00001000
1585593193-0122-000|8450642411567|8450814969504|172557937|1585593197|00001086
1585593193-0122-000|8450642411567|8450814969504|172557937|1585593197|00001071
1585593193-0122-000|8450642411567|8450814969504|172557937|1585593197|00001015
1585593193-0122-000|8450642411567|8450814969504|172557937|1585593197|00001012
1585593193-0122-000|8450642411567|8450814969504|172557937|1585593197|00001006
1585593193-0122-000|8450642411567|8450814969504|172557937|1585593197|00001025
1585593193-0122-000|8450642411567|8450814969504|172557937|1585593197|00000941
1585593193-0122-000|8450642411567|8450814969504|172557937|1585593197|00000955
1585593193-0122-000|8450642411567|8450814969504|172557937|1585593197|00000973
1585593193-0122-000|8450642411567|8450814969504|172557937|1585593197|00001006
1585593193-0122-000|8450642411567|8450814969504|172557937|1585593197|00000907
1585593193-0122-000|8450642411567|8450814969504|172557937|1585593197|00001185
1585593193-0122-000|8450642411567|8450814969504|172557937|1585593197|00001080
1585593193-0122-000|8450642411567|8450814969504|172557937|1585593197|00000930
1585593193-0122-000|8450642411567|8450814969504|172557937|1585593197|00000956
1585593193-0122-000|8450642411567|8450814969504|172557937|1585593197|00001015
1585593193-0122-000|8450642411567|8450814969504|172557937|1585593197|00000963
1585593193-0122-000|8450642411567|8450814969504|172557937|1585593197|00000891
1585593193-0122-000|8450642411567|8450814969504|172557937|1585593197|00001032
1585593193-0122-000|8450642411567|8450814969504|172557937|1585593197|00000861
1585593193-0122-000|8450642411567|8450814969504|172557937|1585593197|00000963
1585593193-0122-000|8450642411567|8450814969504|172557937|1585593197|00000950
1585593193-0122-000|8450642411567|8450814969504|172557937|1585593197|00000912
1585593193-0122-000|8450642411567|8450814969504|172557937|1585593197|00001013
1585593193-0122-000|8450642411567|8450814969504|172557937|1585593197|00001023
1585593193-0122-000|8450642411567|8450814969504|172557937|1585593197|00001209
1585593193-0122-000|8450642411567|8450814969504|172557937|1585593197|00001049
1585593193-0122-000|8450642411567|8450814969504|172557937|1585593197|00001158
