1585592830-0007-000|8083432323694|8083593173266|160849572|1585592830|00431753
1585592830-0007-000|8083432323694|8083593173266|160849572|1585592830|00001418
1585592830-0007-000|8083432323694|8083593173266|160849572|1585592830|00000991
1585592830-0007-000|8083432323694|8083593173266|160849572|1585592830|00001187
1585592830-0007-000|8083432323694|8083593173266|160849572|1585592830|00001180
1585592830-0007-000|8083432323694|8083593173266|160849572|1585592830|00001097
1585592830-0007-000|8083432323694|8083593173266|160849572|1585592830|00001209
1585592830-0007-000|8083432323694|8083593173266|160849572|1585592830|00000992
1585592830-0007-000|8083432323694|8083593173266|160849572|1585592830|00001251
1585592830-0007-000|8083432323694|8083593173266|160849572|1585592830|00001069
1585592830-0007-000|8083432323694|8083593173266|160849572|1585592830|00001105
1585592830-0007-000|8083432323694|8083593173266|160849572|1585592830|00001117
1585592830-0007-000|8083432323694|8083593173266|160849572|1585592830|00001079
1585592830-0007-000|8083432323694|8083593173266|160849572|1585592830|00001131
1585592830-0007-000|8083432323694|8083593173266|160849572|1585592830|00001055
1585592830-0007-000|8083432323694|8083593173266|160849572|1585592830|00001104
1585592830-0007-000|8083432323694|8083593173266|160849572|1585592830|00001141
1585592830-0007-000|8083432323694|8083593173266|160849572|1585592830|00001091
1585592830-0007-000|8083432323694|8083593173266|160849572|1585592830|00001129
1585592830-0007-000|8083432323694|8083593173266|160849572|1585592830|00001289
1585592830-0007-000|8083432323694|8083593173266|160849572|1585592830|00001182
1585592830-0007-000|8083432323694|8083593173266|160849572|1585592830|00001110
1585592830-0007-000|8083432323694|8083593173266|160849572|1585592830|00001116
1585592830-0007-000|8083432323694|8083593173266|160849572|1585592830|00001037
1585592830-0007-000|8083432323694|8083593173266|160849572|1585592830|00001243
1585592830-0007-000|8083432323694|8083593173266|160849572|1585592830|00001154
1585592830-0007-000|8083432323694|8083593173266|160849572|1585592830|00001075
1585592830-0007-000|8083432323694|8083593173266|160849572|1585592830|00001039
1585592830-0007-000|8083432323694|8083593173266|160849572|1585592830|00001131
1585592830-0007-000|8083432323694|8083593173266|160849572|1585592830|00001076
1585592830-0007-000|8083432323694|8083593173266|160849572|1585592830|00001032
1585592830-0007-000|8083432323694|8083593173266|160849572|1585592830|00001102
1585592830-0007-000|8083432323694|8083593173266|160849572|1585592830|00001044
1585592830-0007-000|8083432323694|8083593173266|160849572|1585592830|00001163
1585592830-0007-000|8083432323694|8083593173266|160849572|1585592830|00001343
1585592830-0007-000|8083432323694|8083593173266|160849572|1585592830|00001026
1585592830-0007-000|8083432323694|8083593173266|160849572|1585592830|00001044
1585592830-0007-000|8083432323694|8083593173266|160849572|1585592830|00001152
1585592830-0007-000|8083432323694|8083593173266|160849572|1585592830|00001017
1585592830-0007-000|8083432323694|8083593173266|160849572|1585592830|00001031
1585592830-0007-000|8083432323694|8083593173266|160849572|1585592830|00001247
1585592830-0007-000|8083432323694|8083593173266|160849572|1585592830|00001148
1585592830-0007-000|8083432323694|8083593173266|160849572|1585592830|00001045
1585592830-0007-000|8083432323694|8083593173266|160849572|1585592830|00001324
1585592830-0007-000|8083432323694|8083593173266|160849572|1585592830|00001227
1585592830-0007-000|8083432323694|8083593173266|160849572|1585592830|00001067
1585592830-0007-000|8083432323694|8083593173266|160849572|1585592830|00001022
1585592830-0007-000|8083432323694|8083593173266|160849572|1585592830|00001182
1585592830-0007-000|8083432323694|8083593173266|160849572|1585592830|00001035
1585592830-0007-000|8083432323694|8083593173266|160849572|1585592830|00001037
1585592830-0007-000|8083432323694|8083593173266|160849572|1585592830|00001182
1585592830-0007-000|8083432323694|8083593173266|160849572|1585592830|00001023
1585592830-0007-000|8083432323694|8083593173266|160849572|1585592830|00001113
1585592830-0007-000|8083432323694|8083593173266|160849572|1585592830|00001006
1585592830-0007-000|8083432323694|8083593173266|160849572|1585592830|00001022
1585592830-0007-000|8083432323694|8083593173266|160849572|1585592830|00001033
1585592830-0007-000|8083432323694|8083593173266|160849572|1585592830|00001239
1585592830-0007-000|8083432323694|8083593173266|160849572|1585592830|00001033
1585592830-0007-000|8083432323694|8083593173266|160849572|1585592830|00001197
1585592830-0007-000|8083432323694|8083593173266|160849572|1585592830|00001178
1585592830-0007-000|8083432323694|8083593173266|160849572|1585592830|00001052
1585592830-0007-000|8083432323694|8083593173266|160849572|1585592830|00001080
1585592830-0007-000|8083432323694|8083593173266|160849572|1585592830|00000933
1585592830-0007-000|8083432323694|8083593173266|160849572|1585592830|00001055
1585592830-0007-000|8083432323694|8083593173266|160849572|1585592830|00001069
1585592830-0007-000|8083432323694|8083593173266|160849572|1585592830|00001098
1585592830-0007-000|8083432323694|8083593173266|160849572|1585592830|00000987
1585592830-0007-000|8083432323694|8083593173266|160849572|1585592830|00001055
1585592830-0007-000|8083432323694|8083593173266|160849572|1585592830|00001082
1585592830-0007-000|8083432323694|8083593173266|160849572|1585592830|00001139
1585592830-0007-000|8083432323694|8083593173266|160849572|1585592830|00001189
1585592830-0007-000|8083432323694|8083593173266|160849572|1585592830|00001144
1585592830-0007-000|8083432323694|8083593173266|160849572|1585592830|00001233
1585592830-0007-000|8083432323694|8083593173266|160849572|1585592830|00001146
1585592830-0007-000|8083432323694|8083593173266|160849572|1585592830|00001088
1585592830-0007-000|8083432323694|8083593173266|160849572|1585592830|00001068
1585592830-0007-000|8083432323694|8083593173266|160849572|1585592830|00001170
1585592830-0007-000|8083432323694|8083593173266|160849572|1585592830|00001002
1585592830-0007-000|8083432323694|8083593173266|160849572|1585592830|00001168
1585592830-0007-000|8083432323694|8083593173266|160849572|1585592830|00001201
1585592830-0007-000|8083432323694|8083593173266|160849572|1585592830|00001149
1585592830-0007-000|8083432323694|8083593173266|160849572|1585592830|00001185
1585592830-0007-000|8083432323694|8083593173266|160849572|1585592830|00001182
1585592830-0007-000|8083432323694|8083593173266|160849572|1585592830|00001178
1585592830-0007-000|8083432323694|8083593173266|160849572|1585592830|00000933
1585592830-0007-000|8083432323694|8083593173266|160849572|1585592830|00001114
1585592830-0007-000|8083432323694|8083593173266|160849572|1585592830|00001127
1585592830-0007-000|8083432323694|8083593173266|160849572|1585592830|00001022
1585592830-0007-000|8083432323694|8083593173266|160849572|1585592830|00001070
1585592830-0007-000|8083432323694|8083593173266|160849572|1585592830|00001424
1585592830-0007-000|8083432323694|8083593173266|160849572|1585592830|00001264
1585592830-0007-000|8083432323694|8083593173266|160849572|1585592830|00001221
1585592830-0007-000|8083432323694|8083593173266|160849572|1585592830|00001128
1585592830-0007-000|8083432323694|8083593173266|160849572|1585592830|00001330
1585592830-0007-000|8083432323694|8083593173266|160849572|1585592830|00001190
1585592830-0007-000|8083432323694|8083593173266|160849572|1585592830|00001141
1585592830-0007-000|8083432323694|8083593173266|160849572|1585592830|00000986
1585592830-0007-000|8083432323694|8083593173266|160849572|1585592830|00001309
1585592830-0007-000|8083432323694|8083593173266|160849572|1585592830|00001086
1585592830-0007-000|8083432323694|8083593173266|160849572|1585592830|00001673
