1585592830-0006-000|8083343155067|8083491675342|148520275|1585592830|00336026
1585592830-0006-000|8083343155067|8083491675342|148520275|1585592830|00001122
1585592830-0006-000|8083343155067|8083491675342|148520275|1585592830|00001044
1585592830-0006-000|8083343155067|8083491675342|148520275|1585592830|00000980
1585592830-0006-000|8083343155067|8083491675342|148520275|1585592830|00001194
1585592830-0006-000|8083343155067|8083491675342|148520275|1585592830|00001293
1585592830-0006-000|8083343155067|8083491675342|148520275|1585592830|00003968
1585592830-0006-000|8083343155067|8083491675342|148520275|1585592830|00001033
1585592830-0006-000|8083343155067|8083491675342|148520275|1585592830|00001054
1585592830-0006-000|8083343155067|8083491675342|148520275|1585592830|00001152
1585592830-0006-000|8083343155067|8083491675342|148520275|1585592830|00001096
1585592830-0006-000|8083343155067|8083491675342|148520275|1585592830|00001221
1585592830-0006-000|8083343155067|8083491675342|148520275|1585592830|00000979
1585592830-0006-000|8083343155067|8083491675342|148520275|1585592830|00001074
1585592830-0006-000|8083343155067|8083491675342|148520275|1585592830|00001139
1585592830-0006-000|8083343155067|8083491675342|148520275|1585592830|00000972
1585592830-0006-000|8083343155067|8083491675342|148520275|1585592830|00001156
1585592830-0006-000|8083343155067|8083491675342|148520275|1585592830|00001224
1585592830-0006-000|8083343155067|8083491675342|148520275|1585592830|00000995
1585592830-0006-000|8083343155067|8083491675342|148520275|1585592830|00000936
1585592830-0006-000|8083343155067|8083491675342|148520275|1585592830|00000851
1585592830-0006-000|8083343155067|8083491675342|148520275|1585592830|00000991
1585592830-0006-000|8083343155067|8083491675342|148520275|1585592830|00001039
1585592830-0006-000|8083343155067|8083491675342|148520275|1585592830|00001010
1585592830-0006-000|8083343155067|8083491675342|148520275|1585592830|00000937
1585592830-0006-000|8083343155067|8083491675342|148520275|1585592830|00001054
1585592830-0006-000|8083343155067|8083491675342|148520275|1585592830|00001242
1585592830-0006-000|8083343155067|8083491675342|148520275|1585592830|00001010
1585592830-0006-000|8083343155067|8083491675342|148520275|1585592830|00000945
1585592830-0006-000|8083343155067|8083491675342|148520275|1585592830|00000972
1585592830-0006-000|8083343155067|8083491675342|148520275|1585592830|00000980
1585592830-0006-000|8083343155067|8083491675342|148520275|1585592830|00001112
1585592830-0006-000|8083343155067|8083491675342|148520275|1585592830|00001056
1585592830-0006-000|8083343155067|8083491675342|148520275|1585592830|00001002
1585592830-0006-000|8083343155067|8083491675342|148520275|1585592830|00001000
1585592830-0006-000|8083343155067|8083491675342|148520275|1585592830|00001126
1585592830-0006-000|8083343155067|8083491675342|148520275|1585592830|00001076
1585592830-0006-000|8083343155067|8083491675342|148520275|1585592830|00001188
1585592830-0006-000|8083343155067|8083491675342|148520275|1585592830|00000964
1585592830-0006-000|8083343155067|8083491675342|148520275|1585592830|00001076
1585592830-0006-000|8083343155067|8083491675342|148520275|1585592830|00001021
1585592830-0006-000|8083343155067|8083491675342|148520275|1585592830|00000912
1585592830-0006-000|8083343155067|8083491675342|148520275|1585592830|00001108
1585592830-0006-000|8083343155067|8083491675342|148520275|1585592830|00001099
1585592830-0006-000|8083343155067|8083491675342|148520275|1585592830|00000993
1585592830-0006-000|8083343155067|8083491675342|148520275|1585592830|00000970
1585592830-0006-000|8083343155067|8083491675342|148520275|1585592830|00000985
1585592830-0006-000|8083343155067|8083491675342|148520275|1585592830|00001095
1585592830-0006-000|8083343155067|8083491675342|148520275|1585592830|00000994
1585592830-0006-000|8083343155067|8083491675342|148520275|1585592830|00001107
1585592830-0006-000|8083343155067|8083491675342|148520275|1585592830|00001022
1585592830-0006-000|8083343155067|8083491675342|148520275|1585592830|00000910
1585592830-0006-000|8083343155067|8083491675342|148520275|1585592830|00000877
1585592830-0006-000|8083343155067|8083491675342|148520275|1585592830|00000935
1585592830-0006-000|8083343155067|8083491675342|148520275|1585592830|00000933
1585592830-0006-000|8083343155067|8083491675342|148520275|1585592830|00000997
1585592830-0006-000|8083343155067|8083491675342|148520275|1585592830|00000867
1585592830-0006-000|8083343155067|8083491675342|148520275|1585592830|00000975
1585592830-0006-000|8083343155067|8083491675342|148520275|1585592830|00000984
1585592830-0006-000|8083343155067|8083491675342|148520275|1585592830|00000882
1585592830-0006-000|8083343155067|8083491675342|148520275|1585592830|00000957
1585592830-0006-000|8083343155067|8083491675342|148520275|1585592830|00000979
1585592830-0006-000|8083343155067|8083491675342|148520275|1585592830|00000881
1585592830-0006-000|8083343155067|8083491675342|148520275|1585592830|00000891
1585592830-0006-000|8083343155067|8083491675342|148520275|1585592830|00001129
1585592830-0006-000|8083343155067|8083491675342|148520275|1585592830|00001039
1585592830-0006-000|8083343155067|8083491675342|148520275|1585592830|00000964
1585592830-0006-000|8083343155067|8083491675342|148520275|1585592830|00001242
1585592830-0006-000|8083343155067|8083491675342|148520275|1585592830|00001057
1585592830-0006-000|8083343155067|8083491675342|148520275|1585592830|00000836
1585592830-0006-000|8083343155067|8083491675342|148520275|1585592830|00000969
1585592830-0006-000|8083343155067|8083491675342|148520275|1585592830|00000982
1585592830-0006-000|8083343155067|8083491675342|148520275|1585592830|00001054
1585592830-0006-000|8083343155067|8083491675342|148520275|1585592830|00000943
1585592830-0006-000|8083343155067|8083491675342|148520275|1585592830|00001089
1585592830-0006-000|8083343155067|8083491675342|148520275|1585592830|00001013
1585592830-0006-000|8083343155067|8083491675342|148520275|1585592830|00003227
1585592830-0006-000|8083343155067|8083491675342|148520275|1585592830|00001189
1585592830-0006-000|8083343155067|8083491675342|148520275|1585592830|00001009
1585592830-0006-000|8083343155067|8083491675342|148520275|1585592830|00001088
1585592830-0006-000|8083343155067|8083491675342|148520275|1585592830|00001115
1585592830-0006-000|8083343155067|8083491675342|148520275|1585592830|00001074
1585592830-0006-000|8083343155067|8083491675342|148520275|1585592830|00001070
1585592830-0006-000|8083343155067|8083491675342|148520275|1585592830|00001014
1585592830-0006-000|8083343155067|8083491675342|148520275|1585592830|00001104
1585592830-0006-000|8083343155067|8083491675342|148520275|1585592830|00001265
1585592830-0006-000|8083343155067|8083491675342|148520275|1585592830|00001111
1585592830-0006-000|8083343155067|8083491675342|148520275|1585592830|00001071
1585592830-0006-000|8083343155067|8083491675342|148520275|1585592830|00000999
1585592830-0006-000|8083343155067|8083491675342|148520275|1585592830|00001091
1585592830-0006-000|8083343155067|8083491675342|148520275|1585592830|00001083
1585592830-0006-000|8083343155067|8083491675342|148520275|1585592830|00001200
1585592830-0006-000|8083343155067|8083491675342|148520275|1585592830|00001228
1585592830-0006-000|8083343155067|8083491675342|148520275|1585592830|00001388
1585592830-0006-000|8083343155067|8083491675342|148520275|1585592830|00001106
1585592830-0006-000|8083343155067|8083491675342|148520275|1585592830|00001062
1585592830-0006-000|8083343155067|8083491675342|148520275|1585592830|00001054
1585592830-0006-000|8083343155067|8083491675342|148520275|1585592830|00000949
1585592830-0006-000|8083343155067|8083491675342|148520275|1585592830|00001104
1585592830-0006-000|8083343155067|8083491675342|148520275|1585592830|00000963
