1585592861-0016-000|8115114809381|8115271566609|156757228|1585592862|00799651
1585592861-0016-000|8115114809381|8115271566609|156757228|1585592862|00001062
1585592861-0016-000|8115114809381|8115271566609|156757228|1585592862|00001204
1585592861-0016-000|8115114809381|8115271566609|156757228|1585592862|00001219
1585592861-0016-000|8115114809381|8115271566609|156757228|1585592862|00001124
1585592861-0016-000|8115114809381|8115271566609|156757228|1585592862|00000993
1585592861-0016-000|8115114809381|8115271566609|156757228|1585592862|00001001
1585592861-0016-000|8115114809381|8115271566609|156757228|1585592862|00001112
1585592861-0016-000|8115114809381|8115271566609|156757228|1585592862|00001144
1585592861-0016-000|8115114809381|8115271566609|156757228|1585592862|00000956
1585592861-0016-000|8115114809381|8115271566609|156757228|1585592862|00001115
1585592861-0016-000|8115114809381|8115271566609|156757228|1585592862|00000928
1585592861-0016-000|8115114809381|8115271566609|156757228|1585592862|00001007
1585592861-0016-000|8115114809381|8115271566609|156757228|1585592862|00001077
1585592861-0016-000|8115114809381|8115271566609|156757228|1585592862|00001055
1585592861-0016-000|8115114809381|8115271566609|156757228|1585592862|00001208
1585592861-0016-000|8115114809381|8115271566609|156757228|1585592862|00001148
1585592861-0016-000|8115114809381|8115271566609|156757228|1585592862|00001327
1585592861-0016-000|8115114809381|8115271566609|156757228|1585592862|00001482
1585592861-0016-000|8115114809381|8115271566609|156757228|1585592862|00000996
1585592861-0016-000|8115114809381|8115271566609|156757228|1585592862|00001184
1585592861-0016-000|8115114809381|8115271566609|156757228|1585592862|00001065
1585592861-0016-000|8115114809381|8115271566609|156757228|1585592862|00001267
1585592861-0016-000|8115114809381|8115271566609|156757228|1585592862|00001561
1585592861-0016-000|8115114809381|8115271566609|156757228|1585592862|00001463
1585592861-0016-000|8115114809381|8115271566609|156757228|1585592862|00001289
1585592861-0016-000|8115114809381|8115271566609|156757228|1585592862|00000962
1585592861-0016-000|8115114809381|8115271566609|156757228|1585592862|00001080
1585592861-0016-000|8115114809381|8115271566609|156757228|1585592862|00001230
1585592861-0016-000|8115114809381|8115271566609|156757228|1585592862|00001121
1585592861-0016-000|8115114809381|8115271566609|156757228|1585592862|00003172
1585592861-0016-000|8115114809381|8115271566609|156757228|1585592862|00001252
1585592861-0016-000|8115114809381|8115271566609|156757228|1585592862|00001024
1585592861-0016-000|8115114809381|8115271566609|156757228|1585592862|00001225
1585592861-0016-000|8115114809381|8115271566609|156757228|1585592862|00001073
1585592861-0016-000|8115114809381|8115271566609|156757228|1585592862|00001045
1585592861-0016-000|8115114809381|8115271566609|156757228|1585592862|00001073
1585592861-0016-000|8115114809381|8115271566609|156757228|1585592862|00000898
1585592861-0016-000|8115114809381|8115271566609|156757228|1585592862|00001046
1585592861-0016-000|8115114809381|8115271566609|156757228|1585592862|00001052
1585592861-0016-000|8115114809381|8115271566609|156757228|1585592862|00001233
1585592861-0016-000|8115114809381|8115271566609|156757228|1585592862|00001078
1585592861-0016-000|8115114809381|8115271566609|156757228|1585592862|00001176
1585592861-0016-000|8115114809381|8115271566609|156757228|1585592862|00001239
1585592861-0016-000|8115114809381|8115271566609|156757228|1585592862|00001114
1585592861-0016-000|8115114809381|8115271566609|156757228|1585592862|00001148
1585592861-0016-000|8115114809381|8115271566609|156757228|1585592862|00001057
1585592861-0016-000|8115114809381|8115271566609|156757228|1585592862|00000882
1585592861-0016-000|8115114809381|8115271566609|156757228|1585592862|00001245
1585592861-0016-000|8115114809381|8115271566609|156757228|1585592862|00001191
1585592861-0016-000|8115114809381|8115271566609|156757228|1585592862|00001094
1585592861-0016-000|8115114809381|8115271566609|156757228|1585592862|00000938
1585592861-0016-000|8115114809381|8115271566609|156757228|1585592862|00001054
1585592861-0016-000|8115114809381|8115271566609|156757228|1585592862|00000902
1585592861-0016-000|8115114809381|8115271566609|156757228|1585592862|00001133
1585592861-0016-000|8115114809381|8115271566609|156757228|1585592862|00000979
1585592861-0016-000|8115114809381|8115271566609|156757228|1585592862|00001184
1585592861-0016-000|8115114809381|8115271566609|156757228|1585592862|00000976
1585592861-0016-000|8115114809381|8115271566609|156757228|1585592862|00003243
1585592861-0016-000|8115114809381|8115271566609|156757228|1585592862|00001136
1585592861-0016-000|8115114809381|8115271566609|156757228|1585592862|00000859
1585592861-0016-000|8115114809381|8115271566609|156757228|1585592862|00001031
1585592861-0016-000|8115114809381|8115271566609|156757228|1585592862|00001086
1585592861-0016-000|8115114809381|8115271566609|156757228|1585592862|00001073
1585592861-0016-000|8115114809381|8115271566609|156757228|1585592862|00001296
1585592861-0016-000|8115114809381|8115271566609|156757228|1585592862|00000916
1585592861-0016-000|8115114809381|8115271566609|156757228|1585592862|00000992
1585592861-0016-000|8115114809381|8115271566609|156757228|1585592862|00000918
1585592861-0016-000|8115114809381|8115271566609|156757228|1585592862|00001207
1585592861-0016-000|8115114809381|8115271566609|156757228|1585592862|00000980
1585592861-0016-000|8115114809381|8115271566609|156757228|1585592862|00001034
1585592861-0016-000|8115114809381|8115271566609|156757228|1585592862|00001014
1585592861-0016-000|8115114809381|8115271566609|156757228|1585592862|00001166
1585592861-0016-000|8115114809381|8115271566609|156757228|1585592862|00001023
1585592861-0016-000|8115114809381|8115271566609|156757228|1585592862|00001212
1585592861-0016-000|8115114809381|8115271566609|156757228|1585592862|00000957
1585592861-0016-000|8115114809381|8115271566609|156757228|1585592862|00001125
1585592861-0016-000|8115114809381|8115271566609|156757228|1585592862|00001120
1585592861-0016-000|8115114809381|8115271566609|156757228|1585592862|00000978
1585592861-0016-000|8115114809381|8115271566609|156757228|1585592862|00001053
1585592861-0016-000|8115114809381|8115271566609|156757228|1585592862|00001015
1585592861-0016-000|8115114809381|8115271566609|156757228|1585592862|00001099
1585592861-0016-000|8115114809381|8115271566609|156757228|1585592862|00001093
1585592861-0016-000|8115114809381|8115271566609|156757228|1585592862|00001071
1585592861-0016-000|8115114809381|8115271566609|156757228|1585592862|00001029
1585592861-0016-000|8115114809381|8115271566609|156757228|1585592862|00001151
1585592861-0016-000|8115114809381|8115271566609|156757228|1585592862|00000898
1585592861-0016-000|8115114809381|8115271566609|156757228|1585592862|00000932
1585592861-0016-000|8115114809381|8115271566609|156757228|1585592862|00001044
1585592861-0016-000|8115114809381|8115271566609|156757228|1585592862|00000878
1585592861-0016-000|8115114809381|8115271566609|156757228|1585592862|00000995
1585592861-0016-000|8115114809381|8115271566609|156757228|1585592862|00001017
1585592861-0016-000|8115114809381|8115271566609|156757228|1585592862|00053587
1585592861-0016-000|8115114809381|8115271566609|156757228|1585592862|00001204
1585592861-0016-000|8115114809381|8115271566609|156757228|1585592862|00001095
1585592861-0016-000|8115114809381|8115271566609|156757228|1585592862|00001058
1585592861-0016-000|8115114809381|8115271566609|156757228|1585592862|00000985
1585592861-0016-000|8115114809381|8115271566609|156757228|1585592862|00000928
1585592861-0016-000|8115114809381|8115271566609|156757228|1585592862|00000916
1585592861-0016-000|8115114809381|8115271566609|156757228|1585592862|00001039
