openmpi-master|3205835472841|3205873480926|38008085|1585925460|00005568
openmpi-master|3205835472841|3205873480926|38008085|1585925460|00001277
openmpi-master|3205835472841|3205873480926|38008085|1585925460|00001055
openmpi-master|3205835472841|3205873480926|38008085|1585925460|00005653
openmpi-master|3205835472841|3205873480926|38008085|1585925460|00003671
openmpi-master|3205835472841|3205873480926|38008085|1585925460|00001286
openmpi-master|3205835472841|3205873480926|38008085|1585925460|00001207
openmpi-master|3205835472841|3205873480926|38008085|1585925460|00001268
openmpi-master|3205835472841|3205873480926|38008085|1585925460|00001206
openmpi-master|3205835472841|3205873480926|38008085|1585925460|00001568
openmpi-master|3205835472841|3205873480926|38008085|1585925460|00001098
openmpi-master|3205835472841|3205873480926|38008085|1585925460|00001102
openmpi-master|3205835472841|3205873480926|38008085|1585925460|00000999
openmpi-master|3205835472841|3205873480926|38008085|1585925460|00001052
openmpi-master|3205835472841|3205873480926|38008085|1585925460|00001125
openmpi-master|3205835472841|3205873480926|38008085|1585925460|00001111
openmpi-master|3205835472841|3205873480926|38008085|1585925460|00000919
openmpi-master|3205835472841|3205873480926|38008085|1585925460|00001091
openmpi-master|3205835472841|3205873480926|38008085|1585925460|00000999
openmpi-master|3205835472841|3205873480926|38008085|1585925460|00000977
openmpi-master|3205835472841|3205873480926|38008085|1585925460|00001069
openmpi-master|3205835472841|3205873480926|38008085|1585925460|00001161
openmpi-master|3205835472841|3205873480926|38008085|1585925460|00001427
openmpi-master|3205835472841|3205873480926|38008085|1585925460|00001264
openmpi-master|3205835472841|3205873480926|38008085|1585925460|00000990
openmpi-master|3205835472841|3205873480926|38008085|1585925460|00001333
openmpi-master|3205835472841|3205873480926|38008085|1585925460|00001203
openmpi-master|3205835472841|3205873480926|38008085|1585925460|00001149
openmpi-master|3205835472841|3205873480926|38008085|1585925460|00000896
openmpi-master|3205835472841|3205873480926|38008085|1585925460|00001181
openmpi-master|3205835472841|3205873480926|38008085|1585925460|00001204
openmpi-master|3205835472841|3205873480926|38008085|1585925460|00001006
openmpi-master|3205835472841|3205873480926|38008085|1585925460|00001176
openmpi-master|3205835472841|3205873480926|38008085|1585925460|00001380
openmpi-master|3205835472841|3205873480926|38008085|1585925460|00001155
openmpi-master|3205835472841|3205873480926|38008085|1585925460|00001064
openmpi-master|3205835472841|3205873480926|38008085|1585925460|00000984
openmpi-master|3205835472841|3205873480926|38008085|1585925460|00001278
openmpi-master|3205835472841|3205873480926|38008085|1585925460|00001026
openmpi-master|3205835472841|3205873480926|38008085|1585925460|00001087
openmpi-master|3205835472841|3205873480926|38008085|1585925460|00000918
openmpi-master|3205835472841|3205873480926|38008085|1585925460|00000988
openmpi-master|3205835472841|3205873480926|38008085|1585925460|00001000
openmpi-master|3205835472841|3205873480926|38008085|1585925460|00000892
openmpi-master|3205835472841|3205873480926|38008085|1585925460|00000955
openmpi-master|3205835472841|3205873480926|38008085|1585925460|00001095
openmpi-master|3205835472841|3205873480926|38008085|1585925460|00000980
openmpi-master|3205835472841|3205873480926|38008085|1585925460|00000935
openmpi-master|3205835472841|3205873480926|38008085|1585925460|00001165
openmpi-master|3205835472841|3205873480926|38008085|1585925460|00001096
openmpi-master|3205835472841|3205873480926|38008085|1585925460|00001254
openmpi-master|3205835472841|3205873480926|38008085|1585925460|00001369
openmpi-master|3205835472841|3205873480926|38008085|1585925460|00001985
openmpi-master|3205835472841|3205873480926|38008085|1585925460|00001327
openmpi-master|3205835472841|3205873480926|38008085|1585925460|00000950
openmpi-master|3205835472841|3205873480926|38008085|1585925460|00001277
openmpi-master|3205835472841|3205873480926|38008085|1585925460|00001092
openmpi-master|3205835472841|3205873480926|38008085|1585925460|00001058
openmpi-master|3205835472841|3205873480926|38008085|1585925460|00000969
openmpi-master|3205835472841|3205873480926|38008085|1585925460|00000989
openmpi-master|3205835472841|3205873480926|38008085|1585925460|00001033
openmpi-master|3205835472841|3205873480926|38008085|1585925460|00001025
openmpi-master|3205835472841|3205873480926|38008085|1585925460|00001026
openmpi-master|3205835472841|3205873480926|38008085|1585925460|00001087
openmpi-master|3205835472841|3205873480926|38008085|1585925460|00000924
openmpi-master|3205835472841|3205873480926|38008085|1585925460|00001092
openmpi-master|3205835472841|3205873480926|38008085|1585925460|00001008
openmpi-master|3205835472841|3205873480926|38008085|1585925460|00000982
openmpi-master|3205835472841|3205873480926|38008085|1585925460|00001192
openmpi-master|3205835472841|3205873480926|38008085|1585925460|00000998
openmpi-master|3205835472841|3205873480926|38008085|1585925460|00000997
openmpi-master|3205835472841|3205873480926|38008085|1585925460|00001123
openmpi-master|3205835472841|3205873480926|38008085|1585925460|00001788
openmpi-master|3205835472841|3205873480926|38008085|1585925460|00001291
openmpi-master|3205835472841|3205873480926|38008085|1585925460|00001033
openmpi-master|3205835472841|3205873480926|38008085|1585925460|00001014
openmpi-master|3205835472841|3205873480926|38008085|1585925460|00001173
openmpi-master|3205835472841|3205873480926|38008085|1585925460|00000914
openmpi-master|3205835472841|3205873480926|38008085|1585925460|00001177
openmpi-master|3205835472841|3205873480926|38008085|1585925460|00001075
openmpi-master|3205835472841|3205873480926|38008085|1585925460|00001213
openmpi-master|3205835472841|3205873480926|38008085|1585925460|00000925
openmpi-master|3205835472841|3205873480926|38008085|1585925460|00001070
openmpi-master|3205835472841|3205873480926|38008085|1585925460|00000953
openmpi-master|3205835472841|3205873480926|38008085|1585925460|00000963
openmpi-master|3205835472841|3205873480926|38008085|1585925460|00001011
openmpi-master|3205835472841|3205873480926|38008085|1585925460|00001036
openmpi-master|3205835472841|3205873480926|38008085|1585925460|00001273
openmpi-master|3205835472841|3205873480926|38008085|1585925460|00000947
openmpi-master|3205835472841|3205873480926|38008085|1585925460|00001049
openmpi-master|3205835472841|3205873480926|38008085|1585925460|00001116
openmpi-master|3205835472841|3205873480926|38008085|1585925460|00000879
openmpi-master|3205835472841|3205873480926|38008085|1585925460|00001029
openmpi-master|3205835472841|3205873480926|38008085|1585925460|00001238
openmpi-master|3205835472841|3205873480926|38008085|1585925460|00001106
openmpi-master|3205835472841|3205873480926|38008085|1585925460|00001090
openmpi-master|3205835472841|3205873480926|38008085|1585925460|00000920
openmpi-master|3205835472841|3205873480926|38008085|1585925460|00001079
openmpi-master|3205835472841|3205873480926|38008085|1585925460|00000989
openmpi-master|3205835472841|3205873480926|38008085|1585925460|00001105
