openmpi-slave2|3208965121253|3209099896269|134775016|1585925463|00176611
openmpi-slave2|3208965121253|3209099896269|134775016|1585925463|00001513
openmpi-slave2|3208965121253|3209099896269|134775016|1585925463|00001534
openmpi-slave2|3208965121253|3209099896269|134775016|1585925463|00001529
openmpi-slave2|3208965121253|3209099896269|134775016|1585925463|00001636
openmpi-slave2|3208965121253|3209099896269|134775016|1585925463|00001810
openmpi-slave2|3208965121253|3209099896269|134775016|1585925463|00001425
openmpi-slave2|3208965121253|3209099896269|134775016|1585925463|00001579
openmpi-slave2|3208965121253|3209099896269|134775016|1585925463|00001774
openmpi-slave2|3208965121253|3209099896269|134775016|1585925463|00001380
openmpi-slave2|3208965121253|3209099896269|134775016|1585925463|00001822
openmpi-slave2|3208965121253|3209099896269|134775016|1585925463|00001659
openmpi-slave2|3208965121253|3209099896269|134775016|1585925463|00001400
openmpi-slave2|3208965121253|3209099896269|134775016|1585925463|00002997
openmpi-slave2|3208965121253|3209099896269|134775016|1585925463|00001751
openmpi-slave2|3208965121253|3209099896269|134775016|1585925463|00001430
openmpi-slave2|3208965121253|3209099896269|134775016|1585925463|00001686
openmpi-slave2|3208965121253|3209099896269|134775016|1585925463|00001638
openmpi-slave2|3208965121253|3209099896269|134775016|1585925463|00001548
openmpi-slave2|3208965121253|3209099896269|134775016|1585925463|00003434
openmpi-slave2|3208965121253|3209099896269|134775016|1585925463|00001741
openmpi-slave2|3208965121253|3209099896269|134775016|1585925463|00001547
openmpi-slave2|3208965121253|3209099896269|134775016|1585925463|00001572
openmpi-slave2|3208965121253|3209099896269|134775016|1585925463|00001379
openmpi-slave2|3208965121253|3209099896269|134775016|1585925463|00001469
openmpi-slave2|3208965121253|3209099896269|134775016|1585925463|00001498
openmpi-slave2|3208965121253|3209099896269|134775016|1585925463|00001873
openmpi-slave2|3208965121253|3209099896269|134775016|1585925463|00001418
openmpi-slave2|3208965121253|3209099896269|134775016|1585925463|00001597
openmpi-slave2|3208965121253|3209099896269|134775016|1585925463|00001439
openmpi-slave2|3208965121253|3209099896269|134775016|1585925463|00001840
openmpi-slave2|3208965121253|3209099896269|134775016|1585925463|00001596
openmpi-slave2|3208965121253|3209099896269|134775016|1585925463|00001434
openmpi-slave2|3208965121253|3209099896269|134775016|1585925463|00001622
openmpi-slave2|3208965121253|3209099896269|134775016|1585925463|00002115
openmpi-slave2|3208965121253|3209099896269|134775016|1585925463|00002441
openmpi-slave2|3208965121253|3209099896269|134775016|1585925463|00001593
openmpi-slave2|3208965121253|3209099896269|134775016|1585925463|00002677
openmpi-slave2|3208965121253|3209099896269|134775016|1585925463|00002125
openmpi-slave2|3208965121253|3209099896269|134775016|1585925463|00002037
openmpi-slave2|3208965121253|3209099896269|134775016|1585925463|00001209
openmpi-slave2|3208965121253|3209099896269|134775016|1585925463|00001589
openmpi-slave2|3208965121253|3209099896269|134775016|1585925463|00001452
openmpi-slave2|3208965121253|3209099896269|134775016|1585925463|00001982
openmpi-slave2|3208965121253|3209099896269|134775016|1585925463|00002770
openmpi-slave2|3208965121253|3209099896269|134775016|1585925463|00003652
openmpi-slave2|3208965121253|3209099896269|134775016|1585925463|00001738
openmpi-slave2|3208965121253|3209099896269|134775016|1585925463|00001926
openmpi-slave2|3208965121253|3209099896269|134775016|1585925463|00001348
openmpi-slave2|3208965121253|3209099896269|134775016|1585925463|00001872
openmpi-slave2|3208965121253|3209099896269|134775016|1585925463|00001618
openmpi-slave2|3208965121253|3209099896269|134775016|1585925463|00002095
openmpi-slave2|3208965121253|3209099896269|134775016|1585925463|00001771
openmpi-slave2|3208965121253|3209099896269|134775016|1585925463|00002610
openmpi-slave2|3208965121253|3209099896269|134775016|1585925463|00001431
openmpi-slave2|3208965121253|3209099896269|134775016|1585925463|00001600
openmpi-slave2|3208965121253|3209099896269|134775016|1585925463|00001744
openmpi-slave2|3208965121253|3209099896269|134775016|1585925463|00001649
openmpi-slave2|3208965121253|3209099896269|134775016|1585925463|00002243
openmpi-slave2|3208965121253|3209099896269|134775016|1585925463|00002193
openmpi-slave2|3208965121253|3209099896269|134775016|1585925463|00001721
openmpi-slave2|3208965121253|3209099896269|134775016|1585925463|00001400
openmpi-slave2|3208965121253|3209099896269|134775016|1585925463|00001305
openmpi-slave2|3208965121253|3209099896269|134775016|1585925463|00002229
openmpi-slave2|3208965121253|3209099896269|134775016|1585925463|00001604
openmpi-slave2|3208965121253|3209099896269|134775016|1585925463|00001560
openmpi-slave2|3208965121253|3209099896269|134775016|1585925463|00001943
openmpi-slave2|3208965121253|3209099896269|134775016|1585925463|00001629
openmpi-slave2|3208965121253|3209099896269|134775016|1585925463|00001501
openmpi-slave2|3208965121253|3209099896269|134775016|1585925463|00001721
openmpi-slave2|3208965121253|3209099896269|134775016|1585925463|00001427
openmpi-slave2|3208965121253|3209099896269|134775016|1585925463|00001894
openmpi-slave2|3208965121253|3209099896269|134775016|1585925463|00001287
openmpi-slave2|3208965121253|3209099896269|134775016|1585925463|00001590
openmpi-slave2|3208965121253|3209099896269|134775016|1585925463|00001407
openmpi-slave2|3208965121253|3209099896269|134775016|1585925463|00001465
openmpi-slave2|3208965121253|3209099896269|134775016|1585925463|00002198
openmpi-slave2|3208965121253|3209099896269|134775016|1585925463|00001298
openmpi-slave2|3208965121253|3209099896269|134775016|1585925463|00001512
openmpi-slave2|3208965121253|3209099896269|134775016|1585925463|00002354
openmpi-slave2|3208965121253|3209099896269|134775016|1585925463|00001351
openmpi-slave2|3208965121253|3209099896269|134775016|1585925463|00002105
openmpi-slave2|3208965121253|3209099896269|134775016|1585925463|00001314
openmpi-slave2|3208965121253|3209099896269|134775016|1585925463|00001283
openmpi-slave2|3208965121253|3209099896269|134775016|1585925463|00001539
openmpi-slave2|3208965121253|3209099896269|134775016|1585925463|00001561
openmpi-slave2|3208965121253|3209099896269|134775016|1585925463|00001838
openmpi-slave2|3208965121253|3209099896269|134775016|1585925463|00001649
openmpi-slave2|3208965121253|3209099896269|134775016|1585925463|00001242
openmpi-slave2|3208965121253|3209099896269|134775016|1585925463|00001563
openmpi-slave2|3208965121253|3209099896269|134775016|1585925463|00001567
openmpi-slave2|3208965121253|3209099896269|134775016|1585925463|00001333
openmpi-slave2|3208965121253|3209099896269|134775016|1585925463|00001894
openmpi-slave2|3208965121253|3209099896269|134775016|1585925463|00001469
openmpi-slave2|3208965121253|3209099896269|134775016|1585925463|00001546
openmpi-slave2|3208965121253|3209099896269|134775016|1585925463|00001674
openmpi-slave2|3208965121253|3209099896269|134775016|1585925463|00001860
openmpi-slave2|3208965121253|3209099896269|134775016|1585925463|00001607
openmpi-slave2|3208965121253|3209099896269|134775016|1585925463|00001332
openmpi-slave2|3208965121253|3209099896269|134775016|1585925463|00001372
