1585589649-0030-000|1583588560615506|1583588670307998|109692492|1585589650|00520185
1585589649-0030-000|1583590180357563|1583590318797495|138439932|1585589652|01545680
1585589649-0030-000|1583591755466487|1583591890134361|134667874|1585589653|01477851
1585589649-0030-000|1583593330123607|1583593464000452|133876845|1585589655|01476831
1585589649-0030-000|1583594900091710|1583595031687856|131596146|1585589656|01455805
1585589649-0030-000|1583596448097914|1583596579176089|131078175|1585589658|01454939
1585589649-0030-000|1583598015606312|1583598158396355|142790043|1585589659|01467852
1585589649-0030-000|1583599535364144|1583599671539180|136175036|1585589661|01422108
1585589649-0030-000|1583601112731282|1583601248138131|135406849|1585589662|01465859
1585589649-0030-000|1583602649627761|1583602785173750|135545989|1585589664|01437934
1585589649-0030-000|1583604219725667|1583604373879436|154153769|1585589666|01487400
1585589649-0030-000|1583605817028223|1583605951585034|134556811|1585589667|01486950
1585589649-0030-000|1583607376830070|1583607495449251|118619181|1585589669|01450633
1585589649-0030-000|1583609044352205|1583609174971986|130619781|1585589670|01576010
1585589649-0030-000|1583610631842177|1583610784504654|152662477|1585589672|01499716
1585589649-0030-000|1583612239865279|1583612385049891|145184612|1585589674|01499850
1585589649-0030-000|1583613811754778|1583613958554618|146799840|1585589675|01473273
1585589649-0030-000|1583615415046161|1583615559281814|144235653|1585589677|01510383
1585589649-0030-000|1583616997736721|1583617142357316|144620595|1585589678|01480868
1585589649-0030-000|1583618666740043|1583618804568579|137828536|1585589680|01554800
1585589649-0030-000|1583620293000923|1583620437319517|144318594|1585589682|01539830
1585589649-0030-000|1583621879513817|1583622038637700|159123883|1585589683|01507804
1585589649-0030-000|1583623475705545|1583623626815897|151110352|1585589685|01475830
1585589649-0030-000|1583625084071835|1583625224699634|140627799|1585589686|01495847
1585589649-0030-000|1583626663814349|1583626812432910|148618561|1585589688|01484616
1585589649-0030-000|1583628265013043|1583628395698501|130685458|1585589690|01499117
1585589649-0030-000|1583629829539019|1583629963076197|133537178|1585589691|01459823
1585589649-0030-000|1583631420616889|1583631560744454|140127565|1585589693|01489925
1585589649-0030-000|1583633024936389|1583633155707466|130771077|1585589694|01509840
1585589649-0030-000|1583634610689655|1583634757167634|146477979|1585589696|01492206
1585589649-0030-000|1583636211902260|1583636350885260|138983000|1585589698|01499719
1585589649-0030-000|1583637802828077|1583637949662024|146833947|1585589699|01499449
1585589649-0030-000|1583639470811183|1583639648433805|177622622|1585589701|01587973
1585589649-0030-000|1583641434735755|1583641588164858|153429103|1585589703|01843814
1585589649-0030-000|1583643272858732|1583643427704352|154845620|1585589705|01747934
1585589649-0030-000|1583645085584637|1583645234746548|149161911|1585589706|01699717
1585589649-0030-000|1583646823510187|1583646976766625|153256438|1585589708|01635730
1585589649-0030-000|1583648538667779|1583648671022322|132354543|1585589710|01603825
1585589649-0030-000|1583650169587992|1583650312371478|142783486|1585589712|01528489
1585589649-0030-000|1583651778376110|1583651926694105|148317995|1585589713|01527139
1585589649-0030-000|1583653431129043|1583653575420793|144291750|1585589715|01551906
1585589649-0030-000|1583655050300135|1583655206442972|156142837|1585589716|01516774
1585589649-0030-000|1583656631143772|1583656778017802|146874030|1585589718|01471890
1585589649-0030-000|1583658222669948|1583658366441131|143771183|1585589720|01496543
1585589649-0030-000|1583659824496695|1583659957843242|133346547|1585589721|01490101
1585589649-0030-000|1583661378027631|1583661517678073|139650442|1585589723|01459862
1585589649-0030-000|1583662937151678|1583663086128816|148977138|1585589724|01468621
1585589649-0030-000|1583664509685918|1583664650546170|140860252|1585589726|01458974
1585589649-0030-000|1583666094458291|1583666256659805|162201514|1585589727|01507890
1585589649-0030-000|1583667718610616|1583667865836416|147225800|1585589729|01507901
1585589649-0030-000|1583669366063665|1583669499694247|133630582|1585589731|01541833
1585589649-0030-000|1583670981984381|1583671123911545|141927164|1585589732|01523749
1585589649-0030-000|1583672619886173|1583672769874255|149988082|1585589734|01533755
1585589649-0030-000|1583674270639267|1583674407556712|136917445|1585589736|01551850
1585589649-0030-000|1583675874043216|1583676020738725|146695509|1585589737|01496829
1585589649-0030-000|1583677487708471|1583677638522773|150814302|1585589739|01518873
1585589649-0030-000|1583679109679095|1583679248914032|139234937|1585589740|01511820
1585589649-0030-000|1583680714772852|1583680861601912|146829060|1585589742|01515802
1585589649-0030-000|1583682418650917|1583682561730451|143079534|1585589744|01603772
1585589649-0030-000|1583684022976052|1583684157833885|134857833|1585589745|01495938
1585589649-0030-000|1583685642600007|1583685792104656|149504649|1585589747|01527737
1585589649-0030-000|1583687215909245|1583687370219223|154309978|1585589749|01492028
1585589649-0030-000|1583688834751754|1583688977395701|142643947|1585589750|01503645
1585589649-0030-000|1583690447681909|1583690592939020|145257111|1585589752|01503931
1585589649-0030-000|1583692006563178|1583692148946085|142382907|1585589753|01461086
1585589649-0030-000|1583693623442172|1583693769207884|145765712|1585589755|01522511
1585589649-0030-000|1583695231408612|1583695393126258|161717646|1585589757|01519814
1585589649-0030-000|1583696859284326|1583697001440231|142155905|1585589758|01511864
1585589649-0030-000|1583698457547045|1583698608834151|151287106|1585589760|01503769
1585589649-0030-000|1583700190876753|1583700362911739|172034986|1585589762|01656058
1585589649-0030-000|1583702223766054|1583702417622272|193856218|1585589764|01959701
1585589649-0030-000|1583703919327761|1583704073127937|153800176|1585589765|01541082
1585589649-0030-000|1583705506422054|1583705631218682|124796628|1585589767|01470829
1585589649-0030-000|1583707058946240|1583707208660888|149714648|1585589768|01464478
1585589649-0030-000|1583708629402720|1583708801733105|172330385|1585589770|01498980
1585589649-0030-000|1583710305427676|1583710444868332|139440656|1585589772|01539771
1585589649-0030-000|1583711934532905|1583712087933159|153400254|1585589773|01555605
1585589649-0030-000|1583713581169545|1583713717352690|136183145|1585589775|01516066
1585589649-0030-000|1583715213667256|1583715354133426|140466170|1585589777|01547791
1585589649-0030-000|1583716759445281|1583716910043233|150597952|1585589778|01451903
1585589649-0030-000|1583718382261312|1583718527552953|145291641|1585589780|01515686
1585589649-0030-000|1583719959590316|1583720106150037|146559721|1585589781|01483814
1585589649-0030-000|1583721571561219|1583721716532037|144970818|1585589783|01498287
1585589649-0030-000|1583723144609160|1583723271373308|126764148|1585589784|01464746
1585589649-0030-000|1583724731148236|1583724863191264|132043028|1585589786|01492520
1585589649-0030-000|1583726286475908|1583726433128367|146652459|1585589788|01459904
1585589649-0030-000|1583727846447439|1583727975755208|129307769|1585589789|01455891
1585589649-0030-000|1583729415218325|1583729565849917|150631592|1585589791|01484010
1585589649-0030-000|1583730997992063|1583731141108916|143116853|1585589792|01467661
1585589649-0030-000|1583732572212787|1583732701194963|128982176|1585589794|01462147
1585589649-0030-000|1583734148235455|1583734300737430|152501975|1585589796|01500540
1585589649-0030-000|1583735742493867|1583735884636730|142142863|1585589797|01480777
1585589649-0030-000|1583737342660174|1583737488712941|146052767|1585589799|01500990
1585589649-0030-000|1583738899700253|1583739054773095|155072842|1585589800|01470683
1585589649-0030-000|1583740554765475|1583740711908764|157143289|1585589802|01551922
1585589649-0030-000|1583742180612144|1583742321041940|140429796|1585589804|01508911
1585589649-0030-000|1583743737605647|1583743882465158|144859511|1585589805|01461338
1585589649-0030-000|1583745354384684|1583745502102301|147717617|1585589807|01525242
1585589649-0030-000|1583746973938591|1583747111314677|137376086|1585589808|01519800
1585589649-0030-000|1583748582315464|1583748721946763|139631299|1585589810|01510080
