1585589649-0025-000|1583588409690015|1583588535816129|126126114|1585589650|00386175
1585589649-0025-000|1583590014410233|1583590158009936|143599703|1585589651|01520291
1585589649-0025-000|1583591599090331|1583591738230595|139140264|1585589653|01491234
1585589649-0025-000|1583593187230073|1583593318308768|131078695|1585589655|01475836
1585589649-0025-000|1583594743724978|1583594874872193|131147215|1585589656|01459892
1585589649-0025-000|1583596303609591|1583596452255071|148645480|1585589658|01460214
1585589649-0025-000|1583597871317126|1583598025094000|153776874|1585589659|01475510
1585589649-0025-000|1583599416647174|1583599531392555|114745381|1585589661|01427762
1585589649-0025-000|1583600995714507|1583601146907766|151193259|1585589662|01503840
1585589649-0025-000|1583602539763249|1583602677189543|137426294|1585589664|01427956
1585589649-0025-000|1583604103275627|1583604247770466|144494839|1585589665|01471727
1585589649-0025-000|1583605707550296|1583605846038794|138488498|1585589667|01495898
1585589649-0025-000|1583607276710301|1583607405990664|129280363|1585589669|01459775
1585589649-0025-000|1583608926376639|1583609082598909|156222270|1585589670|01572844
1585589649-0025-000|1583610539599201|1583610689620678|150021477|1585589672|01504244
1585589649-0025-000|1583612143981476|1583612282952627|138971151|1585589674|01502530
1585589649-0025-000|1583613752107461|1583613875710703|123603242|1585589675|01495882
1585589649-0025-000|1583615368312032|1583615498212094|129900062|1585589677|01517848
1585589649-0025-000|1583616938443588|1583617087857738|149414150|1585589678|01489905
1585589649-0025-000|1583618602801642|1583618750252631|147450989|1585589680|01561804
1585589649-0025-000|1583620268706146|1583620402609352|133903206|1585589682|01557753
1585589649-0025-000|1583621865091161|1583622011035751|145944590|1585589683|01511809
1585589649-0025-000|1583623457368355|1583623600865093|143496738|1585589685|01471867
1585589649-0025-000|1583625034675633|1583625171580735|136905102|1585589686|01483884
1585589649-0025-000|1583626610341523|1583626743608030|133266507|1585589688|01471837
1585589649-0025-000|1583628199472296|1583628334353415|134881119|1585589690|01487811
1585589649-0025-000|1583629757763826|1583629897505233|139741407|1585589691|01451850
1585589649-0025-000|1583631339031938|1583631475713640|136681702|1585589693|01491895
1585589649-0025-000|1583632930733210|1583633094227272|163494062|1585589694|01502252
1585589649-0025-000|1583634528847641|1583634659865253|131017612|1585589696|01481624
1585589649-0025-000|1583636123583045|1583636262587985|139004940|1585589697|01495648
1585589649-0025-000|1583637706616738|1583637856894867|150278129|1585589699|01486033
1585589649-0025-000|1583639344403163|1583639493029192|148626029|1585589701|01536507
1585589649-0025-000|1583641278784271|1583641431234313|152450042|1585589703|01844961
1585589649-0025-000|1583643099217487|1583643261768046|162550559|1585589704|01727936
1585589649-0025-000|1583644924330575|1583645082629057|158298482|1585589706|01723692
1585589649-0025-000|1583646695926042|1583646835249057|139323015|1585589708|01655899
1585589649-0025-000|1583648400260159|1583648572882683|172622524|1585589710|01631819
1585589649-0025-000|1583650076475372|1583650216083662|139608290|1585589711|01536193
1585589649-0025-000|1583651690271283|1583651838172992|147901709|1585589713|01531624
1585589649-0025-000|1583653368890691|1583653507748001|138857310|1585589715|01574174
1585589649-0025-000|1583654999531028|1583655167474556|167943528|1585589716|01561514
1585589649-0025-000|1583656623526412|1583656766496270|142969858|1585589718|01491920
1585589649-0025-000|1583658210519681|1583658361629461|151109780|1585589720|01490261
1585589649-0025-000|1583659817383637|1583659951128785|133745148|1585589721|01494123
1585589649-0025-000|1583661384851349|1583661532307312|147455963|1585589723|01471315
1585589649-0025-000|1583662926177638|1583663082803055|156625417|1585589724|01463456
1585589649-0025-000|1583664495710133|1583664644057782|148347649|1585589726|01448086
1585589649-0025-000|1583666059410023|1583666225344306|165934283|1585589727|01481185
1585589649-0025-000|1583667671804749|1583667818400452|146595703|1585589729|01506361
1585589649-0025-000|1583669310872862|1583669456789703|145916841|1585589731|01531798
1585589649-0025-000|1583670935785524|1583671075432769|139647245|1585589732|01527766
1585589649-0025-000|1583672570591410|1583672709939199|139347789|1585589734|01523941
1585589649-0025-000|1583674195844519|1583674342107288|146262769|1585589736|01527795
1585589649-0025-000|1583675787340250|1583675945245428|157905178|1585589737|01503852
1585589649-0025-000|1583677419855408|1583677565141655|145286247|1585589739|01527847
1585589649-0025-000|1583679043785414|1583679199726544|155941130|1585589740|01531876
1585589649-0025-000|1583680689864705|1583680834557825|144693120|1585589742|01533990
1585589649-0025-000|1583682422164170|1583682558112614|135948444|1585589744|01621602
1585589649-0025-000|1583684014413958|1583684158485655|144071697|1585589745|01495398
1585589649-0025-000|1583685644867262|1583685780835768|135968506|1585589747|01521316
1585589649-0025-000|1583687207058631|1583687364641722|157583091|1585589749|01483660
1585589649-0025-000|1583688827531365|1583688974222823|146691458|1585589750|01515070
1585589649-0025-000|1583690434390594|1583690574690708|140300114|1585589752|01507692
1585589649-0025-000|1583692012519853|1583692146052063|133532210|1585589753|01471797
1585589649-0025-000|1583693627199587|1583693762947926|135748339|1585589755|01520800
1585589649-0025-000|1583695234594420|1583695394151852|159557432|1585589757|01514266
1585589649-0025-000|1583696847186155|1583696985172632|137986477|1585589758|01501571
1585589649-0025-000|1583698427942726|1583698575426304|147483578|1585589760|01498705
1585589649-0025-000|1583700173183975|1583700343418239|170234264|1585589762|01653425
1585589649-0025-000|1583702218949706|1583702418812910|199863204|1585589764|01978435
1585589649-0025-000|1583703911617309|1583704054095518|142478209|1585589765|01538940
1585589649-0025-000|1583705508317255|1583705641407611|133090356|1585589767|01476580
1585589649-0025-000|1583707054872369|1583707203200764|148328395|1585589768|01465693
1585589649-0025-000|1583708637479404|1583708802732493|165253089|1585589770|01498862
1585589649-0025-000|1583710311806316|1583710461303621|149497305|1585589772|01555033
1585589649-0025-000|1583711959896956|1583712107917835|148020879|1585589773|01560143
1585589649-0025-000|1583713586808335|1583713725608094|138799759|1585589775|01507450
1585589649-0025-000|1583715210290712|1583715355116971|144826259|1585589777|01523964
1585589649-0025-000|1583716754812740|1583716911254294|156441554|1585589778|01455373
1585589649-0025-000|1583718379238255|1583718526291830|147053575|1585589780|01532289
1585589649-0025-000|1583719974617605|1583720123194577|148576972|1585589781|01491866
1585589649-0025-000|1583721591725870|1583721727835773|136109903|1585589783|01511783
1585589649-0025-000|1583723183592163|1583723332569705|148977542|1585589785|01491957
1585589649-0025-000|1583724808149202|1583724951130594|142981392|1585589786|01511076
1585589649-0025-000|1583726382085207|1583726530146365|148061158|1585589788|01483783
1585589649-0025-000|1583727944232176|1583728092242831|148010655|1585589789|01457340
1585589649-0025-000|1583729532892711|1583729667248071|134355360|1585589791|01491112
1585589649-0025-000|1583731109314385|1583731235748945|126434560|1585589792|01467940
1585589649-0025-000|1583732701513517|1583732841143271|139629754|1585589794|01489272
1585589649-0025-000|1583734274997861|1583734416862375|141864514|1585589796|01478434
1585589649-0025-000|1583735851211983|1583736007574233|156362250|1585589797|01492572
1585589649-0025-000|1583737448717872|1583737592813060|144095188|1585589799|01487118
1585589649-0025-000|1583739032547632|1583739175041461|142493829|1585589800|01483854
1585589649-0025-000|1583740670118466|1583740806503961|136385495|1585589802|01534218
1585589649-0025-000|1583742270931697|1583742409322216|138390519|1585589804|01493364
1585589649-0025-000|1583743833927251|1583743970669939|136742688|1585589805|01467918
1585589649-0025-000|1583745439659263|1583745590876704|151217441|1585589807|01522193
1585589649-0025-000|1583747050371107|1583747204695067|154323960|1585589808|01505407
1585589649-0025-000|1583748670472030|1583748809227523|138755493|1585589810|01505667
