1585589649-0048-000|1583589524292589|1583589651331435|127038846|1585589651|01474692
1585589649-0048-000|1583591135398566|1583591271934882|136536316|1585589652|01516829
1585589649-0048-000|1583592715300281|1583592861440039|146139758|1585589654|01481696
1585589649-0048-000|1583594261886243|1583594404677616|142791373|1585589656|01443888
1585589649-0048-000|1583595824130317|1583595954818009|130687692|1585589657|01459815
1585589649-0048-000|1583597398356520|1583597537132559|138776039|1585589659|01485422
1585589649-0048-000|1583598925768260|1583599068445753|142677493|1585589660|01416721
1585589649-0048-000|1583600492771782|1583600619171427|126399645|1585589662|01466761
1585589649-0048-000|1583602037344460|1583602173702723|136358263|1585589663|01440629
1585589649-0048-000|1583603586153036|1583603725436930|139283894|1585589665|01453332
1585589649-0048-000|1583605174578541|1583605317616318|143037777|1585589667|01495077
1585589649-0048-000|1583606746779074|1583606892156069|145376995|1585589668|01467131
1585589649-0048-000|1583608339322009|1583608529837091|190515082|1585589670|01539005
1585589649-0048-000|1583609982574550|1583610126395046|143820496|1585589671|01507700
1585589649-0048-000|1583611583919124|1583611735015984|151096860|1585589673|01503787
1585589649-0048-000|1583613195687865|1583613343747216|148059351|1585589675|01507668
1585589649-0048-000|1583614771506036|1583614914035706|142529670|1585589676|01475549
1585589649-0048-000|1583616378394141|1583616516838758|138444617|1585589678|01496212
1585589649-0048-000|1583617989017323|1583618129793150|140775827|1585589679|01519925
1585589649-0048-000|1583619642332036|1583619785930497|143598461|1585589681|01544110
1585589649-0048-000|1583621255804855|1583621405637464|149832609|1585589683|01523560
1585589649-0048-000|1583622839538108|1583622981661283|142123175|1585589684|01475787
1585589649-0048-000|1583624441775192|1583624589614435|147839243|1585589686|01507892
1585589649-0048-000|1583626026561080|1583626155996620|129435540|1585589687|01476095
1585589649-0048-000|1583627627812904|1583627776875308|149062404|1585589689|01515459
1585589649-0048-000|1583629210147044|1583629360066299|149919255|1585589691|01472036
1585589649-0048-000|1583630796819516|1583630933506549|136687033|1585589692|01475615
1585589649-0048-000|1583632376524127|1583632511661455|135137328|1585589694|01491799
1585589649-0048-000|1583633991646831|1583634136724528|145077697|1585589695|01515818
1585589649-0048-000|1583635580990550|1583635717287150|136296600|1585589697|01476887
1585589649-0048-000|1583637176574605|1583637316974731|140400126|1585589699|01496029
1585589649-0048-000|1583638803754288|1583638943854134|140099846|1585589700|01546518
1585589649-0048-000|1583640656413982|1583640817743625|161329643|1585589702|01763964
1585589649-0048-000|1583642539086444|1583642720082879|180996435|1585589704|01792104
1585589649-0048-000|1583644349900411|1583644515612556|165712145|1585589706|01707397
1585589649-0048-000|1583646176273925|1583646306513735|130239810|1585589708|01691813
1585589649-0048-000|1583647821030346|1583647985776557|164746211|1585589709|01575794
1585589649-0048-000|1583649522315255|1583649663068990|140753735|1585589711|01583782
1585589649-0048-000|1583651156464556|1583651283852715|127388159|1585589713|01509789
1585589649-0048-000|1583652778443782|1583652932525782|154082000|1585589714|01545708
1585589649-0048-000|1583654398920829|1583654565013403|166092574|1585589716|01539937
1585589649-0048-000|1583656041435979|1583656180361896|138925917|1585589717|01505147
1585589649-0048-000|1583657598438399|1583657746340579|147902180|1585589719|01470445
1585589649-0048-000|1583659185940599|1583659318447268|132506669|1585589721|01483900
1585589649-0048-000|1583660754205888|1583660891172614|136966726|1585589722|01463726
1585589649-0048-000|1583662310248061|1583662454680976|144432915|1585589724|01454979
1585589649-0048-000|1583663870980222|1583664021291515|150311293|1585589725|01466911
1585589649-0048-000|1583665414992048|1583665564709916|149717868|1585589727|01444424
1585589649-0048-000|1583667015018795|1583667157784571|142765776|1585589728|01501027
1585589649-0048-000|1583668606375321|1583668752366180|145990859|1585589730|01484277
1585589649-0048-000|1583670238638815|1583670392378701|153739886|1585589732|01539846
1585589649-0048-000|1583671834334818|1583671988720155|154385337|1585589733|01496243
1585589649-0048-000|1583673480254332|1583673626344053|146089721|1585589735|01540420
1585589649-0048-000|1583675062005761|1583675209522020|147516259|1585589736|01486041
1585589649-0048-000|1583676686229357|1583676829352669|143123312|1585589738|01519881
1585589649-0048-000|1583678301638361|1583678438078522|136440161|1585589740|01515817
1585589649-0048-000|1583679927675952|1583680075346109|147670157|1585589741|01539833
1585589649-0048-000|1583681591620548|1583681738732252|147111704|1585589743|01559910
1585589649-0048-000|1583683291354506|1583683429478838|138124332|1585589745|01588468
1585589649-0048-000|1583684922733861|1583685066922518|144188657|1585589746|01543080
1585589649-0048-000|1583686540921005|1583686685518094|144597089|1585589748|01503804
1585589649-0048-000|1583688155816630|1583688302936166|147119536|1585589750|01520562
1585589649-0048-000|1583689763485094|1583689902325824|138840730|1585589751|01500152
1585589649-0048-000|1583691363174743|1583691499641922|136467179|1585589753|01502567
1585589649-0048-000|1583692970336388|1583693119401290|149064902|1585589754|01508416
1585589649-0048-000|1583694588444542|1583694715627493|127182951|1585589756|01503204
1585589649-0048-000|1583696196850777|1583696351335632|154484855|1585589758|01528451
1585589649-0048-000|1583697802016830|1583697945031725|143014895|1585589759|01499310
1585589649-0048-000|1583699417179987|1583699564424173|147244186|1585589761|01512408
1585589649-0048-000|1583701345824281|1583701516648615|170824334|1585589763|01854333
1585589649-0048-000|1583703236422167|1583703374483322|138061155|1585589765|01768608
1585589649-0048-000|1583704834078977|1583704974891762|140812785|1585589766|01491617
1585589649-0048-000|1583706378501675|1583706521384610|142882935|1585589768|01448879
1585589649-0048-000|1583707942641240|1583708089072189|146430949|1585589769|01468091
1585589649-0048-000|1583709583852527|1583709738612273|154759746|1585589771|01552953
1585589649-0048-000|1583711207679344|1583711360975029|153295685|1585589773|01516593
1585589649-0048-000|1583712871827218|1583713032278885|160451667|1585589774|01568857
1585589649-0048-000|1583714502710825|1583714643118614|140407789|1585589776|01512573
1585589649-0048-000|1583716069548513|1583716205051733|135503220|1585589777|01463787
1585589649-0048-000|1583717653471560|1583717795323348|141851788|1585589779|01494972
1585589649-0048-000|1583719296209396|1583719422035557|125826161|1585589781|01531792
1585589649-0048-000|1583720871432230|1583721021862855|150430625|1585589782|01483658
1585589649-0048-000|1583722490365731|1583722629488259|139122528|1585589784|01508713
1585589649-0048-000|1583724091728904|1583724234800257|143071353|1585589785|01507002
1585589649-0048-000|1583725633912855|1583725767725553|133812698|1585589787|01438871
1585589649-0048-000|1583727177934101|1583727299250138|121316037|1585589789|01436779
1585589649-0048-000|1583728729906665|1583728855806102|125899437|1585589790|01455050
1585589649-0048-000|1583730315903166|1583730465648722|149745556|1585589792|01496628
1585589649-0048-000|1583731874982378|1583732027055322|152072944|1585589793|01459617
1585589649-0048-000|1583733481457413|1583733607896279|126438866|1585589795|01495968
1585589649-0048-000|1583735065426976|1583735191444931|126017955|1585589796|01481951
1585589649-0048-000|1583736642369716|1583736786235452|143865736|1585589798|01483020
1585589649-0048-000|1583738222391214|1583738364826895|142435681|1585589800|01479170
1585589649-0048-000|1583739846014526|1583739986136345|140121819|1585589801|01519203
1585589649-0048-000|1583741468817400|1583741620174715|151357315|1585589803|01533151
1585589649-0048-000|1583743039792554|1583743186040593|146248039|1585589804|01474511
1585589649-0048-000|1583744630652421|1583744805459260|174806839|1585589806|01519807
1585589649-0048-000|1583746305923819|1583746456210270|150286451|1585589808|01543830
1585589649-0048-000|1583747899975469|1583748042623360|142647891|1585589809|01499688
1585589649-0048-000|1583749529330585|1583749666909921|137579336|1585589811|01511737
