openmpi-slave1|3959639273098|3959720087883|80814785|1585926204|00387291
openmpi-slave1|3960133914709|3960242888385|108973676|1585926205|00511792
openmpi-slave1|3960507768086|3960630639228|122871142|1585926205|00391975
openmpi-slave1|3960933658324|3961076754006|143095682|1585926206|00445457
openmpi-slave1|3961314835814|3961455531148|140695334|1585926206|00390221
openmpi-slave1|3961730571686|3961867385989|136814303|1585926207|00411977
openmpi-slave1|3962152473729|3962288493374|136019645|1585926207|00407750
openmpi-slave1|3962531812875|3962678803699|146990824|1585926207|00399819
openmpi-slave1|3962988921688|3963130161449|141239761|1585926208|00443967
openmpi-slave1|3963374155489|3963516592314|142436825|1585926208|00383807
openmpi-slave1|3963798366845|3963941082974|142716129|1585926209|00428011
openmpi-slave1|3964218250565|3964368173104|149922539|1585926209|00420431
openmpi-slave1|3964606499598|3964753200600|146701002|1585926210|00394249
openmpi-slave1|3965084110987|3965241486464|157375477|1585926210|00483813
openmpi-slave1|3965496100755|3965637169116|141068361|1585926210|00391927
openmpi-slave1|3965910399386|3966049803915|139404529|1585926211|00420332
openmpi-slave1|3966371954713|3966510047869|138093156|1585926211|00462051
openmpi-slave1|3966740340588|3966862212057|121871469|1585926212|00353370
openmpi-slave1|3967170440746|3967313517991|143077245|1585926212|00443795
openmpi-slave1|3967592380125|3967719071945|126691820|1585926212|00416018
openmpi-slave1|3967973362642|3968105567639|132204997|1585926213|00375035
openmpi-slave1|3968427314845|3968593218940|165904095|1585926213|00484822
openmpi-slave1|3968882485185|3969035503280|153018095|1585926214|00455756
openmpi-slave1|3969325329777|3969476771083|151441306|1585926214|00425015
openmpi-slave1|3969771822101|3969910677942|138855841|1585926215|00442724
openmpi-slave1|3970164410433|3970308145112|143734679|1585926215|00388415
openmpi-slave1|3970592824917|3970746945331|154120414|1585926216|00443229
openmpi-slave1|3971050365765|3971194801608|144435843|1585926216|00460105
openmpi-slave1|3971482402366|3971625945410|143543044|1585926216|00423742
openmpi-slave1|3971953169629|3972071736422|118566793|1585926217|00451854
openmpi-slave1|3972355703733|3972523417837|167714104|1585926217|00447786
openmpi-slave1|3972792114429|3972924791310|132676881|1585926218|00392469
openmpi-slave1|3973246283564|3973392831160|146547596|1585926218|00471397
openmpi-slave1|3973637902408|3973808262440|170360032|1585926219|00411805
openmpi-slave1|3974094174441|3974269405371|175230930|1585926219|00460334
openmpi-slave1|3974566095651|3974720206245|154110594|1585926219|00455585
openmpi-slave1|3975022259738|3975172310323|150050585|1585926220|00444499
openmpi-slave1|3975484383362|3975620366246|135982884|1585926220|00447868
openmpi-slave1|3975949041642|3976086504004|137462362|1585926221|00475186
openmpi-slave1|3976314797325|3976465158248|150360923|1585926221|00375868
openmpi-slave1|3976734142148|3976867314286|133172138|1585926222|00413025
openmpi-slave1|3977146171087|3977304391527|158220440|1585926222|00419538
openmpi-slave1|3977561561559|3977697465848|135904289|1585926222|00403181
openmpi-slave1|3978012112442|3978149574910|137462468|1585926223|00441814
openmpi-slave1|3978410284939|3978564863417|154578478|1585926223|00421964
openmpi-slave1|3978834222463|3978975279570|141057107|1585926224|00415839
openmpi-slave1|3979282650521|3979431524824|148874303|1585926224|00455999
openmpi-slave1|3979678461783|3979827445781|148983998|1585926225|00399801
openmpi-slave1|3980150208707|3980290977836|140769129|1585926225|00459753
openmpi-slave1|3980568657119|3980708662943|140005824|1585926225|00404977
openmpi-slave1|3980975964308|3981125718868|149754560|1585926226|00418744
openmpi-slave1|3981430344585|3981577921043|147576458|1585926226|00459932
openmpi-slave1|3981838514161|3981981580611|143066450|1585926227|00399961
openmpi-slave1|3982249550133|3982389017997|139467864|1585926227|00407863
openmpi-slave1|3982663969606|3982813922884|149953278|1585926228|00431972
openmpi-slave1|3983099712886|3983302139038|202426152|1585926228|00491706
openmpi-slave1|3983577175519|3983707820878|130645359|1585926228|00408230
openmpi-slave1|3983986248406|3984128935173|142686767|1585926229|00403600
openmpi-slave1|3984442618452|3984575199769|132581317|1585926229|00459967
openmpi-slave1|3984861648613|3985012648310|150999697|1585926230|00420701
openmpi-slave1|3985290671502|3985431865301|141193799|1585926230|00437983
openmpi-slave1|3985731881929|3985884872784|152990855|1585926231|00434085
openmpi-slave1|3986156703954|3986300249614|143545660|1585926231|00418708
openmpi-slave1|3986593985803|3986731168245|137182442|1585926231|00443974
openmpi-slave1|3987014090202|3987161134127|147043925|1585926232|00415426
openmpi-slave1|3987446115355|3987589538679|143423324|1585926232|00428277
openmpi-slave1|3987817997682|3987969738526|151740844|1585926233|00391789
openmpi-slave1|3988260748208|3988403368273|142620065|1585926233|00439948
openmpi-slave1|3988734076144|3988872312029|138235885|1585926234|00459903
openmpi-slave1|3989142327968|3989288594858|146266890|1585926234|00405298
openmpi-slave1|3989570896162|3989715958370|145062208|1585926234|00438374
openmpi-slave1|3990044851022|3990200507332|155656310|1585926235|00472800
openmpi-slave1|3990427415047|3990600510750|173095703|1585926235|00399792
openmpi-slave1|3990890787151|3991046352352|155565201|1585926236|00459326
openmpi-slave1|3991304924749|3991446092940|141168191|1585926236|00395786
openmpi-slave1|3991755965644|3991917157843|161192199|1585926237|00475844
openmpi-slave1|3992236300288|3992377122651|140822363|1585926237|00445303
openmpi-slave1|3992654078132|3992840208935|186130803|1585926238|00462980
openmpi-slave1|3993102390696|3993256541520|154150824|1585926238|00423509
openmpi-slave1|3993537395369|3993697754547|160359178|1585926238|00443751
openmpi-slave1|3993955603618|3994103287381|147683763|1585926239|00410375
openmpi-slave1|3994422634562|3994565098295|142463733|1585926239|00453414
openmpi-slave1|3994794382298|3995004391954|210009656|1585926240|00432411
openmpi-slave1|3995306343243|3995456122525|149779282|1585926240|00451836
openmpi-slave1|3995669960640|3995829992616|160031976|1585926241|00375534
openmpi-slave1|3996159678802|3996322145038|162466236|1585926241|00503942
openmpi-slave1|3996645414967|3996786575430|141160463|1585926242|00467863
openmpi-slave1|3997096038813|3997245925147|149886334|1585926242|00451805
openmpi-slave1|3997588178577|3997742038728|153860151|1585926243|00499260
openmpi-slave1|3998005684799|3998161176727|155491928|1585926243|00416554
openmpi-slave1|3998532604493|3998722675818|190071325|1585926243|00561141
openmpi-slave1|3999014221225|3999191517573|177296348|1585926244|00466547
openmpi-slave1|3999487657207|3999648219501|160562294|1585926244|00453011
openmpi-slave1|3999960755900|4000091747308|130991408|1585926245|00454958
openmpi-slave1|4000378201832|4000525708204|147506372|1585926245|00419711
openmpi-slave1|4000807818852|4000979708222|171889370|1585926246|00451764
openmpi-slave1|4001226641749|4001377760565|151118816|1585926246|00404647
openmpi-slave1|4001663851663|4001821435564|157583901|1585926247|00447219
openmpi-slave1|4002134685139|4002305182817|170497678|1585926247|00483958
openmpi-slave1|4002647787219|4002806079643|158292424|1585926248|00491039
