openmpi-slave2|2857190168786|2857261085647|70916861|1585925111|00005550
openmpi-slave2|2857190168786|2857261085647|70916861|1585925111|00001494
openmpi-slave2|2857190168786|2857261085647|70916861|1585925111|00001248
openmpi-slave2|2857190168786|2857261085647|70916861|1585925111|00001528
openmpi-slave2|2857190168786|2857261085647|70916861|1585925111|00001658
openmpi-slave2|2857190168786|2857261085647|70916861|1585925111|00001329
openmpi-slave2|2857190168786|2857261085647|70916861|1585925111|00001436
openmpi-slave2|2857190168786|2857261085647|70916861|1585925111|00001266
openmpi-slave2|2857190168786|2857261085647|70916861|1585925111|00001539
openmpi-slave2|2857190168786|2857261085647|70916861|1585925111|00004244
openmpi-slave2|2857190168786|2857261085647|70916861|1585925111|00001382
openmpi-slave2|2857190168786|2857261085647|70916861|1585925111|00001252
openmpi-slave2|2857190168786|2857261085647|70916861|1585925111|00001427
openmpi-slave2|2857190168786|2857261085647|70916861|1585925111|00001503
openmpi-slave2|2857190168786|2857261085647|70916861|1585925111|00001555
openmpi-slave2|2857190168786|2857261085647|70916861|1585925111|00001260
openmpi-slave2|2857190168786|2857261085647|70916861|1585925111|00001197
openmpi-slave2|2857190168786|2857261085647|70916861|1585925111|00001771
openmpi-slave2|2857190168786|2857261085647|70916861|1585925111|00001372
openmpi-slave2|2857190168786|2857261085647|70916861|1585925111|00001236
openmpi-slave2|2857190168786|2857261085647|70916861|1585925111|00001409
openmpi-slave2|2857190168786|2857261085647|70916861|1585925111|00001448
openmpi-slave2|2857190168786|2857261085647|70916861|1585925111|00001514
openmpi-slave2|2857190168786|2857261085647|70916861|1585925111|00003217
openmpi-slave2|2857190168786|2857261085647|70916861|1585925111|00001375
openmpi-slave2|2857190168786|2857261085647|70916861|1585925111|00001520
openmpi-slave2|2857190168786|2857261085647|70916861|1585925111|00001185
openmpi-slave2|2857190168786|2857261085647|70916861|1585925111|00001113
openmpi-slave2|2857190168786|2857261085647|70916861|1585925111|00001497
openmpi-slave2|2857190168786|2857261085647|70916861|1585925111|00001391
openmpi-slave2|2857190168786|2857261085647|70916861|1585925111|00001480
openmpi-slave2|2857190168786|2857261085647|70916861|1585925111|00001410
openmpi-slave2|2857190168786|2857261085647|70916861|1585925111|00001381
openmpi-slave2|2857190168786|2857261085647|70916861|1585925111|00001246
openmpi-slave2|2857190168786|2857261085647|70916861|1585925111|00001284
openmpi-slave2|2857190168786|2857261085647|70916861|1585925111|00001297
openmpi-slave2|2857190168786|2857261085647|70916861|1585925111|00001692
openmpi-slave2|2857190168786|2857261085647|70916861|1585925111|00001149
openmpi-slave2|2857190168786|2857261085647|70916861|1585925111|00001338
openmpi-slave2|2857190168786|2857261085647|70916861|1585925111|00001438
openmpi-slave2|2857190168786|2857261085647|70916861|1585925111|00001467
openmpi-slave2|2857190168786|2857261085647|70916861|1585925111|00001418
openmpi-slave2|2857190168786|2857261085647|70916861|1585925111|00001334
openmpi-slave2|2857190168786|2857261085647|70916861|1585925111|00001573
openmpi-slave2|2857190168786|2857261085647|70916861|1585925111|00002097
openmpi-slave2|2857190168786|2857261085647|70916861|1585925111|00001782
openmpi-slave2|2857190168786|2857261085647|70916861|1585925111|00001231
openmpi-slave2|2857190168786|2857261085647|70916861|1585925111|00001261
openmpi-slave2|2857190168786|2857261085647|70916861|1585925111|00001678
openmpi-slave2|2857190168786|2857261085647|70916861|1585925111|00001228
openmpi-slave2|2857190168786|2857261085647|70916861|1585925111|00001189
openmpi-slave2|2857190168786|2857261085647|70916861|1585925111|00001546
openmpi-slave2|2857190168786|2857261085647|70916861|1585925111|00001371
openmpi-slave2|2857190168786|2857261085647|70916861|1585925111|00003674
openmpi-slave2|2857190168786|2857261085647|70916861|1585925111|00001699
openmpi-slave2|2857190168786|2857261085647|70916861|1585925111|00001170
openmpi-slave2|2857190168786|2857261085647|70916861|1585925111|00001113
openmpi-slave2|2857190168786|2857261085647|70916861|1585925111|00001194
openmpi-slave2|2857190168786|2857261085647|70916861|1585925111|00001746
openmpi-slave2|2857190168786|2857261085647|70916861|1585925111|00001236
openmpi-slave2|2857190168786|2857261085647|70916861|1585925111|00001298
openmpi-slave2|2857190168786|2857261085647|70916861|1585925111|00001188
openmpi-slave2|2857190168786|2857261085647|70916861|1585925111|00001652
openmpi-slave2|2857190168786|2857261085647|70916861|1585925111|00001263
openmpi-slave2|2857190168786|2857261085647|70916861|1585925111|00001093
openmpi-slave2|2857190168786|2857261085647|70916861|1585925111|00001372
openmpi-slave2|2857190168786|2857261085647|70916861|1585925111|00001124
openmpi-slave2|2857190168786|2857261085647|70916861|1585925111|00001167
openmpi-slave2|2857190168786|2857261085647|70916861|1585925111|00001466
openmpi-slave2|2857190168786|2857261085647|70916861|1585925111|00001316
openmpi-slave2|2857190168786|2857261085647|70916861|1585925111|00001525
openmpi-slave2|2857190168786|2857261085647|70916861|1585925111|00001904
openmpi-slave2|2857190168786|2857261085647|70916861|1585925111|00001341
openmpi-slave2|2857190168786|2857261085647|70916861|1585925111|00001327
openmpi-slave2|2857190168786|2857261085647|70916861|1585925111|00001237
openmpi-slave2|2857190168786|2857261085647|70916861|1585925111|00005300
openmpi-slave2|2857190168786|2857261085647|70916861|1585925111|00001449
openmpi-slave2|2857190168786|2857261085647|70916861|1585925111|00001589
openmpi-slave2|2857190168786|2857261085647|70916861|1585925111|00001492
openmpi-slave2|2857190168786|2857261085647|70916861|1585925111|00001278
openmpi-slave2|2857190168786|2857261085647|70916861|1585925111|00001259
openmpi-slave2|2857190168786|2857261085647|70916861|1585925111|00001224
openmpi-slave2|2857190168786|2857261085647|70916861|1585925111|00001221
openmpi-slave2|2857190168786|2857261085647|70916861|1585925111|00001212
openmpi-slave2|2857190168786|2857261085647|70916861|1585925111|00001095
openmpi-slave2|2857190168786|2857261085647|70916861|1585925111|00001461
openmpi-slave2|2857190168786|2857261085647|70916861|1585925111|00001464
openmpi-slave2|2857190168786|2857261085647|70916861|1585925111|00001141
openmpi-slave2|2857190168786|2857261085647|70916861|1585925111|00001174
openmpi-slave2|2857190168786|2857261085647|70916861|1585925111|00001220
openmpi-slave2|2857190168786|2857261085647|70916861|1585925111|00001084
openmpi-slave2|2857190168786|2857261085647|70916861|1585925111|00003071
openmpi-slave2|2857190168786|2857261085647|70916861|1585925111|00001292
openmpi-slave2|2857190168786|2857261085647|70916861|1585925111|00001257
openmpi-slave2|2857190168786|2857261085647|70916861|1585925111|00001250
openmpi-slave2|2857190168786|2857261085647|70916861|1585925111|00001235
openmpi-slave2|2857190168786|2857261085647|70916861|1585925111|00001098
openmpi-slave2|2857190168786|2857261085647|70916861|1585925111|00001257
openmpi-slave2|2857190168786|2857261085647|70916861|1585925111|00001184
openmpi-slave2|2857190168786|2857261085647|70916861|1585925111|00001185
