openmpi-slave1|2854537783288|2854577832714|40049426|1585925109|00005530
openmpi-slave1|2854537783288|2854577832714|40049426|1585925109|00001371
openmpi-slave1|2854537783288|2854577832714|40049426|1585925109|00001177
openmpi-slave1|2854537783288|2854577832714|40049426|1585925109|00001047
openmpi-slave1|2854537783288|2854577832714|40049426|1585925109|00001752
openmpi-slave1|2854537783288|2854577832714|40049426|1585925109|00001447
openmpi-slave1|2854537783288|2854577832714|40049426|1585925109|00001336
openmpi-slave1|2854537783288|2854577832714|40049426|1585925109|00001076
openmpi-slave1|2854537783288|2854577832714|40049426|1585925109|00001292
openmpi-slave1|2854537783288|2854577832714|40049426|1585925109|00001400
openmpi-slave1|2854537783288|2854577832714|40049426|1585925109|00001316
openmpi-slave1|2854537783288|2854577832714|40049426|1585925109|00003102
openmpi-slave1|2854537783288|2854577832714|40049426|1585925109|00001208
openmpi-slave1|2854537783288|2854577832714|40049426|1585925109|00001166
openmpi-slave1|2854537783288|2854577832714|40049426|1585925109|00001053
openmpi-slave1|2854537783288|2854577832714|40049426|1585925109|00001161
openmpi-slave1|2854537783288|2854577832714|40049426|1585925109|00001425
openmpi-slave1|2854537783288|2854577832714|40049426|1585925109|00001792
openmpi-slave1|2854537783288|2854577832714|40049426|1585925109|00001530
openmpi-slave1|2854537783288|2854577832714|40049426|1585925109|00001188
openmpi-slave1|2854537783288|2854577832714|40049426|1585925109|00001303
openmpi-slave1|2854537783288|2854577832714|40049426|1585925109|00001236
openmpi-slave1|2854537783288|2854577832714|40049426|1585925109|00001947
openmpi-slave1|2854537783288|2854577832714|40049426|1585925109|00001324
openmpi-slave1|2854537783288|2854577832714|40049426|1585925109|00002007
openmpi-slave1|2854537783288|2854577832714|40049426|1585925109|00001333
openmpi-slave1|2854537783288|2854577832714|40049426|1585925109|00002934
openmpi-slave1|2854537783288|2854577832714|40049426|1585925109|00001578
openmpi-slave1|2854537783288|2854577832714|40049426|1585925109|00001021
openmpi-slave1|2854537783288|2854577832714|40049426|1585925109|00001217
openmpi-slave1|2854537783288|2854577832714|40049426|1585925109|00001022
openmpi-slave1|2854537783288|2854577832714|40049426|1585925109|00001049
openmpi-slave1|2854537783288|2854577832714|40049426|1585925109|00001211
openmpi-slave1|2854537783288|2854577832714|40049426|1585925109|00001594
openmpi-slave1|2854537783288|2854577832714|40049426|1585925109|00002383
openmpi-slave1|2854537783288|2854577832714|40049426|1585925109|00001401
openmpi-slave1|2854537783288|2854577832714|40049426|1585925109|00001282
openmpi-slave1|2854537783288|2854577832714|40049426|1585925109|00001238
openmpi-slave1|2854537783288|2854577832714|40049426|1585925109|00001233
openmpi-slave1|2854537783288|2854577832714|40049426|1585925109|00001302
openmpi-slave1|2854537783288|2854577832714|40049426|1585925109|00001666
openmpi-slave1|2854537783288|2854577832714|40049426|1585925109|00001177
openmpi-slave1|2854537783288|2854577832714|40049426|1585925109|00001598
openmpi-slave1|2854537783288|2854577832714|40049426|1585925109|00001095
openmpi-slave1|2854537783288|2854577832714|40049426|1585925109|00001112
openmpi-slave1|2854537783288|2854577832714|40049426|1585925109|00001475
openmpi-slave1|2854537783288|2854577832714|40049426|1585925109|00001284
openmpi-slave1|2854537783288|2854577832714|40049426|1585925109|00003081
openmpi-slave1|2854537783288|2854577832714|40049426|1585925109|00001268
openmpi-slave1|2854537783288|2854577832714|40049426|1585925109|00001173
openmpi-slave1|2854537783288|2854577832714|40049426|1585925109|00001502
openmpi-slave1|2854537783288|2854577832714|40049426|1585925109|00001214
openmpi-slave1|2854537783288|2854577832714|40049426|1585925109|00001580
openmpi-slave1|2854537783288|2854577832714|40049426|1585925109|00001240
openmpi-slave1|2854537783288|2854577832714|40049426|1585925109|00001712
openmpi-slave1|2854537783288|2854577832714|40049426|1585925109|00001454
openmpi-slave1|2854537783288|2854577832714|40049426|1585925109|00003777
openmpi-slave1|2854537783288|2854577832714|40049426|1585925109|00001316
openmpi-slave1|2854537783288|2854577832714|40049426|1585925109|00001269
openmpi-slave1|2854537783288|2854577832714|40049426|1585925109|00001097
openmpi-slave1|2854537783288|2854577832714|40049426|1585925109|00001085
openmpi-slave1|2854537783288|2854577832714|40049426|1585925109|00001125
openmpi-slave1|2854537783288|2854577832714|40049426|1585925109|00001458
openmpi-slave1|2854537783288|2854577832714|40049426|1585925109|00001125
openmpi-slave1|2854537783288|2854577832714|40049426|1585925109|00001129
openmpi-slave1|2854537783288|2854577832714|40049426|1585925109|00001231
openmpi-slave1|2854537783288|2854577832714|40049426|1585925109|00001321
openmpi-slave1|2854537783288|2854577832714|40049426|1585925109|00001111
openmpi-slave1|2854537783288|2854577832714|40049426|1585925109|00001136
openmpi-slave1|2854537783288|2854577832714|40049426|1585925109|00001095
openmpi-slave1|2854537783288|2854577832714|40049426|1585925109|00001251
openmpi-slave1|2854537783288|2854577832714|40049426|1585925109|00001161
openmpi-slave1|2854537783288|2854577832714|40049426|1585925109|00001305
openmpi-slave1|2854537783288|2854577832714|40049426|1585925109|00001561
openmpi-slave1|2854537783288|2854577832714|40049426|1585925109|00001315
openmpi-slave1|2854537783288|2854577832714|40049426|1585925109|00001674
openmpi-slave1|2854537783288|2854577832714|40049426|1585925109|00001115
openmpi-slave1|2854537783288|2854577832714|40049426|1585925109|00001186
openmpi-slave1|2854537783288|2854577832714|40049426|1585925109|00001272
openmpi-slave1|2854537783288|2854577832714|40049426|1585925109|00001647
openmpi-slave1|2854537783288|2854577832714|40049426|1585925109|00005031
openmpi-slave1|2854537783288|2854577832714|40049426|1585925109|00001328
openmpi-slave1|2854537783288|2854577832714|40049426|1585925109|00001465
openmpi-slave1|2854537783288|2854577832714|40049426|1585925109|00001095
openmpi-slave1|2854537783288|2854577832714|40049426|1585925109|00001558
openmpi-slave1|2854537783288|2854577832714|40049426|1585925109|00001083
openmpi-slave1|2854537783288|2854577832714|40049426|1585925109|00001195
openmpi-slave1|2854537783288|2854577832714|40049426|1585925109|00001225
openmpi-slave1|2854537783288|2854577832714|40049426|1585925109|00001404
openmpi-slave1|2854537783288|2854577832714|40049426|1585925109|00001099
openmpi-slave1|2854537783288|2854577832714|40049426|1585925109|00001346
openmpi-slave1|2854537783288|2854577832714|40049426|1585925109|00001313
openmpi-slave1|2854537783288|2854577832714|40049426|1585925109|00001503
openmpi-slave1|2854537783288|2854577832714|40049426|1585925109|00001285
openmpi-slave1|2854537783288|2854577832714|40049426|1585925109|00001212
openmpi-slave1|2854537783288|2854577832714|40049426|1585925109|00001463
openmpi-slave1|2854537783288|2854577832714|40049426|1585925109|00002623
openmpi-slave1|2854537783288|2854577832714|40049426|1585925109|00001484
openmpi-slave1|2854537783288|2854577832714|40049426|1585925109|00001090
openmpi-slave1|2854537783288|2854577832714|40049426|1585925109|00001054
