1585592954-0029-000|8208972886902|8209181761813|208874911|1585592956|01855403
1585592954-0029-000|8208972886902|8209181761813|208874911|1585592956|00001080
1585592954-0029-000|8208972886902|8209181761813|208874911|1585592956|00001079
1585592954-0029-000|8208972886902|8209181761813|208874911|1585592956|00000991
1585592954-0029-000|8208972886902|8209181761813|208874911|1585592956|00001081
1585592954-0029-000|8208972886902|8209181761813|208874911|1585592956|00001077
1585592954-0029-000|8208972886902|8209181761813|208874911|1585592956|00001004
1585592954-0029-000|8208972886902|8209181761813|208874911|1585592956|00001094
1585592954-0029-000|8208972886902|8209181761813|208874911|1585592956|00001076
1585592954-0029-000|8208972886902|8209181761813|208874911|1585592956|00001027
1585592954-0029-000|8208972886902|8209181761813|208874911|1585592956|00001017
1585592954-0029-000|8208972886902|8209181761813|208874911|1585592956|00001134
1585592954-0029-000|8208972886902|8209181761813|208874911|1585592956|00001011
1585592954-0029-000|8208972886902|8209181761813|208874911|1585592956|00001154
1585592954-0029-000|8208972886902|8209181761813|208874911|1585592956|00001066
1585592954-0029-000|8208972886902|8209181761813|208874911|1585592956|00001145
1585592954-0029-000|8208972886902|8209181761813|208874911|1585592956|00001144
1585592954-0029-000|8208972886902|8209181761813|208874911|1585592956|00000994
1585592954-0029-000|8208972886902|8209181761813|208874911|1585592956|00001099
1585592954-0029-000|8208972886902|8209181761813|208874911|1585592956|00001029
1585592954-0029-000|8208972886902|8209181761813|208874911|1585592956|00001044
1585592954-0029-000|8208972886902|8209181761813|208874911|1585592956|00000849
1585592954-0029-000|8208972886902|8209181761813|208874911|1585592956|00001018
1585592954-0029-000|8208972886902|8209181761813|208874911|1585592956|00001034
1585592954-0029-000|8208972886902|8209181761813|208874911|1585592956|00001111
1585592954-0029-000|8208972886902|8209181761813|208874911|1585592956|00001038
1585592954-0029-000|8208972886902|8209181761813|208874911|1585592956|00001085
1585592954-0029-000|8208972886902|8209181761813|208874911|1585592956|00000880
1585592954-0029-000|8208972886902|8209181761813|208874911|1585592956|00001316
1585592954-0029-000|8208972886902|8209181761813|208874911|1585592956|00001020
1585592954-0029-000|8208972886902|8209181761813|208874911|1585592956|00001025
1585592954-0029-000|8208972886902|8209181761813|208874911|1585592956|00001114
1585592954-0029-000|8208972886902|8209181761813|208874911|1585592956|00001000
1585592954-0029-000|8208972886902|8209181761813|208874911|1585592956|00001023
1585592954-0029-000|8208972886902|8209181761813|208874911|1585592956|00000933
1585592954-0029-000|8208972886902|8209181761813|208874911|1585592956|00001147
1585592954-0029-000|8208972886902|8209181761813|208874911|1585592956|00001005
1585592954-0029-000|8208972886902|8209181761813|208874911|1585592956|00000904
1585592954-0029-000|8208972886902|8209181761813|208874911|1585592956|00000998
1585592954-0029-000|8208972886902|8209181761813|208874911|1585592956|00000951
1585592954-0029-000|8208972886902|8209181761813|208874911|1585592956|00001059
1585592954-0029-000|8208972886902|8209181761813|208874911|1585592956|00001093
1585592954-0029-000|8208972886902|8209181761813|208874911|1585592956|00000986
1585592954-0029-000|8208972886902|8209181761813|208874911|1585592956|00000970
1585592954-0029-000|8208972886902|8209181761813|208874911|1585592956|00001047
1585592954-0029-000|8208972886902|8209181761813|208874911|1585592956|00000917
1585592954-0029-000|8208972886902|8209181761813|208874911|1585592956|00001028
1585592954-0029-000|8208972886902|8209181761813|208874911|1585592956|00001291
1585592954-0029-000|8208972886902|8209181761813|208874911|1585592956|00001050
1585592954-0029-000|8208972886902|8209181761813|208874911|1585592956|00001083
1585592954-0029-000|8208972886902|8209181761813|208874911|1585592956|00001118
1585592954-0029-000|8208972886902|8209181761813|208874911|1585592956|00000930
1585592954-0029-000|8208972886902|8209181761813|208874911|1585592956|00001006
1585592954-0029-000|8208972886902|8209181761813|208874911|1585592956|00000853
1585592954-0029-000|8208972886902|8209181761813|208874911|1585592956|00001012
1585592954-0029-000|8208972886902|8209181761813|208874911|1585592956|00000976
1585592954-0029-000|8208972886902|8209181761813|208874911|1585592956|00001076
1585592954-0029-000|8208972886902|8209181761813|208874911|1585592956|00001052
1585592954-0029-000|8208972886902|8209181761813|208874911|1585592956|00000906
1585592954-0029-000|8208972886902|8209181761813|208874911|1585592956|00001181
1585592954-0029-000|8208972886902|8209181761813|208874911|1585592956|00000941
1585592954-0029-000|8208972886902|8209181761813|208874911|1585592956|00000883
1585592954-0029-000|8208972886902|8209181761813|208874911|1585592956|00001195
1585592954-0029-000|8208972886902|8209181761813|208874911|1585592956|00001128
1585592954-0029-000|8208972886902|8209181761813|208874911|1585592956|00001520
1585592954-0029-000|8208972886902|8209181761813|208874911|1585592956|00000975
1585592954-0029-000|8208972886902|8209181761813|208874911|1585592956|00001156
1585592954-0029-000|8208972886902|8209181761813|208874911|1585592956|00000946
1585592954-0029-000|8208972886902|8209181761813|208874911|1585592956|00001138
1585592954-0029-000|8208972886902|8209181761813|208874911|1585592956|00001253
1585592954-0029-000|8208972886902|8209181761813|208874911|1585592956|00001014
1585592954-0029-000|8208972886902|8209181761813|208874911|1585592956|00001067
1585592954-0029-000|8208972886902|8209181761813|208874911|1585592956|00001039
1585592954-0029-000|8208972886902|8209181761813|208874911|1585592956|00001160
1585592954-0029-000|8208972886902|8209181761813|208874911|1585592956|00001282
1585592954-0029-000|8208972886902|8209181761813|208874911|1585592956|00001263
1585592954-0029-000|8208972886902|8209181761813|208874911|1585592956|00000970
1585592954-0029-000|8208972886902|8209181761813|208874911|1585592956|00001033
1585592954-0029-000|8208972886902|8209181761813|208874911|1585592956|00001029
1585592954-0029-000|8208972886902|8209181761813|208874911|1585592956|00001037
1585592954-0029-000|8208972886902|8209181761813|208874911|1585592956|00001131
1585592954-0029-000|8208972886902|8209181761813|208874911|1585592956|00000982
1585592954-0029-000|8208972886902|8209181761813|208874911|1585592956|00001096
1585592954-0029-000|8208972886902|8209181761813|208874911|1585592956|00001573
1585592954-0029-000|8208972886902|8209181761813|208874911|1585592956|00001157
1585592954-0029-000|8208972886902|8209181761813|208874911|1585592956|00001843
1585592954-0029-000|8208972886902|8209181761813|208874911|1585592956|00001002
1585592954-0029-000|8208972886902|8209181761813|208874911|1585592956|00000967
1585592954-0029-000|8208972886902|8209181761813|208874911|1585592956|00000977
1585592954-0029-000|8208972886902|8209181761813|208874911|1585592956|00001101
1585592954-0029-000|8208972886902|8209181761813|208874911|1585592956|00001183
1585592954-0029-000|8208972886902|8209181761813|208874911|1585592956|00001200
1585592954-0029-000|8208972886902|8209181761813|208874911|1585592956|00001375
1585592954-0029-000|8208972886902|8209181761813|208874911|1585592956|00001254
1585592954-0029-000|8208972886902|8209181761813|208874911|1585592956|00001107
1585592954-0029-000|8208972886902|8209181761813|208874911|1585592956|00001134
1585592954-0029-000|8208972886902|8209181761813|208874911|1585592956|00001005
1585592954-0029-000|8208972886902|8209181761813|208874911|1585592956|00001349
1585592954-0029-000|8208972886902|8209181761813|208874911|1585592956|00001429
1585592954-0029-000|8208972886902|8209181761813|208874911|1585592956|00001032
