openmpi-slave4|3840483262826|3840570528974|87266148|1585926085|00174919
openmpi-slave4|3840790135008|3840903087305|112952297|1585926086|00341313
openmpi-slave4|3841152956806|3841268281041|115324235|1585926086|00354718
openmpi-slave4|3841425939606|3841538591292|112651686|1585926086|00270907
openmpi-slave4|3841775927401|3841932722405|156795004|1585926087|00396203
openmpi-slave4|3842107951279|3842268587622|160636343|1585926087|00332969
openmpi-slave4|3842459485251|3842599095817|139610566|1585926087|00342879
openmpi-slave4|3842794383382|3842926794209|132410827|1585926088|00331906
openmpi-slave4|3843115180888|3843285064870|169883982|1585926088|00341102
openmpi-slave4|3843462056504|3843597279049|135222545|1585926088|00318481
openmpi-slave4|3843775699754|3843922498391|146798637|1585926089|00325628
openmpi-slave4|3844098574364|3844257702347|159127983|1585926089|00328143
openmpi-slave4|3844446396762|3844601003131|154606369|1585926089|00345249
openmpi-slave4|3844775970351|3844915684855|139714504|1585926090|00326971
openmpi-slave4|3845103763259|3845270353447|166590188|1585926090|00348334
openmpi-slave4|3845460223969|3845600583075|140359106|1585926090|00329065
openmpi-slave4|3845779364525|3845941012734|161648209|1585926091|00336005
openmpi-slave4|3846136912635|3846278901882|141989247|1585926091|00348926
openmpi-slave4|3846506122176|3846659305173|153182997|1585926091|00382596
openmpi-slave4|3846842283033|3846989282177|146999144|1585926092|00319843
openmpi-slave4|3847182432770|3847331507727|149074957|1585926092|00339861
openmpi-slave4|3847534008416|3847675104729|141096313|1585926092|00355989
openmpi-slave4|3847858802297|3848052751483|193949186|1585926093|00367888
openmpi-slave4|3848299353409|3848457252842|157899433|1585926093|00403918
openmpi-slave4|3848644348645|3848780413568|136064923|1585926094|00316406
openmpi-slave4|3848953721478|3849090718336|136996858|1585926094|00317069
openmpi-slave4|3849330290570|3849461556477|131265907|1585926094|00371053
openmpi-slave4|3849650711794|3849787765287|137053493|1585926095|00328832
openmpi-slave4|3849966353850|3850107169462|140815612|1585926095|00320898
openmpi-slave4|3850294530797|3850468124811|173594014|1585926095|00352816
openmpi-slave4|3850650396413|3850796343677|145947264|1585926096|00324596
openmpi-slave4|3850963376642|3851111031970|147655328|1585926096|00323205
openmpi-slave4|3851302032860|3851438997177|136964317|1585926096|00327852
openmpi-slave4|3851625572608|3851755571023|129998415|1585926097|00319866
openmpi-slave4|3851945632447|3852094428799|148796352|1585926097|00327829
openmpi-slave4|3852274661976|3852418177799|143515823|1585926097|00340041
openmpi-slave4|3852606226512|3852752829455|146602943|1585926098|00319813
openmpi-slave4|3852936936485|3853070446831|133510346|1585926098|00331851
openmpi-slave4|3853250596376|3853396330707|145734331|1585926098|00315978
openmpi-slave4|3853587146828|3853727493236|140346408|1585926098|00343892
openmpi-slave4|3853944473684|3854082401778|137928094|1585926099|00343749
openmpi-slave4|3854255989282|3854399698362|143709080|1585926099|00327917
openmpi-slave4|3854608907684|3854744202327|135294643|1585926100|00327775
openmpi-slave4|3854927894786|3855073506252|145611466|1585926100|00325825
openmpi-slave4|3855242137303|3855408078034|165940731|1585926100|00341962
openmpi-slave4|3855575589847|3855715579652|139989805|1585926100|00315784
openmpi-slave4|3855910104814|3856044772759|134667945|1585926101|00318766
openmpi-slave4|3856219015650|3856362723778|143708128|1585926101|00329073
openmpi-slave4|3856556492275|3856697504525|141012250|1585926101|00317699
openmpi-slave4|3856862350484|3857020290291|157939807|1585926102|00324701
openmpi-slave4|3857190065691|3857344874149|154808458|1585926102|00333181
openmpi-slave4|3857523036226|3857663227231|140191005|1585926102|00315868
openmpi-slave4|3857838480713|3857983704340|145223627|1585926103|00327838
openmpi-slave4|3858191832563|3858335215784|143383221|1585926103|00351853
openmpi-slave4|3858545999173|3858685898608|139899435|1585926103|00341786
openmpi-slave4|3858869691282|3859013037912|143346630|1585926104|00322936
openmpi-slave4|3859186715071|3859330061471|143346400|1585926104|00321747
openmpi-slave4|3859494663672|3859670470583|175806911|1585926104|00331728
openmpi-slave4|3859846034306|3859997192796|151158490|1585926105|00334280
openmpi-slave4|3860181437644|3860311502590|130064946|1585926105|00320252
openmpi-slave4|3860494104672|3860639655998|145551326|1585926105|00329984
openmpi-slave4|3860834818249|3860989440311|154622062|1585926106|00336403
openmpi-slave4|3861167897498|3861299554743|131657245|1585926106|00327875
openmpi-slave4|3861483262240|3861636314051|153051811|1585926106|00316314
openmpi-slave4|3861817720532|3861951797575|134077043|1585926107|00331043
openmpi-slave4|3862153821936|3862289656229|135834293|1585926107|00332264
openmpi-slave4|3862480405395|3862639201923|158796528|1585926107|00351713
openmpi-slave4|3862813849473|3862943574321|129724848|1585926108|00304894
openmpi-slave4|3863114150158|3863254396684|140246526|1585926108|00310940
openmpi-slave4|3863438176760|3863578563521|140386761|1585926108|00320898
openmpi-slave4|3863775929956|3863924683939|148753983|1585926109|00338781
openmpi-slave4|3864087832112|3864227391144|139559032|1585926109|00312368
openmpi-slave4|3864410055390|3864550305812|140250422|1585926109|00319453
openmpi-slave4|3864733670872|3864888970037|155299165|1585926110|00329084
openmpi-slave4|3865068359340|3865187918548|119559208|1585926110|00314878
openmpi-slave4|3865380342344|3865517137297|136794953|1585926110|00315799
openmpi-slave4|3865694241393|3865830875952|136634559|1585926111|00331872
openmpi-slave4|3866011047374|3866153348428|142301054|1585926111|00303733
openmpi-slave4|3866334839070|3866478302267|143463197|1585926111|00328780
openmpi-slave4|3866650125290|3866797631850|147506560|1585926112|00319090
openmpi-slave4|3866988428523|3867141652164|153223641|1585926112|00343811
openmpi-slave4|3867321224777|3867468288610|147063833|1585926112|00324500
openmpi-slave4|3867638540313|3867783564129|145023816|1585926113|00323763
openmpi-slave4|3867961740848|3868111672380|149931532|1585926113|00319314
openmpi-slave4|3868289727756|3868427567109|137839353|1585926113|00311942
openmpi-slave4|3868590253724|3868748407223|158153499|1585926114|00331831
openmpi-slave4|3868922013174|3869065994558|143981384|1585926114|00309165
openmpi-slave4|3869244169984|3869380933177|136763193|1585926114|00313158
openmpi-slave4|3869566895718|3869720224943|153329225|1585926114|00345313
openmpi-slave4|3869902103794|3870046370263|144266469|1585926115|00323895
openmpi-slave4|3870222605970|3870366997466|144391496|1585926115|00329268
openmpi-slave4|3870553879564|3870710257249|156377685|1585926115|00328883
openmpi-slave4|3870887937689|3871030437995|142500306|1585926116|00333694
openmpi-slave4|3871205626120|3871352944885|147318765|1585926116|00309611
openmpi-slave4|3871522324318|3871655847581|133523263|1585926116|00318978
openmpi-slave4|3871857673269|3871987701316|130028047|1585926117|00332515
openmpi-slave4|3872177237092|3872322342758|145105666|1585926117|00318004
openmpi-slave4|3872490734430|3872639077618|148343188|1585926117|00327912
openmpi-slave4|3872820175340|3872951088550|130913210|1585926118|00315816
openmpi-slave4|3873138246492|3873285565848|147319356|1585926118|00327889
