1585593003-0068-000|8260333879471|8260487733741|153854270|1585593007|03618790
1585593003-0068-000|8260333879471|8260487733741|153854270|1585593007|00002322
1585593003-0068-000|8260333879471|8260487733741|153854270|1585593007|00001310
1585593003-0068-000|8260333879471|8260487733741|153854270|1585593007|00001365
1585593003-0068-000|8260333879471|8260487733741|153854270|1585593007|00001405
1585593003-0068-000|8260333879471|8260487733741|153854270|1585593007|00003859
1585593003-0068-000|8260333879471|8260487733741|153854270|1585593007|00008773
1585593003-0068-000|8260333879471|8260487733741|153854270|1585593007|00003868
1585593003-0068-000|8260333879471|8260487733741|153854270|1585593007|01009532
1585593003-0068-000|8260333879471|8260487733741|153854270|1585593007|00001178
1585593003-0068-000|8260333879471|8260487733741|153854270|1585593007|00001538
1585593003-0068-000|8260333879471|8260487733741|153854270|1585593007|00001488
1585593003-0068-000|8260333879471|8260487733741|153854270|1585593007|00002006
1585593003-0068-000|8260333879471|8260487733741|153854270|1585593007|00001154
1585593003-0068-000|8260333879471|8260487733741|153854270|1585593007|00002145
1585593003-0068-000|8260333879471|8260487733741|153854270|1585593007|00005765
1585593003-0068-000|8260333879471|8260487733741|153854270|1585593007|00002239
1585593003-0068-000|8260333879471|8260487733741|153854270|1585593007|00001755
1585593003-0068-000|8260333879471|8260487733741|153854270|1585593007|00001787
1585593003-0068-000|8260333879471|8260487733741|153854270|1585593007|00005087
1585593003-0068-000|8260333879471|8260487733741|153854270|1585593007|01028689
1585593003-0068-000|8260333879471|8260487733741|153854270|1585593007|00002122
1585593003-0068-000|8260333879471|8260487733741|153854270|1585593007|00001408
1585593003-0068-000|8260333879471|8260487733741|153854270|1585593007|00002558
1585593003-0068-000|8260333879471|8260487733741|153854270|1585593007|00001810
1585593003-0068-000|8260333879471|8260487733741|153854270|1585593007|00002573
1585593003-0068-000|8260333879471|8260487733741|153854270|1585593007|00001459
1585593003-0068-000|8260333879471|8260487733741|153854270|1585593007|00001919
1585593003-0068-000|8260333879471|8260487733741|153854270|1585593007|00003245
1585593003-0068-000|8260333879471|8260487733741|153854270|1585593007|01005396
1585593003-0068-000|8260333879471|8260487733741|153854270|1585593007|00001344
1585593003-0068-000|8260333879471|8260487733741|153854270|1585593007|00001329
1585593003-0068-000|8260333879471|8260487733741|153854270|1585593007|00001655
1585593003-0068-000|8260333879471|8260487733741|153854270|1585593007|00002330
1585593003-0068-000|8260333879471|8260487733741|153854270|1585593007|00001173
1585593003-0068-000|8260333879471|8260487733741|153854270|1585593007|00001665
1585593003-0068-000|8260333879471|8260487733741|153854270|1585593007|00002671
1585593003-0068-000|8260333879471|8260487733741|153854270|1585593007|00001642
1585593003-0068-000|8260333879471|8260487733741|153854270|1585593007|00003559
1585593003-0068-000|8260333879471|8260487733741|153854270|1585593007|00001138
1585593003-0068-000|8260333879471|8260487733741|153854270|1585593007|01005351
1585593003-0068-000|8260333879471|8260487733741|153854270|1585593007|00001456
1585593003-0068-000|8260333879471|8260487733741|153854270|1585593007|00001153
1585593003-0068-000|8260333879471|8260487733741|153854270|1585593007|00001354
1585593003-0068-000|8260333879471|8260487733741|153854270|1585593007|00004345
1585593003-0068-000|8260333879471|8260487733741|153854270|1585593007|00004039
1585593003-0068-000|8260333879471|8260487733741|153854270|1585593007|00004002
1585593003-0068-000|8260333879471|8260487733741|153854270|1585593007|01007888
1585593003-0068-000|8260333879471|8260487733741|153854270|1585593007|01022724
1585593003-0068-000|8260333879471|8260487733741|153854270|1585593007|00001191
1585593003-0068-000|8260333879471|8260487733741|153854270|1585593007|00001461
1585593003-0068-000|8260333879471|8260487733741|153854270|1585593007|00001533
1585593003-0068-000|8260333879471|8260487733741|153854270|1585593007|00001774
1585593003-0068-000|8260333879471|8260487733741|153854270|1585593007|00003911
1585593003-0068-000|8260333879471|8260487733741|153854270|1585593007|00001568
1585593003-0068-000|8260333879471|8260487733741|153854270|1585593007|00002239
1585593003-0068-000|8260333879471|8260487733741|153854270|1585593007|00001416
1585593003-0068-000|8260333879471|8260487733741|153854270|1585593007|00002123
1585593003-0068-000|8260333879471|8260487733741|153854270|1585593007|07220166
1585593003-0068-000|8260333879471|8260487733741|153854270|1585593007|00002852
1585593003-0068-000|8260333879471|8260487733741|153854270|1585593007|00004078
1585593003-0068-000|8260333879471|8260487733741|153854270|1585593007|00001474
1585593003-0068-000|8260333879471|8260487733741|153854270|1585593007|00001792
1585593003-0068-000|8260333879471|8260487733741|153854270|1585593007|00003956
1585593003-0068-000|8260333879471|8260487733741|153854270|1585593007|00001372
1585593003-0068-000|8260333879471|8260487733741|153854270|1585593007|00002675
1585593003-0068-000|8260333879471|8260487733741|153854270|1585593007|00001462
1585593003-0068-000|8260333879471|8260487733741|153854270|1585593007|00002195
1585593003-0068-000|8260333879471|8260487733741|153854270|1585593007|00005640
1585593003-0068-000|8274043788239|8274115330206|71541967|1585593021|01020858
1585593003-0068-000|8274043788239|8274115330206|71541967|1585593021|00001234
1585593003-0068-000|8274043788239|8274115330206|71541967|1585593021|00001293
1585593003-0068-000|8274043788239|8274115330206|71541967|1585593021|00001276
1585593003-0068-000|8274043788239|8274115330206|71541967|1585593021|00001175
1585593003-0068-000|8274043788239|8274115330206|71541967|1585593021|00001423
1585593003-0068-000|8274043788239|8274115330206|71541967|1585593021|00001473
1585593003-0068-000|8274043788239|8274115330206|71541967|1585593021|00001206
1585593003-0068-000|8274043788239|8274115330206|71541967|1585593021|00001062
1585593003-0068-000|8274043788239|8274115330206|71541967|1585593021|00001039
1585593003-0068-000|8274043788239|8274115330206|71541967|1585593021|00001163
1585593003-0068-000|8274043788239|8274115330206|71541967|1585593021|00001049
1585593003-0068-000|8274043788239|8274115330206|71541967|1585593021|00001002
1585593003-0068-000|8274043788239|8274115330206|71541967|1585593021|00001739
1585593003-0068-000|8274043788239|8274115330206|71541967|1585593021|00001037
1585593003-0068-000|8274043788239|8274115330206|71541967|1585593021|00001026
1585593003-0068-000|8274043788239|8274115330206|71541967|1585593021|00001024
1585593003-0068-000|8274043788239|8274115330206|71541967|1585593021|00001042
1585593003-0068-000|8274043788239|8274115330206|71541967|1585593021|00000982
1585593003-0068-000|8274043788239|8274115330206|71541967|1585593021|00001090
1585593003-0068-000|8274043788239|8274115330206|71541967|1585593021|00001195
1585593003-0068-000|8274043788239|8274115330206|71541967|1585593021|00001210
1585593003-0068-000|8274043788239|8274115330206|71541967|1585593021|03045542
1585593003-0068-000|8274043788239|8274115330206|71541967|1585593021|00001062
1585593003-0068-000|8274043788239|8274115330206|71541967|1585593021|00001323
1585593003-0068-000|8274043788239|8274115330206|71541967|1585593021|00001016
1585593003-0068-000|8274043788239|8274115330206|71541967|1585593021|00001624
1585593003-0068-000|8274043788239|8274115330206|71541967|1585593021|00001135
1585593003-0068-000|8274043788239|8274115330206|71541967|1585593021|00001204
1585593003-0068-000|8274043788239|8274115330206|71541967|1585593021|00001223
1585593003-0068-000|8274043788239|8274115330206|71541967|1585593021|00001216
