1585593003-0072-000|8259319920205|8259445555632|125635427|1585593006|02588830
1585593003-0072-000|8259319920205|8259445555632|125635427|1585593006|00001373
1585593003-0072-000|8259319920205|8259445555632|125635427|1585593006|00001674
1585593003-0072-000|8259319920205|8259445555632|125635427|1585593006|00001232
1585593003-0072-000|8259319920205|8259445555632|125635427|1585593006|00001195
1585593003-0072-000|8259319920205|8259445555632|125635427|1585593006|00001293
1585593003-0072-000|8259319920205|8259445555632|125635427|1585593006|00001242
1585593003-0072-000|8259319920205|8259445555632|125635427|1585593006|00001272
1585593003-0072-000|8259319920205|8259445555632|125635427|1585593006|00001376
1585593003-0072-000|8259319920205|8259445555632|125635427|1585593006|00001268
1585593003-0072-000|8259319920205|8259445555632|125635427|1585593006|00001144
1585593003-0072-000|8259319920205|8259445555632|125635427|1585593006|00001208
1585593003-0072-000|8259319920205|8259445555632|125635427|1585593006|00001128
1585593003-0072-000|8259319920205|8259445555632|125635427|1585593006|00001578
1585593003-0072-000|8259319920205|8259445555632|125635427|1585593006|00001252
1585593003-0072-000|8259319920205|8259445555632|125635427|1585593006|00001536
1585593003-0072-000|8259319920205|8259445555632|125635427|1585593006|00001815
1585593003-0072-000|8259319920205|8259445555632|125635427|1585593006|00001353
1585593003-0072-000|8259319920205|8259445555632|125635427|1585593006|00001426
1585593003-0072-000|8259319920205|8259445555632|125635427|1585593006|00001109
1585593003-0072-000|8259319920205|8259445555632|125635427|1585593006|00001437
1585593003-0072-000|8259319920205|8259445555632|125635427|1585593006|00001770
1585593003-0072-000|8259319920205|8259445555632|125635427|1585593006|00001437
1585593003-0072-000|8259319920205|8259445555632|125635427|1585593006|00003499
1585593003-0072-000|8259319920205|8259445555632|125635427|1585593006|00004231
1585593003-0072-000|8259319920205|8259445555632|125635427|1585593006|00001511
1585593003-0072-000|8259319920205|8259445555632|125635427|1585593006|01029728
1585593003-0072-000|8259319920205|8259445555632|125635427|1585593006|01028685
1585593003-0072-000|8259319920205|8259445555632|125635427|1585593006|00001803
1585593003-0072-000|8259319920205|8259445555632|125635427|1585593006|00002686
1585593003-0072-000|8259319920205|8259445555632|125635427|1585593006|00002048
1585593003-0072-000|8259319920205|8259445555632|125635427|1585593006|00001985
1585593003-0072-000|8259319920205|8259445555632|125635427|1585593006|01013422
1585593003-0072-000|8259319920205|8259445555632|125635427|1585593006|00001257
1585593003-0072-000|8259319920205|8259445555632|125635427|1585593006|00001254
1585593003-0072-000|8259319920205|8259445555632|125635427|1585593006|00001244
1585593003-0072-000|8259319920205|8259445555632|125635427|1585593006|00001064
1585593003-0072-000|8259319920205|8259445555632|125635427|1585593006|00001292
1585593003-0072-000|8259319920205|8259445555632|125635427|1585593006|00001601
1585593003-0072-000|8259319920205|8259445555632|125635427|1585593006|00001406
1585593003-0072-000|8259319920205|8259445555632|125635427|1585593006|00001223
1585593003-0072-000|8259319920205|8259445555632|125635427|1585593006|00001199
1585593003-0072-000|8259319920205|8259445555632|125635427|1585593006|00001029
1585593003-0072-000|8259319920205|8259445555632|125635427|1585593006|00002112
1585593003-0072-000|8259319920205|8259445555632|125635427|1585593006|00004116
1585593003-0072-000|8259319920205|8259445555632|125635427|1585593006|00001693
1585593003-0072-000|8259319920205|8259445555632|125635427|1585593006|00001336
1585593003-0072-000|8259319920205|8259445555632|125635427|1585593006|00003498
1585593003-0072-000|8259319920205|8259445555632|125635427|1585593006|00001584
1585593003-0072-000|8259319920205|8259445555632|125635427|1585593006|00002146
1585593003-0072-000|8259319920205|8259445555632|125635427|1585593006|00002127
1585593003-0072-000|8259319920205|8259445555632|125635427|1585593006|01019203
1585593003-0072-000|8259319920205|8259445555632|125635427|1585593006|00004226
1585593003-0072-000|8259319920205|8259445555632|125635427|1585593006|00002693
1585593003-0072-000|8259319920205|8259445555632|125635427|1585593006|01018237
1585593003-0072-000|8259319920205|8259445555632|125635427|1585593006|00002118
1585593003-0072-000|8259319920205|8259445555632|125635427|1585593006|07136460
1585593003-0072-000|8259319920205|8259445555632|125635427|1585593006|00001288
1585593003-0072-000|8259319920205|8259445555632|125635427|1585593006|00001170
1585593003-0072-000|8259319920205|8259445555632|125635427|1585593006|00001281
1585593003-0072-000|8259319920205|8259445555632|125635427|1585593006|00001264
1585593003-0072-000|8259319920205|8259445555632|125635427|1585593006|00000973
1585593003-0072-000|8259319920205|8259445555632|125635427|1585593006|00001182
1585593003-0072-000|8259319920205|8259445555632|125635427|1585593006|00001122
1585593003-0072-000|8259319920205|8259445555632|125635427|1585593006|00001100
1585593003-0072-000|8259319920205|8259445555632|125635427|1585593006|00001240
1585593003-0072-000|8259319920205|8259445555632|125635427|1585593006|00001220
1585593003-0072-000|8259319920205|8259445555632|125635427|1585593006|00001277
1585593003-0072-000|8259319920205|8259445555632|125635427|1585593006|00001226
1585593003-0072-000|8259319920205|8259445555632|125635427|1585593006|00001264
1585593003-0072-000|8259319920205|8259445555632|125635427|1585593006|00001063
1585593003-0072-000|8259319920205|8259445555632|125635427|1585593006|00001188
1585593003-0072-000|8259319920205|8259445555632|125635427|1585593006|00001210
1585593003-0072-000|8259319920205|8259445555632|125635427|1585593006|00001147
1585593003-0072-000|8259319920205|8259445555632|125635427|1585593006|00001212
1585593003-0072-000|8259319920205|8259445555632|125635427|1585593006|00001138
1585593003-0072-000|8259319920205|8259445555632|125635427|1585593006|00001215
1585593003-0072-000|8259319920205|8259445555632|125635427|1585593006|00001077
1585593003-0072-000|8259319920205|8259445555632|125635427|1585593006|00001113
1585593003-0072-000|8259319920205|8259445555632|125635427|1585593006|00001246
1585593003-0072-000|8259319920205|8259445555632|125635427|1585593006|00001133
1585593003-0072-000|8271788540137|8271819285184|30745047|1585593018|00001306
1585593003-0072-000|8271788540137|8271819285184|30745047|1585593018|00001442
1585593003-0072-000|8271788540137|8271819285184|30745047|1585593018|00001215
1585593003-0072-000|8271788540137|8271819285184|30745047|1585593018|00001233
1585593003-0072-000|8271788540137|8271819285184|30745047|1585593018|00001068
1585593003-0072-000|8271788540137|8271819285184|30745047|1585593018|00001196
1585593003-0072-000|8271788540137|8271819285184|30745047|1585593018|00001285
1585593003-0072-000|8271788540137|8271819285184|30745047|1585593018|00001140
1585593003-0072-000|8271788540137|8271819285184|30745047|1585593018|00001304
1585593003-0072-000|8271788540137|8271819285184|30745047|1585593018|00001196
1585593003-0072-000|8271788540137|8271819285184|30745047|1585593018|00001208
1585593003-0072-000|8271788540137|8271819285184|30745047|1585593018|00001216
1585593003-0072-000|8271788540137|8271819285184|30745047|1585593018|00001199
1585593003-0072-000|8271788540137|8271819285184|30745047|1585593018|00001136
1585593003-0072-000|8271788540137|8271819285184|30745047|1585593018|00001207
1585593003-0072-000|8271788540137|8271819285184|30745047|1585593018|00006574
1585593003-0072-000|8271788540137|8271819285184|30745047|1585593018|00001173
1585593003-0072-000|8271788540137|8271819285184|30745047|1585593018|00001185
1585593003-0072-000|8271788540137|8271819285184|30745047|1585593018|00001127
