1585593003-0020-000|8257038782072|8257156953146|118171074|1585593004|00372959
1585593003-0020-000|8257038782072|8257156953146|118171074|1585593004|00001239
1585593003-0020-000|8257038782072|8257156953146|118171074|1585593004|00001045
1585593003-0020-000|8257038782072|8257156953146|118171074|1585593004|00001057
1585593003-0020-000|8257038782072|8257156953146|118171074|1585593004|00001130
1585593003-0020-000|8257038782072|8257156953146|118171074|1585593004|00001148
1585593003-0020-000|8257038782072|8257156953146|118171074|1585593004|00001144
1585593003-0020-000|8257038782072|8257156953146|118171074|1585593004|00001178
1585593003-0020-000|8257038782072|8257156953146|118171074|1585593004|00001100
1585593003-0020-000|8257038782072|8257156953146|118171074|1585593004|00001439
1585593003-0020-000|8257038782072|8257156953146|118171074|1585593004|00001234
1585593003-0020-000|8257038782072|8257156953146|118171074|1585593004|00001172
1585593003-0020-000|8257038782072|8257156953146|118171074|1585593004|00001601
1585593003-0020-000|8257038782072|8257156953146|118171074|1585593004|00001201
1585593003-0020-000|8257038782072|8257156953146|118171074|1585593004|00001329
1585593003-0020-000|8257038782072|8257156953146|118171074|1585593004|00001112
1585593003-0020-000|8257038782072|8257156953146|118171074|1585593004|00001016
1585593003-0020-000|8257038782072|8257156953146|118171074|1585593004|00001018
1585593003-0020-000|8257038782072|8257156953146|118171074|1585593004|00001414
1585593003-0020-000|8257038782072|8257156953146|118171074|1585593004|00001545
1585593003-0020-000|8257038782072|8257156953146|118171074|1585593004|00001281
1585593003-0020-000|8257038782072|8257156953146|118171074|1585593004|00001217
1585593003-0020-000|8257038782072|8257156953146|118171074|1585593004|00001317
1585593003-0020-000|8257038782072|8257156953146|118171074|1585593004|00001297
1585593003-0020-000|8257038782072|8257156953146|118171074|1585593004|00001251
1585593003-0020-000|8257038782072|8257156953146|118171074|1585593004|00001290
1585593003-0020-000|8257038782072|8257156953146|118171074|1585593004|00001124
1585593003-0020-000|8257038782072|8257156953146|118171074|1585593004|00001119
1585593003-0020-000|8257038782072|8257156953146|118171074|1585593004|00001345
1585593003-0020-000|8257038782072|8257156953146|118171074|1585593004|00001189
1585593003-0020-000|8257038782072|8257156953146|118171074|1585593004|00001079
1585593003-0020-000|8257038782072|8257156953146|118171074|1585593004|00001511
1585593003-0020-000|8257038782072|8257156953146|118171074|1585593004|00001221
1585593003-0020-000|8257038782072|8257156953146|118171074|1585593004|00001349
1585593003-0020-000|8257038782072|8257156953146|118171074|1585593004|00001157
1585593003-0020-000|8257038782072|8257156953146|118171074|1585593004|00001059
1585593003-0020-000|8257038782072|8257156953146|118171074|1585593004|00002026
1585593003-0020-000|8257038782072|8257156953146|118171074|1585593004|00001091
1585593003-0020-000|8257038782072|8257156953146|118171074|1585593004|00000972
1585593003-0020-000|8257038782072|8257156953146|118171074|1585593004|00001141
1585593003-0020-000|8257038782072|8257156953146|118171074|1585593004|00001196
1585593003-0020-000|8257038782072|8257156953146|118171074|1585593004|00001337
1585593003-0020-000|8257038782072|8257156953146|118171074|1585593004|00001199
1585593003-0020-000|8257038782072|8257156953146|118171074|1585593004|00001720
1585593003-0020-000|8257038782072|8257156953146|118171074|1585593004|00001193
1585593003-0020-000|8257038782072|8257156953146|118171074|1585593004|01008075
1585593003-0020-000|8257038782072|8257156953146|118171074|1585593004|00001769
1585593003-0020-000|8257038782072|8257156953146|118171074|1585593004|00001606
1585593003-0020-000|8257038782072|8257156953146|118171074|1585593004|00001983
1585593003-0020-000|8257038782072|8257156953146|118171074|1585593004|00001584
1585593003-0020-000|8257038782072|8257156953146|118171074|1585593004|00001619
1585593003-0020-000|8257038782072|8257156953146|118171074|1585593004|00001608
1585593003-0020-000|8257038782072|8257156953146|118171074|1585593004|00001483
1585593003-0020-000|8257038782072|8257156953146|118171074|1585593004|00001221
1585593003-0020-000|8257038782072|8257156953146|118171074|1585593004|00001826
1585593003-0020-000|8257038782072|8257156953146|118171074|1585593004|00004956
1585593003-0020-000|8257038782072|8257156953146|118171074|1585593004|00001431
1585593003-0020-000|8257038782072|8257156953146|118171074|1585593004|00001287
1585593003-0020-000|8257038782072|8257156953146|118171074|1585593004|00002089
1585593003-0020-000|8257038782072|8257156953146|118171074|1585593004|00001424
1585593003-0020-000|8257038782072|8257156953146|118171074|1585593004|00001526
1585593003-0020-000|8257038782072|8257156953146|118171074|1585593004|00001626
1585593003-0020-000|8257038782072|8257156953146|118171074|1585593004|00001916
1585593003-0020-000|8257038782072|8257156953146|118171074|1585593004|00004070
1585593003-0020-000|8257038782072|8257156953146|118171074|1585593004|01018913
1585593003-0020-000|8257038782072|8257156953146|118171074|1585593004|00001435
1585593003-0020-000|8257038782072|8257156953146|118171074|1585593004|00001379
1585593003-0020-000|8257038782072|8257156953146|118171074|1585593004|00001467
1585593003-0020-000|8257038782072|8257156953146|118171074|1585593004|00002018
1585593003-0020-000|8257038782072|8257156953146|118171074|1585593004|01016725
1585593003-0020-000|8257038782072|8257156953146|118171074|1585593004|00001256
1585593003-0020-000|8257038782072|8257156953146|118171074|1585593004|00001348
1585593003-0020-000|8257038782072|8257156953146|118171074|1585593004|00001275
1585593003-0020-000|8257038782072|8257156953146|118171074|1585593004|00001328
1585593003-0020-000|8257038782072|8257156953146|118171074|1585593004|00001216
1585593003-0020-000|8257038782072|8257156953146|118171074|1585593004|00002212
1585593003-0020-000|8257038782072|8257156953146|118171074|1585593004|00003912
1585593003-0020-000|8257038782072|8257156953146|118171074|1585593004|00001633
1585593003-0020-000|8257038782072|8257156953146|118171074|1585593004|00002091
1585593003-0020-000|8257038782072|8257156953146|118171074|1585593004|00001619
1585593003-0020-000|8257038782072|8257156953146|118171074|1585593004|00001805
1585593003-0020-000|8257038782072|8257156953146|118171074|1585593004|00004763
1585593003-0020-000|8257038782072|8257156953146|118171074|1585593004|00001672
1585593003-0020-000|8257038782072|8257156953146|118171074|1585593004|00001476
1585593003-0020-000|8257038782072|8257156953146|118171074|1585593004|00005105
1585593003-0020-000|8257038782072|8257156953146|118171074|1585593004|00002890
1585593003-0020-000|8257038782072|8257156953146|118171074|1585593004|03035597
1585593003-0020-000|8257038782072|8257156953146|118171074|1585593004|00003965
1585593003-0020-000|8257038782072|8257156953146|118171074|1585593004|00001680
1585593003-0020-000|8257038782072|8257156953146|118171074|1585593004|00004670
1585593003-0020-000|8257038782072|8257156953146|118171074|1585593004|00002668
1585593003-0020-000|8257038782072|8257156953146|118171074|1585593004|01009828
1585593003-0020-000|8257038782072|8257156953146|118171074|1585593004|00001493
1585593003-0020-000|8257038782072|8257156953146|118171074|1585593004|00001404
1585593003-0020-000|8257038782072|8257156953146|118171074|1585593004|00001455
1585593003-0020-000|8257038782072|8257156953146|118171074|1585593004|00001307
1585593003-0020-000|8257038782072|8257156953146|118171074|1585593004|00001420
1585593003-0020-000|8257038782072|8257156953146|118171074|1585593004|00001290
1585593003-0020-000|8257038782072|8257156953146|118171074|1585593004|00001145
1585593003-0020-000|8257038782072|8257156953146|118171074|1585593004|00001339
