1585593003-0088-000|8260292994098|8260458661658|165667560|1585593007|03593388
1585593003-0088-000|8260292994098|8260458661658|165667560|1585593007|00001184
1585593003-0088-000|8260292994098|8260458661658|165667560|1585593007|00001120
1585593003-0088-000|8260292994098|8260458661658|165667560|1585593007|00001072
1585593003-0088-000|8260292994098|8260458661658|165667560|1585593007|00000996
1585593003-0088-000|8260292994098|8260458661658|165667560|1585593007|00001248
1585593003-0088-000|8260292994098|8260458661658|165667560|1585593007|00001215
1585593003-0088-000|8260292994098|8260458661658|165667560|1585593007|00001019
1585593003-0088-000|8260292994098|8260458661658|165667560|1585593007|00000977
1585593003-0088-000|8260292994098|8260458661658|165667560|1585593007|00001082
1585593003-0088-000|8260292994098|8260458661658|165667560|1585593007|00001236
1585593003-0088-000|8260292994098|8260458661658|165667560|1585593007|00001035
1585593003-0088-000|8260292994098|8260458661658|165667560|1585593007|00001132
1585593003-0088-000|8260292994098|8260458661658|165667560|1585593007|00001502
1585593003-0088-000|8260292994098|8260458661658|165667560|1585593007|00001206
1585593003-0088-000|8260292994098|8260458661658|165667560|1585593007|00001109
1585593003-0088-000|8260292994098|8260458661658|165667560|1585593007|00001137
1585593003-0088-000|8260292994098|8260458661658|165667560|1585593007|00001446
1585593003-0088-000|8260292994098|8260458661658|165667560|1585593007|00002914
1585593003-0088-000|8260292994098|8260458661658|165667560|1585593007|00001596
1585593003-0088-000|8260292994098|8260458661658|165667560|1585593007|00001571
1585593003-0088-000|8260292994098|8260458661658|165667560|1585593007|00001231
1585593003-0088-000|8260292994098|8260458661658|165667560|1585593007|00003338
1585593003-0088-000|8260292994098|8260458661658|165667560|1585593007|00003453
1585593003-0088-000|8260292994098|8260458661658|165667560|1585593007|00004484
1585593003-0088-000|8260292994098|8260458661658|165667560|1585593007|00007590
1585593003-0088-000|8260292994098|8260458661658|165667560|1585593007|01007987
1585593003-0088-000|8260292994098|8260458661658|165667560|1585593007|00001515
1585593003-0088-000|8260292994098|8260458661658|165667560|1585593007|00001522
1585593003-0088-000|8260292994098|8260458661658|165667560|1585593007|00003397
1585593003-0088-000|8260292994098|8260458661658|165667560|1585593007|00007313
1585593003-0088-000|8260292994098|8260458661658|165667560|1585593007|00002237
1585593003-0088-000|8260292994098|8260458661658|165667560|1585593007|00002374
1585593003-0088-000|8260292994098|8260458661658|165667560|1585593007|00001915
1585593003-0088-000|8260292994098|8260458661658|165667560|1585593007|00002028
1585593003-0088-000|8260292994098|8260458661658|165667560|1585593007|00001913
1585593003-0088-000|8260292994098|8260458661658|165667560|1585593007|01049897
1585593003-0088-000|8260292994098|8260458661658|165667560|1585593007|01003165
1585593003-0088-000|8260292994098|8260458661658|165667560|1585593007|00001709
1585593003-0088-000|8260292994098|8260458661658|165667560|1585593007|00001658
1585593003-0088-000|8260292994098|8260458661658|165667560|1585593007|00002472
1585593003-0088-000|8260292994098|8260458661658|165667560|1585593007|00002676
1585593003-0088-000|8260292994098|8260458661658|165667560|1585593007|00001898
1585593003-0088-000|8260292994098|8260458661658|165667560|1585593007|00002420
1585593003-0088-000|8260292994098|8260458661658|165667560|1585593007|00004251
1585593003-0088-000|8260292994098|8260458661658|165667560|1585593007|00001105
1585593003-0088-000|8260292994098|8260458661658|165667560|1585593007|01005388
1585593003-0088-000|8260292994098|8260458661658|165667560|1585593007|00001388
1585593003-0088-000|8260292994098|8260458661658|165667560|1585593007|00001515
1585593003-0088-000|8260292994098|8260458661658|165667560|1585593007|00004759
1585593003-0088-000|8260292994098|8260458661658|165667560|1585593007|00002424
1585593003-0088-000|8260292994098|8260458661658|165667560|1585593007|00003342
1585593003-0088-000|8260292994098|8260458661658|165667560|1585593007|00003135
1585593003-0088-000|8260292994098|8260458661658|165667560|1585593007|01006467
1585593003-0088-000|8260292994098|8260458661658|165667560|1585593007|01023730
1585593003-0088-000|8260292994098|8260458661658|165667560|1585593007|00001851
1585593003-0088-000|8260292994098|8260458661658|165667560|1585593007|00001260
1585593003-0088-000|8260292994098|8260458661658|165667560|1585593007|00001943
1585593003-0088-000|8260292994098|8260458661658|165667560|1585593007|00002962
1585593003-0088-000|8260292994098|8260458661658|165667560|1585593007|00001187
1585593003-0088-000|8260292994098|8260458661658|165667560|1585593007|00001435
1585593003-0088-000|8260292994098|8260458661658|165667560|1585593007|00008478
1585593003-0088-000|8260292994098|8260458661658|165667560|1585593007|07217775
1585593003-0088-000|8260292994098|8260458661658|165667560|1585593007|00004135
1585593003-0088-000|8260292994098|8260458661658|165667560|1585593007|00003063
1585593003-0088-000|8260292994098|8260458661658|165667560|1585593007|00001669
1585593003-0088-000|8260292994098|8260458661658|165667560|1585593007|00001855
1585593003-0088-000|8260292994098|8260458661658|165667560|1585593007|00003799
1585593003-0088-000|8260292994098|8260458661658|165667560|1585593007|00001031
1585593003-0088-000|8260292994098|8260458661658|165667560|1585593007|00002585
1585593003-0088-000|8260292994098|8260458661658|165667560|1585593007|00004397
1585593003-0088-000|8260292994098|8260458661658|165667560|1585593007|00003738
1585593003-0088-000|8274039915380|8274116709585|76794205|1585593021|01026243
1585593003-0088-000|8274039915380|8274116709585|76794205|1585593021|00001054
1585593003-0088-000|8274039915380|8274116709585|76794205|1585593021|00001897
1585593003-0088-000|8274039915380|8274116709585|76794205|1585593021|00001273
1585593003-0088-000|8274039915380|8274116709585|76794205|1585593021|00001212
1585593003-0088-000|8274039915380|8274116709585|76794205|1585593021|00001169
1585593003-0088-000|8274039915380|8274116709585|76794205|1585593021|00001739
1585593003-0088-000|8274039915380|8274116709585|76794205|1585593021|00001106
1585593003-0088-000|8274039915380|8274116709585|76794205|1585593021|00001529
1585593003-0088-000|8274039915380|8274116709585|76794205|1585593021|00001097
1585593003-0088-000|8274039915380|8274116709585|76794205|1585593021|00001019
1585593003-0088-000|8274039915380|8274116709585|76794205|1585593021|00001084
1585593003-0088-000|8274039915380|8274116709585|76794205|1585593021|00001074
1585593003-0088-000|8274039915380|8274116709585|76794205|1585593021|00001755
1585593003-0088-000|8274039915380|8274116709585|76794205|1585593021|00001273
1585593003-0088-000|8274039915380|8274116709585|76794205|1585593021|00001251
1585593003-0088-000|8274039915380|8274116709585|76794205|1585593021|00001250
1585593003-0088-000|8274039915380|8274116709585|76794205|1585593021|03044913
1585593003-0088-000|8274039915380|8274116709585|76794205|1585593021|00001160
1585593003-0088-000|8274039915380|8274116709585|76794205|1585593021|00001041
1585593003-0088-000|8274039915380|8274116709585|76794205|1585593021|00006107
1585593003-0088-000|8274039915380|8274116709585|76794205|1585593021|00001305
1585593003-0088-000|8274039915380|8274116709585|76794205|1585593021|00000926
1585593003-0088-000|8274039915380|8274116709585|76794205|1585593021|00001160
1585593003-0088-000|8274039915380|8274116709585|76794205|1585593021|00000949
1585593003-0088-000|8274039915380|8274116709585|76794205|1585593021|00001127
1585593003-0088-000|8274039915380|8274116709585|76794205|1585593021|00001153
1585593003-0088-000|8274039915380|8274116709585|76794205|1585593021|00001160
