1585593003-0056-000|8259323648470|8259448934591|125286121|1585593006|02590039
1585593003-0056-000|8259323648470|8259448934591|125286121|1585593006|00001509
1585593003-0056-000|8259323648470|8259448934591|125286121|1585593006|00001188
1585593003-0056-000|8259323648470|8259448934591|125286121|1585593006|00001268
1585593003-0056-000|8259323648470|8259448934591|125286121|1585593006|00001366
1585593003-0056-000|8259323648470|8259448934591|125286121|1585593006|00001328
1585593003-0056-000|8259323648470|8259448934591|125286121|1585593006|00001305
1585593003-0056-000|8259323648470|8259448934591|125286121|1585593006|00001304
1585593003-0056-000|8259323648470|8259448934591|125286121|1585593006|00001142
1585593003-0056-000|8259323648470|8259448934591|125286121|1585593006|00001366
1585593003-0056-000|8259323648470|8259448934591|125286121|1585593006|00001173
1585593003-0056-000|8259323648470|8259448934591|125286121|1585593006|00001180
1585593003-0056-000|8259323648470|8259448934591|125286121|1585593006|00001189
1585593003-0056-000|8259323648470|8259448934591|125286121|1585593006|00001262
1585593003-0056-000|8259323648470|8259448934591|125286121|1585593006|00001061
1585593003-0056-000|8259323648470|8259448934591|125286121|1585593006|00001375
1585593003-0056-000|8259323648470|8259448934591|125286121|1585593006|00001224
1585593003-0056-000|8259323648470|8259448934591|125286121|1585593006|00001335
1585593003-0056-000|8259323648470|8259448934591|125286121|1585593006|00001467
1585593003-0056-000|8259323648470|8259448934591|125286121|1585593006|00001144
1585593003-0056-000|8259323648470|8259448934591|125286121|1585593006|00001265
1585593003-0056-000|8259323648470|8259448934591|125286121|1585593006|00001049
1585593003-0056-000|8259323648470|8259448934591|125286121|1585593006|00001228
1585593003-0056-000|8259323648470|8259448934591|125286121|1585593006|00001388
1585593003-0056-000|8259323648470|8259448934591|125286121|1585593006|00001733
1585593003-0056-000|8259323648470|8259448934591|125286121|1585593006|00003550
1585593003-0056-000|8259323648470|8259448934591|125286121|1585593006|00002469
1585593003-0056-000|8259323648470|8259448934591|125286121|1585593006|00001536
1585593003-0056-000|8259323648470|8259448934591|125286121|1585593006|01025301
1585593003-0056-000|8259323648470|8259448934591|125286121|1585593006|00002486
1585593003-0056-000|8259323648470|8259448934591|125286121|1585593006|00003774
1585593003-0056-000|8259323648470|8259448934591|125286121|1585593006|01011404
1585593003-0056-000|8259323648470|8259448934591|125286121|1585593006|00003139
1585593003-0056-000|8259323648470|8259448934591|125286121|1585593006|00001846
1585593003-0056-000|8259323648470|8259448934591|125286121|1585593006|00002545
1585593003-0056-000|8259323648470|8259448934591|125286121|1585593006|00001264
1585593003-0056-000|8259323648470|8259448934591|125286121|1585593006|00001453
1585593003-0056-000|8259323648470|8259448934591|125286121|1585593006|00002898
1585593003-0056-000|8259323648470|8259448934591|125286121|1585593006|00001756
1585593003-0056-000|8259323648470|8259448934591|125286121|1585593006|00001556
1585593003-0056-000|8259323648470|8259448934591|125286121|1585593006|00002102
1585593003-0056-000|8259323648470|8259448934591|125286121|1585593006|00001719
1585593003-0056-000|8259323648470|8259448934591|125286121|1585593006|00001924
1585593003-0056-000|8259323648470|8259448934591|125286121|1585593006|01032756
1585593003-0056-000|8259323648470|8259448934591|125286121|1585593006|00001433
1585593003-0056-000|8259323648470|8259448934591|125286121|1585593006|00001617
1585593003-0056-000|8259323648470|8259448934591|125286121|1585593006|00001480
1585593003-0056-000|8259323648470|8259448934591|125286121|1585593006|00002420
1585593003-0056-000|8259323648470|8259448934591|125286121|1585593006|00002392
1585593003-0056-000|8259323648470|8259448934591|125286121|1585593006|00002160
1585593003-0056-000|8259323648470|8259448934591|125286121|1585593006|00001930
1585593003-0056-000|8259323648470|8259448934591|125286121|1585593006|01009690
1585593003-0056-000|8259323648470|8259448934591|125286121|1585593006|00001288
1585593003-0056-000|8259323648470|8259448934591|125286121|1585593006|00004920
1585593003-0056-000|8259323648470|8259448934591|125286121|1585593006|00001401
1585593003-0056-000|8259323648470|8259448934591|125286121|1585593006|00002879
1585593003-0056-000|8259323648470|8259448934591|125286121|1585593006|00002446
1585593003-0056-000|8259323648470|8259448934591|125286121|1585593006|00001814
1585593003-0056-000|8259323648470|8259448934591|125286121|1585593006|01015998
1585593003-0056-000|8259323648470|8259448934591|125286121|1585593006|00002053
1585593003-0056-000|8259323648470|8259448934591|125286121|1585593006|00002311
1585593003-0056-000|8259323648470|8259448934591|125286121|1585593006|07187775
1585593003-0056-000|8259323648470|8259448934591|125286121|1585593006|00004640
1585593003-0056-000|8259323648470|8259448934591|125286121|1585593006|00001493
1585593003-0056-000|8259323648470|8259448934591|125286121|1585593006|00001178
1585593003-0056-000|8259323648470|8259448934591|125286121|1585593006|00001210
1585593003-0056-000|8259323648470|8259448934591|125286121|1585593006|00001136
1585593003-0056-000|8259323648470|8259448934591|125286121|1585593006|00001043
1585593003-0056-000|8259323648470|8259448934591|125286121|1585593006|00001304
1585593003-0056-000|8259323648470|8259448934591|125286121|1585593006|00001101
1585593003-0056-000|8259323648470|8259448934591|125286121|1585593006|00001074
1585593003-0056-000|8259323648470|8259448934591|125286121|1585593006|00001457
1585593003-0056-000|8259323648470|8259448934591|125286121|1585593006|00001083
1585593003-0056-000|8259323648470|8259448934591|125286121|1585593006|00001164
1585593003-0056-000|8259323648470|8259448934591|125286121|1585593006|00001109
1585593003-0056-000|8259323648470|8259448934591|125286121|1585593006|00001092
1585593003-0056-000|8259323648470|8259448934591|125286121|1585593006|00000877
1585593003-0056-000|8259323648470|8259448934591|125286121|1585593006|00000816
1585593003-0056-000|8259323648470|8259448934591|125286121|1585593006|00001567
1585593003-0056-000|8259323648470|8259448934591|125286121|1585593006|00001051
1585593003-0056-000|8259323648470|8259448934591|125286121|1585593006|00001187
1585593003-0056-000|8259323648470|8259448934591|125286121|1585593006|00000960
1585593003-0056-000|8259323648470|8259448934591|125286121|1585593006|00001198
1585593003-0056-000|8259323648470|8259448934591|125286121|1585593006|00001103
1585593003-0056-000|8259323648470|8259448934591|125286121|1585593006|00000926
1585593003-0056-000|8271858353805|8271940402794|82048989|1585593018|07137262
1585593003-0056-000|8271858353805|8271940402794|82048989|1585593018|00001192
1585593003-0056-000|8271858353805|8271940402794|82048989|1585593018|00001111
1585593003-0056-000|8271858353805|8271940402794|82048989|1585593018|00001147
1585593003-0056-000|8271858353805|8271940402794|82048989|1585593018|00001275
1585593003-0056-000|8271858353805|8271940402794|82048989|1585593018|00001014
1585593003-0056-000|8271858353805|8271940402794|82048989|1585593018|00000976
1585593003-0056-000|8271858353805|8271940402794|82048989|1585593018|01015861
1585593003-0056-000|8271858353805|8271940402794|82048989|1585593018|00001298
1585593003-0056-000|8271858353805|8271940402794|82048989|1585593018|00001110
1585593003-0056-000|8271858353805|8271940402794|82048989|1585593018|00001098
1585593003-0056-000|8271858353805|8271940402794|82048989|1585593018|00001110
1585593003-0056-000|8271858353805|8271940402794|82048989|1585593018|00001088
1585593003-0056-000|8271858353805|8271940402794|82048989|1585593018|00001102
1585593003-0056-000|8271858353805|8271940402794|82048989|1585593018|00001258
