openmpi-slave1|4109401513225|4109486156483|84643258|1585926354|00131152
openmpi-slave1|4110011348070|4110123865201|112517131|1585926355|00633380
openmpi-slave1|4110557866798|4110683339927|125473129|1585926355|00549843
openmpi-slave1|4111048053323|4111183343157|135289834|1585926356|00512087
openmpi-slave1|4111568713757|4111717021365|148307608|1585926356|00521525
openmpi-slave1|4112190668875|4112341641740|150972865|1585926357|00630332
openmpi-slave1|4112703549598|4112849551853|146002255|1585926358|00511834
openmpi-slave1|4113442727366|4113587928129|145200763|1585926358|00748164
openmpi-slave1|4113993110030|4114140985556|147875526|1585926359|00533027
openmpi-slave1|4114497137333|4114637252470|140115137|1585926359|00502585
openmpi-slave1|4114990572478|4115150022448|159449970|1585926360|00516053
openmpi-slave1|4115494396224|4115638966085|144569861|1585926360|00495690
openmpi-slave1|4116018431246|4116176251828|157820582|1585926361|00527963
openmpi-slave1|4116702448479|4116878296489|175848010|1585926362|00706566
openmpi-slave1|4117297112420|4117476569108|179456688|1585926362|00586207
openmpi-slave1|4117884239880|4118023330370|139090490|1585926363|00563380
openmpi-slave1|4118444692305|4118619523341|174831036|1585926363|00591434
openmpi-slave1|4119063139727|4119214250675|151110948|1585926364|00590319
openmpi-slave1|4119639935642|4119786389208|146453566|1585926365|00585348
openmpi-slave1|4120314341967|4120460476382|146134415|1585926365|00655825
openmpi-slave1|4120863356698|4121007458626|144101928|1585926366|00555960
openmpi-slave1|4121380062496|4121514030024|133967528|1585926366|00500438
openmpi-slave1|4121882042567|4122015414822|133372255|1585926367|00515310
openmpi-slave1|4122477020226|4122614078666|137058440|1585926367|00587747
openmpi-slave1|4123001540717|4123147965649|146424932|1585926368|00528275
openmpi-slave1|4123502584261|4123643139443|140555182|1585926368|00495386
openmpi-slave1|4123994672319|4124139499935|144827616|1585926369|00508059
openmpi-slave1|4124493874857|4124629908532|136033675|1585926369|00489570
openmpi-slave1|4125054537082|4125204548403|150011321|1585926370|00559096
openmpi-slave1|4125606312810|4125754613416|148300606|1585926371|00554677
openmpi-slave1|4126098070977|4126257699499|159628522|1585926371|00512067
openmpi-slave1|4126609991747|4126747018281|137026534|1585926372|00491967
openmpi-slave1|4127189914818|4127338160202|148245384|1585926372|00575872
openmpi-slave1|4127712186828|4127847478654|135291826|1585926373|00511885
openmpi-slave1|4128187898487|4128349382968|161484481|1585926373|00497715
openmpi-slave1|4128687791348|4128815326092|127534744|1585926374|00481909
openmpi-slave1|4129190080329|4129364944859|174864530|1585926374|00536000
openmpi-slave1|4129810688563|4129955485308|144796745|1585926375|00598585
openmpi-slave1|4130302114928|4130431419908|129304980|1585926375|00483289
openmpi-slave1|4130774302608|4130917754759|143452151|1585926376|00486137
openmpi-slave1|4131326549796|4131504383138|177833342|1585926376|00575368
openmpi-slave1|4131931044542|4132069952849|138908307|1585926377|00563827
openmpi-slave1|4132422095133|4132585198363|163103230|1585926377|00515882
openmpi-slave1|4132960779165|4133090527448|129748283|1585926378|00516068
openmpi-slave1|4133482290418|4133630359913|148069495|1585926378|00535853
openmpi-slave1|4134042238959|4134179826228|137587269|1585926379|00551976
openmpi-slave1|4134581481049|4134714733403|133252354|1585926379|00527677
openmpi-slave1|4135074668699|4135226548293|151879594|1585926380|00505808
openmpi-slave1|4135584653634|4135724817030|140163396|1585926380|00495095
openmpi-slave1|4136146917843|4136301397585|154479742|1585926381|00582817
openmpi-slave1|4136680384157|4136821022317|140638160|1585926382|00519849
openmpi-slave1|4137166531438|4137301966768|135435330|1585926382|00483848
openmpi-slave1|4137660466947|4137779694891|119227944|1585926383|00491887
openmpi-slave1|4138216736685|4138335874714|119138029|1585926383|00551915
openmpi-slave1|4138761633421|4138906712321|145078900|1585926384|00563112
openmpi-slave1|4139266744817|4139410058646|143313829|1585926384|00504646
openmpi-slave1|4139832655267|4139966670788|134015521|1585926385|00563809
openmpi-slave1|4140413023381|4140562629941|149606560|1585926385|00591880
openmpi-slave1|4140957303562|4141100988724|143685162|1585926386|00523798
openmpi-slave1|4141431027884|4141578031416|147003532|1585926386|00484039
openmpi-slave1|4141926586132|4142077553747|150967615|1585926387|00499840
openmpi-slave1|4142519859035|4142658601078|138742043|1585926387|00579996
openmpi-slave1|4143005434937|4143151871897|146436960|1585926388|00487975
openmpi-slave1|4143492134592|4143637608403|145473811|1585926388|00481842
openmpi-slave1|4143987891172|4144150029963|162138791|1585926389|00525779
openmpi-slave1|4144545006349|4144687258939|142252590|1585926389|00531773
openmpi-slave1|4145147951483|4145302966483|155015000|1585926390|00622359
openmpi-slave1|4145682304893|4145832805320|150500427|1585926391|00514481
openmpi-slave1|4146201752562|4146331555557|129802995|1585926391|00518891
openmpi-slave1|4146734900404|4146896252830|161352426|1585926392|00544431
openmpi-slave1|4147295212266|4147443546172|148333906|1585926392|00563403
openmpi-slave1|4147808565540|4147968730051|160164511|1585926393|00515909
openmpi-slave1|4148314150332|4148468412940|154262608|1585926393|00495686
openmpi-slave1|4148902596459|4149073117528|170521069|1585926394|00601463
openmpi-slave1|4149470859256|4149613746429|142887173|1585926394|00558459
openmpi-slave1|4150019496184|4150204690482|185194298|1585926395|00573686
openmpi-slave1|4150541226447|4150677813770|136587323|1585926395|00473027
openmpi-slave1|4151075963309|4151211235953|135272644|1585926396|00540867
openmpi-slave1|4151581007442|4151720791720|139784278|1585926396|00508191
openmpi-slave1|4152128603593|4152269618323|141014730|1585926397|00547499
openmpi-slave1|4152624161140|4152749458241|125297101|1585926398|00487883
openmpi-slave1|4153177611834|4153332043371|154431537|1585926398|00568320
openmpi-slave1|4153687830293|4153837023269|149192976|1585926399|00515371
openmpi-slave1|4154201678970|4154353494746|151815776|1585926399|00507975
openmpi-slave1|4154698492407|4154848657533|150165126|1585926400|00492790
openmpi-slave1|4155193951708|4155331176131|137224423|1585926400|00490874
openmpi-slave1|4155662142214|4155802752001|140609787|1585926401|00471861
openmpi-slave1|4156241968599|4156376545773|134577174|1585926401|00571973
openmpi-slave1|4156731320708|4156863769924|132449216|1585926402|00492082
openmpi-slave1|4157214667904|4157359520664|144852760|1585926402|00500402
openmpi-slave1|4157702495173|4157847640216|145145043|1585926403|00473462
openmpi-slave1|4158317095762|4158451958144|134862382|1585926403|00621310
openmpi-slave1|4158825425745|4158962914290|137488545|1585926404|00503969
openmpi-slave1|4159302234710|4159450489072|148254362|1585926404|00476032
openmpi-slave1|4159788196110|4159910256395|122060285|1585926405|00469574
openmpi-slave1|4160258336675|4160394609228|136272553|1585926405|00486959
openmpi-slave1|4160903841849|4161047952824|144110975|1585926406|00647196
openmpi-slave1|4161420223823|4161564396510|144172687|1585926406|00511704
openmpi-slave1|4161910424321|4162061863909|151439588|1585926407|00497388
openmpi-slave1|4162414878809|4162566361299|151482490|1585926407|00514270
