1585592833-0002-000|8087337136123|8087461161492|124025369|1585592834|00656725
1585592833-0002-000|8087337136123|8087461161492|124025369|1585592834|00001289
1585592833-0002-000|8087337136123|8087461161492|124025369|1585592834|00001229
1585592833-0002-000|8087337136123|8087461161492|124025369|1585592834|00001819
1585592833-0002-000|8087337136123|8087461161492|124025369|1585592834|00001446
1585592833-0002-000|8087337136123|8087461161492|124025369|1585592834|00001170
1585592833-0002-000|8087337136123|8087461161492|124025369|1585592834|00001138
1585592833-0002-000|8087337136123|8087461161492|124025369|1585592834|00001368
1585592833-0002-000|8087337136123|8087461161492|124025369|1585592834|00001323
1585592833-0002-000|8087337136123|8087461161492|124025369|1585592834|00001144
1585592833-0002-000|8087337136123|8087461161492|124025369|1585592834|00001228
1585592833-0002-000|8087337136123|8087461161492|124025369|1585592834|00001281
1585592833-0002-000|8087337136123|8087461161492|124025369|1585592834|00001214
1585592833-0002-000|8087337136123|8087461161492|124025369|1585592834|00001216
1585592833-0002-000|8087337136123|8087461161492|124025369|1585592834|00001122
1585592833-0002-000|8087337136123|8087461161492|124025369|1585592834|00001146
1585592833-0002-000|8087337136123|8087461161492|124025369|1585592834|00001057
1585592833-0002-000|8087337136123|8087461161492|124025369|1585592834|00001121
1585592833-0002-000|8087337136123|8087461161492|124025369|1585592834|00001190
1585592833-0002-000|8087337136123|8087461161492|124025369|1585592834|00001116
1585592833-0002-000|8087337136123|8087461161492|124025369|1585592834|00001040
1585592833-0002-000|8087337136123|8087461161492|124025369|1585592834|00001156
1585592833-0002-000|8087337136123|8087461161492|124025369|1585592834|00001198
1585592833-0002-000|8087337136123|8087461161492|124025369|1585592834|00001259
1585592833-0002-000|8087337136123|8087461161492|124025369|1585592834|00001531
1585592833-0002-000|8087337136123|8087461161492|124025369|1585592834|00000972
1585592833-0002-000|8087337136123|8087461161492|124025369|1585592834|00000996
1585592833-0002-000|8087337136123|8087461161492|124025369|1585592834|00000948
1585592833-0002-000|8087337136123|8087461161492|124025369|1585592834|00001130
1585592833-0002-000|8087337136123|8087461161492|124025369|1585592834|00001131
1585592833-0002-000|8087337136123|8087461161492|124025369|1585592834|00001297
1585592833-0002-000|8087337136123|8087461161492|124025369|1585592834|00001288
1585592833-0002-000|8087337136123|8087461161492|124025369|1585592834|00001041
1585592833-0002-000|8087337136123|8087461161492|124025369|1585592834|00001179
1585592833-0002-000|8087337136123|8087461161492|124025369|1585592834|00001144
1585592833-0002-000|8087337136123|8087461161492|124025369|1585592834|00001083
1585592833-0002-000|8087337136123|8087461161492|124025369|1585592834|00001189
1585592833-0002-000|8087337136123|8087461161492|124025369|1585592834|00001477
1585592833-0002-000|8087337136123|8087461161492|124025369|1585592834|00001040
1585592833-0002-000|8087337136123|8087461161492|124025369|1585592834|00001274
1585592833-0002-000|8087337136123|8087461161492|124025369|1585592834|00001126
1585592833-0002-000|8087337136123|8087461161492|124025369|1585592834|00001067
1585592833-0002-000|8087337136123|8087461161492|124025369|1585592834|00001069
1585592833-0002-000|8087337136123|8087461161492|124025369|1585592834|00001059
1585592833-0002-000|8087337136123|8087461161492|124025369|1585592834|00001223
1585592833-0002-000|8087337136123|8087461161492|124025369|1585592834|00001646
1585592833-0002-000|8087337136123|8087461161492|124025369|1585592834|00001233
1585592833-0002-000|8087337136123|8087461161492|124025369|1585592834|00001305
1585592833-0002-000|8087337136123|8087461161492|124025369|1585592834|00001225
1585592833-0002-000|8087337136123|8087461161492|124025369|1585592834|00001204
1585592833-0002-000|8087337136123|8087461161492|124025369|1585592834|00001210
1585592833-0002-000|8087337136123|8087461161492|124025369|1585592834|00001140
1585592833-0002-000|8087337136123|8087461161492|124025369|1585592834|00001330
1585592833-0002-000|8087337136123|8087461161492|124025369|1585592834|00001211
1585592833-0002-000|8087337136123|8087461161492|124025369|1585592834|00001171
1585592833-0002-000|8087337136123|8087461161492|124025369|1585592834|00001350
1585592833-0002-000|8087337136123|8087461161492|124025369|1585592834|00001210
1585592833-0002-000|8087337136123|8087461161492|124025369|1585592834|00004337
1585592833-0002-000|8087337136123|8087461161492|124025369|1585592834|00001242
1585592833-0002-000|8087337136123|8087461161492|124025369|1585592834|00001087
1585592833-0002-000|8087337136123|8087461161492|124025369|1585592834|00001019
1585592833-0002-000|8087337136123|8087461161492|124025369|1585592834|00001334
1585592833-0002-000|8087337136123|8087461161492|124025369|1585592834|00000926
1585592833-0002-000|8087337136123|8087461161492|124025369|1585592834|00001200
1585592833-0002-000|8087337136123|8087461161492|124025369|1585592834|00001017
1585592833-0002-000|8087337136123|8087461161492|124025369|1585592834|00000977
1585592833-0002-000|8087337136123|8087461161492|124025369|1585592834|00001478
1585592833-0002-000|8087337136123|8087461161492|124025369|1585592834|00001027
1585592833-0002-000|8087337136123|8087461161492|124025369|1585592834|00001502
1585592833-0002-000|8087337136123|8087461161492|124025369|1585592834|00001254
1585592833-0002-000|8087337136123|8087461161492|124025369|1585592834|00000967
1585592833-0002-000|8087337136123|8087461161492|124025369|1585592834|00001003
1585592833-0002-000|8087337136123|8087461161492|124025369|1585592834|00001224
1585592833-0002-000|8087337136123|8087461161492|124025369|1585592834|00001150
1585592833-0002-000|8087337136123|8087461161492|124025369|1585592834|00001146
1585592833-0002-000|8087337136123|8087461161492|124025369|1585592834|00001156
1585592833-0002-000|8087337136123|8087461161492|124025369|1585592834|00001163
1585592833-0002-000|8087337136123|8087461161492|124025369|1585592834|00001054
1585592833-0002-000|8087337136123|8087461161492|124025369|1585592834|00001090
1585592833-0002-000|8087337136123|8087461161492|124025369|1585592834|00001021
1585592833-0002-000|8087337136123|8087461161492|124025369|1585592834|00001228
1585592833-0002-000|8087337136123|8087461161492|124025369|1585592834|00001104
1585592833-0002-000|8087337136123|8087461161492|124025369|1585592834|00001004
1585592833-0002-000|8087337136123|8087461161492|124025369|1585592834|00001061
1585592833-0002-000|8087337136123|8087461161492|124025369|1585592834|00001082
1585592833-0002-000|8087337136123|8087461161492|124025369|1585592834|00001151
1585592833-0002-000|8087337136123|8087461161492|124025369|1585592834|00001110
1585592833-0002-000|8087337136123|8087461161492|124025369|1585592834|00001134
1585592833-0002-000|8087337136123|8087461161492|124025369|1585592834|00001216
1585592833-0002-000|8087337136123|8087461161492|124025369|1585592834|00001413
1585592833-0002-000|8087337136123|8087461161492|124025369|1585592834|00003383
1585592833-0002-000|8087337136123|8087461161492|124025369|1585592834|00001186
1585592833-0002-000|8087337136123|8087461161492|124025369|1585592834|00001124
1585592833-0002-000|8087337136123|8087461161492|124025369|1585592834|00001162
1585592833-0002-000|8087337136123|8087461161492|124025369|1585592834|00001061
1585592833-0002-000|8087337136123|8087461161492|124025369|1585592834|00000973
1585592833-0002-000|8087337136123|8087461161492|124025369|1585592834|00001153
1585592833-0002-000|8087337136123|8087461161492|124025369|1585592834|00001225
1585592833-0002-000|8087337136123|8087461161492|124025369|1585592834|00001183
1585592833-0002-000|8087337136123|8087461161492|124025369|1585592834|00001117
