1585592833-0006-000|8086803279018|8086895871514|92592496|1585592833|00106816
1585592833-0006-000|8086803279018|8086895871514|92592496|1585592833|00001267
1585592833-0006-000|8086803279018|8086895871514|92592496|1585592833|00001190
1585592833-0006-000|8086803279018|8086895871514|92592496|1585592833|00001079
1585592833-0006-000|8086803279018|8086895871514|92592496|1585592833|00001102
1585592833-0006-000|8086803279018|8086895871514|92592496|1585592833|00001059
1585592833-0006-000|8086803279018|8086895871514|92592496|1585592833|00001211
1585592833-0006-000|8086803279018|8086895871514|92592496|1585592833|00001168
1585592833-0006-000|8086803279018|8086895871514|92592496|1585592833|00001052
1585592833-0006-000|8086803279018|8086895871514|92592496|1585592833|00001062
1585592833-0006-000|8086803279018|8086895871514|92592496|1585592833|00001030
1585592833-0006-000|8086803279018|8086895871514|92592496|1585592833|00000911
1585592833-0006-000|8086803279018|8086895871514|92592496|1585592833|00001065
1585592833-0006-000|8086803279018|8086895871514|92592496|1585592833|00001106
1585592833-0006-000|8086803279018|8086895871514|92592496|1585592833|00001057
1585592833-0006-000|8086803279018|8086895871514|92592496|1585592833|00001103
1585592833-0006-000|8086803279018|8086895871514|92592496|1585592833|00001158
1585592833-0006-000|8086803279018|8086895871514|92592496|1585592833|00001119
1585592833-0006-000|8086803279018|8086895871514|92592496|1585592833|00001056
1585592833-0006-000|8086803279018|8086895871514|92592496|1585592833|00000994
1585592833-0006-000|8086803279018|8086895871514|92592496|1585592833|00001163
1585592833-0006-000|8086803279018|8086895871514|92592496|1585592833|00001206
1585592833-0006-000|8086803279018|8086895871514|92592496|1585592833|00001258
1585592833-0006-000|8086803279018|8086895871514|92592496|1585592833|00001203
1585592833-0006-000|8086803279018|8086895871514|92592496|1585592833|00001193
1585592833-0006-000|8086803279018|8086895871514|92592496|1585592833|00001090
1585592833-0006-000|8086803279018|8086895871514|92592496|1585592833|00001291
1585592833-0006-000|8086803279018|8086895871514|92592496|1585592833|00001152
1585592833-0006-000|8086803279018|8086895871514|92592496|1585592833|00001079
1585592833-0006-000|8086803279018|8086895871514|92592496|1585592833|00001027
1585592833-0006-000|8086803279018|8086895871514|92592496|1585592833|00001131
1585592833-0006-000|8086803279018|8086895871514|92592496|1585592833|00001236
1585592833-0006-000|8086803279018|8086895871514|92592496|1585592833|00001356
1585592833-0006-000|8086803279018|8086895871514|92592496|1585592833|00001238
1585592833-0006-000|8086803279018|8086895871514|92592496|1585592833|00001078
1585592833-0006-000|8086803279018|8086895871514|92592496|1585592833|00001131
1585592833-0006-000|8086803279018|8086895871514|92592496|1585592833|00001281
1585592833-0006-000|8086803279018|8086895871514|92592496|1585592833|00000949
1585592833-0006-000|8086803279018|8086895871514|92592496|1585592833|00000993
1585592833-0006-000|8086803279018|8086895871514|92592496|1585592833|00001321
1585592833-0006-000|8086803279018|8086895871514|92592496|1585592833|00001045
1585592833-0006-000|8086803279018|8086895871514|92592496|1585592833|00000933
1585592833-0006-000|8086803279018|8086895871514|92592496|1585592833|00000879
1585592833-0006-000|8086803279018|8086895871514|92592496|1585592833|00001088
1585592833-0006-000|8086803279018|8086895871514|92592496|1585592833|00000928
1585592833-0006-000|8086803279018|8086895871514|92592496|1585592833|00001096
1585592833-0006-000|8086803279018|8086895871514|92592496|1585592833|00000895
1585592833-0006-000|8086803279018|8086895871514|92592496|1585592833|00001001
1585592833-0006-000|8086803279018|8086895871514|92592496|1585592833|00000935
1585592833-0006-000|8086803279018|8086895871514|92592496|1585592833|00001011
1585592833-0006-000|8086803279018|8086895871514|92592496|1585592833|00001089
1585592833-0006-000|8086803279018|8086895871514|92592496|1585592833|00000971
1585592833-0006-000|8086803279018|8086895871514|92592496|1585592833|00001010
1585592833-0006-000|8086803279018|8086895871514|92592496|1585592833|00000896
1585592833-0006-000|8086803279018|8086895871514|92592496|1585592833|00001134
1585592833-0006-000|8086803279018|8086895871514|92592496|1585592833|00001021
1585592833-0006-000|8086803279018|8086895871514|92592496|1585592833|00000927
1585592833-0006-000|8086803279018|8086895871514|92592496|1585592833|00000998
1585592833-0006-000|8086803279018|8086895871514|92592496|1585592833|00001034
1585592833-0006-000|8086803279018|8086895871514|92592496|1585592833|00001023
1585592833-0006-000|8086803279018|8086895871514|92592496|1585592833|00000980
1585592833-0006-000|8086803279018|8086895871514|92592496|1585592833|00001145
1585592833-0006-000|8086803279018|8086895871514|92592496|1585592833|00000917
1585592833-0006-000|8086803279018|8086895871514|92592496|1585592833|00000929
1585592833-0006-000|8086803279018|8086895871514|92592496|1585592833|00001106
1585592833-0006-000|8086803279018|8086895871514|92592496|1585592833|00001053
1585592833-0006-000|8086803279018|8086895871514|92592496|1585592833|00000916
1585592833-0006-000|8086803279018|8086895871514|92592496|1585592833|00001064
1585592833-0006-000|8086803279018|8086895871514|92592496|1585592833|00000992
1585592833-0006-000|8086803279018|8086895871514|92592496|1585592833|00001071
1585592833-0006-000|8086803279018|8086895871514|92592496|1585592833|00001066
1585592833-0006-000|8086803279018|8086895871514|92592496|1585592833|00000985
1585592833-0006-000|8086803279018|8086895871514|92592496|1585592833|00001088
1585592833-0006-000|8086803279018|8086895871514|92592496|1585592833|00001150
1585592833-0006-000|8086803279018|8086895871514|92592496|1585592833|00000866
1585592833-0006-000|8086803279018|8086895871514|92592496|1585592833|00000942
1585592833-0006-000|8086803279018|8086895871514|92592496|1585592833|00000919
1585592833-0006-000|8086803279018|8086895871514|92592496|1585592833|00001057
1585592833-0006-000|8086803279018|8086895871514|92592496|1585592833|00000969
1585592833-0006-000|8086803279018|8086895871514|92592496|1585592833|00000995
1585592833-0006-000|8086803279018|8086895871514|92592496|1585592833|00001002
1585592833-0006-000|8086803279018|8086895871514|92592496|1585592833|00001011
1585592833-0006-000|8086803279018|8086895871514|92592496|1585592833|00001059
1585592833-0006-000|8086803279018|8086895871514|92592496|1585592833|00001007
1585592833-0006-000|8086803279018|8086895871514|92592496|1585592833|00000945
1585592833-0006-000|8086803279018|8086895871514|92592496|1585592833|00001107
1585592833-0006-000|8086803279018|8086895871514|92592496|1585592833|00001169
1585592833-0006-000|8086803279018|8086895871514|92592496|1585592833|00001120
1585592833-0006-000|8086803279018|8086895871514|92592496|1585592833|00001007
1585592833-0006-000|8086803279018|8086895871514|92592496|1585592833|00001031
1585592833-0006-000|8086803279018|8086895871514|92592496|1585592833|00001036
1585592833-0006-000|8086803279018|8086895871514|92592496|1585592833|00001138
1585592833-0006-000|8086803279018|8086895871514|92592496|1585592833|00001115
1585592833-0006-000|8086803279018|8086895871514|92592496|1585592833|00001051
1585592833-0006-000|8086803279018|8086895871514|92592496|1585592833|00001019
1585592833-0006-000|8086803279018|8086895871514|92592496|1585592833|00000955
1585592833-0006-000|8086803279018|8086895871514|92592496|1585592833|00001050
1585592833-0006-000|8086803279018|8086895871514|92592496|1585592833|00000908
1585592833-0006-000|8086803279018|8086895871514|92592496|1585592833|00001005
1585592833-0006-000|8086803279018|8086895871514|92592496|1585592833|00000923
