1585590014-0019-000|1583954030151730|1583954152437073|122285343|1585590015|01383252
1585590014-0019-000|1583956378998170|1583956537331535|158333365|1585590018|02291206
1585590014-0019-000|1583958643415440|1583958775999675|132584235|1585590020|02143800
1585590014-0019-000|1583960926339571|1583961081862225|155522654|1585590022|02200030
1585590014-0019-000|1583963302879646|1583963464734008|161854362|1585590025|02276735
1585590014-0019-000|1583965652377361|1583965775957982|123580621|1585590027|02231111
1585590014-0019-000|1583968009066142|1583968154097113|145030971|1585590029|02263475
1585590014-0019-000|1583970307122582|1583970461929267|154806685|1585590032|02203886
1585590014-0019-000|1583972604800750|1583972753567872|148767122|1585590034|02195804
1585590014-0019-000|1583974850399021|1583975002869013|152469992|1585590036|02156716
1585590014-0019-000|1583977178642075|1583977317731905|139089830|1585590039|02205293
1585590014-0019-000|1583979482354145|1583979625907687|143553542|1585590041|02215198
1585590014-0019-000|1583981711852964|1583981855668541|143815577|1585590043|02130184
1585590014-0019-000|1583983979574689|1583984123004872|143430183|1585590045|02169199
1585590014-0019-000|1583986272765880|1583986413275015|140509135|1585590048|02186397
1585590014-0019-000|1583988608314894|1583988743992171|135677277|1585590050|02236128
1585590014-0019-000|1583990879985877|1583991030032275|150046398|1585590052|02183644
1585590014-0019-000|1583993264546808|1583993420109994|155563186|1585590055|02281814
1585590014-0019-000|1583995662940558|1583995809354467|146413909|1585590057|02287609
1585590014-0019-000|1583997979304592|1583998130479952|151175360|1585590059|02225959
1585590014-0019-000|1584000423203478|1584000600869175|177665697|1585590062|02367968
1585590014-0019-000|1584003050794042|1584003204457055|153663013|1585590064|02503752
1585590014-0019-000|1584005379529079|1584005527591347|148062268|1585590067|02215435
1585590014-0019-000|1584007663844165|1584007824170232|160326067|1585590069|02196512
1585590014-0019-000|1584009988603028|1584010129525755|140922727|1585590071|02207189
1585590014-0019-000|1584012248240480|1584012386058281|137817801|1585590074|02160020
1585590014-0019-000|1584014526329117|1584014669067590|142738473|1585590076|02179807
1585590014-0019-000|1584016870750882|1584017016762259|146011377|1585590078|02245785
1585590014-0019-000|1584019121627419|1584019250621100|128993681|1585590080|02149996
1585590014-0019-000|1584021330098864|1584021468852792|138753928|1585590083|02105379
1585590014-0019-000|1584023604245183|1584023730543995|126298812|1585590085|02163187
1585590014-0019-000|1584025839301038|1584025975753048|136452010|1585590087|02155978
1585590014-0019-000|1584028098329255|1584028235794383|137465128|1585590089|02162830
1585590014-0019-000|1584030423693833|1584030563345344|139651511|1585590092|02219800
1585590014-0019-000|1584032705415386|1584032845352851|139937465|1585590094|02175788
1585590014-0019-000|1584034930435561|1584035071788400|141352839|1585590096|02128754
1585590014-0019-000|1584037214811870|1584037358597873|143786003|1585590099|02190957
1585590014-0019-000|1584039521874585|1584039668898560|147023975|1585590101|02199857
1585590014-0019-000|1584041788943362|1584041936671150|147727788|1585590103|02165776
1585590014-0019-000|1584044051682334|1584044205565042|153882708|1585590105|02173851
1585590014-0019-000|1584046324449179|1584046462181846|137732667|1585590108|02163941
1585590014-0019-000|1584048621265883|1584048772226923|150961040|1585590110|02199772
1585590014-0019-000|1584050882233756|1584051018126314|135892558|1585590112|02152934
1585590014-0019-000|1584053211735472|1584053354549253|142813781|1585590115|02234671
1585590014-0019-000|1584055499948198|1584055643313218|143365020|1585590117|02188010
1585590014-0019-000|1584057901107791|1584058050597102|149489311|1585590119|02311666
1585590014-0019-000|1584060370516593|1584060532397663|161881070|1585590122|02371886
1585590014-0019-000|1584062959917065|1584063133852776|173935711|1585590124|02499828
1585590014-0019-000|1584065343347052|1584065497958385|154611333|1585590127|02271869
1585590014-0019-000|1584067664737130|1584067795067279|130330149|1585590129|02203719
1585590014-0019-000|1584069939269227|1584070078385280|139116053|1585590131|02183766
1585590014-0019-000|1584072191639015|1584072335374888|143735873|1585590134|02151845
1585590014-0019-000|1584074538593939|1584074710669888|172075949|1585590136|02271964
1585590014-0019-000|1584076840753245|1584076970929097|130175852|1585590138|02166345
1585590014-0019-000|1584079131713922|1584079278782419|147068497|1585590141|02201318
1585590014-0019-000|1584081376987599|1584081513768611|136781012|1585590143|02128120
1585590014-0019-000|1584083658085733|1584083797225759|139140026|1585590145|02186723
1585590014-0019-000|1584085902337168|1584086049161082|146823914|1585590147|02148892
1585590014-0019-000|1584088176109440|1584088310355096|134245656|1585590150|02171691
1585590014-0019-000|1584090470025197|1584090613325797|143300600|1585590152|02193678
1585590014-0019-000|1584092815892206|1584092955214431|139322225|1585590154|02257925
1585590014-0019-000|1584095258594151|1584095401476244|142882093|1585590157|02331741
1585590014-0019-000|1584097675816019|1584097831128588|155312569|1585590159|02335943
1585590014-0019-000|1584100050220882|1584100198999884|148779002|1585590161|02276966
1585590014-0019-000|1584102423199314|1584102572847783|149648469|1585590164|02258706
1585590014-0019-000|1584104812706362|1584104942357590|129651228|1585590166|02279904
1585590014-0019-000|1584107106816855|1584107261822364|155005509|1585590168|02211720
1585590014-0019-000|1584109434694748|1584109571313886|136619138|1585590171|02215873
1585590014-0019-000|1584111725701845|1584111866818308|141116463|1585590173|02187816
1585590014-0019-000|1584114013265648|1584114158875114|145609466|1585590175|02187779
1585590014-0019-000|1584116294547294|1584116445819021|151271727|1585590178|02187881
1585590014-0019-000|1584118558645058|1584118704436642|145791584|1585590180|02153430
1585590014-0019-000|1584121055034524|1584121244471346|189436822|1585590182|02442298
1585590014-0019-000|1584123625168313|1584123764557580|139389267|1585590185|02425775
1585590014-0019-000|1584125936761505|1584126084422594|147661089|1585590187|02216195
1585590014-0019-000|1584128261127920|1584128409310796|148182876|1585590190|02221245
1585590014-0019-000|1584130594831337|1584130736153032|141321695|1585590192|02235930
1585590014-0019-000|1584132826425566|1584132962059388|135633822|1585590194|02127870
1585590014-0019-000|1584135042838946|1584135187852157|145013211|1585590196|02123869
1585590014-0019-000|1584137350838279|1584137486096735|135258456|1585590199|02199740
1585590014-0019-000|1584139622755897|1584139755668363|132912466|1585590201|02171827
1585590014-0019-000|1584141883731572|1584142038250899|154519327|1585590203|02167867
1585590014-0019-000|1584144236529026|1584144373613588|137084562|1585590206|02239997
1585590014-0019-000|1584146590527036|1584146734133139|143606103|1585590208|02253973
1585590014-0019-000|1584148850635379|1584149014983937|164348558|1585590210|02185410
1585590014-0019-000|1584151102470251|1584151250756870|148286619|1585590212|02139782
1585590014-0019-000|1584153343870578|1584153491797729|147927151|1585590215|02144070
1585590014-0019-000|1584155682060423|1584155834112002|152051579|1585590217|02241061
1585590014-0019-000|1584157974530854|1584158124467609|149936755|1585590219|02186412
1585590014-0019-000|1584160292529112|1584160426318362|133789250|1585590222|02195753
1585590014-0019-000|1584162498483398|1584162643221204|144737806|1585590224|02116835
1585590014-0019-000|1584164819623885|1584164961580592|141956707|1585590226|02227037
1585590014-0019-000|1584167061599754|1584167214927957|153328203|1585590228|02153011
1585590014-0019-000|1584169315237477|1584169459150893|143913416|1585590231|02146451
1585590014-0019-000|1584171553200244|1584171685679131|132478887|1585590233|02124630
1585590014-0019-000|1584173840953634|1584173977630450|136676816|1585590235|02184783
1585590014-0019-000|1584176106719760|1584176246683199|139963439|1585590237|02182275
1585590014-0019-000|1584178358218393|1584178501446501|143228108|1585590240|02152902
1585590014-0019-000|1584180776332821|1584180928596525|152263704|1585590242|02311524
1585590014-0019-000|1584183185807262|1584183325790706|139983444|1585590245|02298836
