1585590014-0011-000|1583954402271193|1583954522497047|120225854|1585590016|01750178
1585590014-0011-000|1583956734489164|1583956888939252|154450088|1585590018|02263749
1585590014-0011-000|1583959031657523|1583959204755959|173098436|1585590020|02208934
1585590014-0011-000|1583961352473480|1583961498330009|145856529|1585590023|02202869
1585590014-0011-000|1583963723268853|1583963867742574|144473721|1585590025|02275754
1585590014-0011-000|1583966019910172|1583966168689420|148779248|1585590027|02188711
1585590014-0011-000|1583968383044678|1583968529877128|146832450|1585590030|02267306
1585590014-0011-000|1583970678421820|1583970807421173|128999353|1585590032|02183446
1585590014-0011-000|1583972946280471|1583973083133393|136852922|1585590034|02175845
1585590014-0011-000|1583975226634045|1583975374282298|147648253|1585590037|02187864
1585590014-0011-000|1583977565543553|1583977722898861|157355308|1585590039|02251870
1585590014-0011-000|1583979907953643|1583980055462211|147508568|1585590041|02223763
1585590014-0011-000|1583982171982489|1583982318361522|146379033|1585590044|02162105
1585590014-0011-000|1583984439783438|1583984585804158|146020720|1585590046|02169625
1585590014-0011-000|1583986757398743|1583986894816725|137417982|1585590048|02203962
1585590014-0011-000|1583989084774868|1583989215531051|130756183|1585590050|02235569
1585590014-0011-000|1583991364237267|1583991491574130|127336863|1585590053|02163848
1585590014-0011-000|1583993733384947|1583993855663779|122278832|1585590055|02275912
1585590014-0011-000|1583996059041728|1583996209224915|150183187|1585590057|02235784
1585590014-0011-000|1583998356913256|1583998521570761|164657505|1585590060|02212877
1585590014-0011-000|1584000871008063|1584001070448620|199440557|1585590062|02463021
1585590014-0011-000|1584003467908069|1584003617825442|149917373|1585590065|02435615
1585590014-0011-000|1584005784116596|1584005915991669|131875073|1585590067|02208102
1585590014-0011-000|1584008112363427|1584008239105157|126741730|1585590069|02221763
1585590014-0011-000|1584010456833461|1584010590853503|134020042|1585590072|02245586
1585590014-0011-000|1584012707182535|1584012865202389|158019854|1585590074|02168770
1585590014-0011-000|1584014998231809|1584015182595444|184363635|1585590076|02213614
1585590014-0011-000|1584017334573843|1584017477845908|143272065|1585590079|02202873
1585590014-0011-000|1584019578323443|1584019723062030|144738587|1585590081|02137970
1585590014-0011-000|1584021826000167|1584021973793517|147793350|1585590083|02162208
1585590014-0011-000|1584024066434768|1584024199998598|133563830|1585590085|02121500
1585590014-0011-000|1584026335428759|1584026483230206|147801447|1585590088|02191885
1585590014-0011-000|1584028602668329|1584028756169103|153500774|1585590090|02156263
1585590014-0011-000|1584030906442743|1584031042429815|135987072|1585590092|02203426
1585590014-0011-000|1584033179159358|1584033322104865|142945507|1585590095|02171866
1585590014-0011-000|1584035422412019|1584035551976033|129564014|1585590097|02139921
1585590014-0011-000|1584037720324262|1584037863426287|143102025|1585590099|02203656
1585590014-0011-000|1584040012072041|1584040158639992|146567951|1585590101|02183899
1585590014-0011-000|1584042278768662|1584042420709006|141940344|1585590104|02163840
1585590014-0011-000|1584044543222841|1584044693040133|149817292|1585590106|02171664
1585590014-0011-000|1584046819812259|1584046963968258|144155999|1585590108|02182901
1585590014-0011-000|1584049118146629|1584049261132241|142985612|1585590110|02194093
1585590014-0011-000|1584051361942131|1584051507734736|145792605|1585590113|02152520
1585590014-0011-000|1584053694707067|1584053835946997|141239930|1585590115|02226039
1585590014-0011-000|1584055998690464|1584056150671397|151980933|1585590117|02211934
1585590014-0011-000|1584058468722412|1584058603648019|134925607|1585590120|02355913
1585590014-0011-000|1584060970106163|1584061135744600|165638437|1585590122|02427790
1585590014-0011-000|1584063502199802|1584063635259891|133060089|1585590125|02407739
1585590014-0011-000|1584065830633886|1584065967211867|136577981|1585590127|02234645
1585590014-0011-000|1584068138548422|1584068282677660|144129238|1585590130|02208827
1585590014-0011-000|1584070415652442|1584070572873639|157221197|1585590132|02172936
1585590014-0011-000|1584072693198073|1584072830818055|137619982|1585590134|02158962
1585590014-0011-000|1584075052404370|1584075199702212|147297842|1585590136|02282013
1585590014-0011-000|1584077337339720|1584077474972519|137632799|1585590139|02167571
1585590014-0011-000|1584079611492394|1584079764537443|153045049|1585590141|02186036
1585590014-0011-000|1584081868931096|1584082017268239|148337143|1585590143|02150163
1585590014-0011-000|1584084153486250|1584084286990635|133504385|1585590146|02174521
1585590014-0011-000|1584086379691614|1584086523292647|143601033|1585590148|02140682
1585590014-0011-000|1584088661801955|1584088791504565|129702610|1585590150|02170016
1585590014-0011-000|1584090960191225|1584091092784440|132593215|1585590152|02191810
1585590014-0011-000|1584093342402897|1584093536851622|194448725|1585590155|02342459
1585590014-0011-000|1584095738688237|1584095893359291|154671054|1585590157|02259327
1585590014-0011-000|1584098151800426|1584098312269262|160468836|1585590160|02316636
1585590014-0011-000|1584100546905781|1584100694456713|147550932|1585590162|02279606
1585590014-0011-000|1584102882145649|1584103032383093|150237444|1585590164|02238942
1585590014-0011-000|1584105236638277|1584105380582460|143944183|1585590167|02247919
1585590014-0011-000|1584107511491090|1584107657208383|145717293|1585590169|02181854
1585590014-0011-000|1584109798527625|1584109948672457|150144832|1585590171|02185676
1585590014-0011-000|1584112119802262|1584112274262703|154460441|1585590173|02226024
1585590014-0011-000|1584114411748835|1584114578253339|166504504|1585590176|02215985
1585590014-0011-000|1584116698469043|1584116845565583|147096540|1585590178|02163860
1585590014-0011-000|1584118946310287|1584119097357547|151047260|1585590180|02144965
1585590014-0011-000|1584121510774586|1584121651695194|140920608|1585590183|02470820
1585590014-0011-000|1584124019840846|1584124179157964|159317118|1585590185|02419602
1585590014-0011-000|1584126325944941|1584126463885421|137940480|1585590188|02188320
1585590014-0011-000|1584128639904363|1584128796119713|156215350|1585590190|02215642
1585590014-0011-000|1584130975881973|1584131117844221|141962248|1585590192|02242357
1585590014-0011-000|1584133265245288|1584133406917897|141672609|1585590195|02174955
1585590014-0011-000|1584135506377748|1584135657020052|150642304|1585590197|02145009
1585590014-0011-000|1584137813008987|1584137947687567|134678580|1585590199|02190877
1585590014-0011-000|1584140051683682|1584140208136751|156453069|1585590201|02163119
1585590014-0011-000|1584142311236101|1584142450445382|139209281|1585590204|02146031
1585590014-0011-000|1584144602319775|1584144770056488|167736713|1585590206|02220151
1585590014-0011-000|1584146922425603|1584147066112228|143686625|1585590208|02188100
1585590014-0011-000|1584149190973196|1584149329938008|138964812|1585590211|02174213
1585590014-0011-000|1584151433877556|1584151563364270|129486714|1585590213|02133503
1585590014-0011-000|1584153667248051|1584153814936065|147688014|1585590215|02147569
1585590014-0011-000|1584156006814081|1584156151664567|144850486|1585590217|02247796
1585590014-0011-000|1584158299735990|1584158442075784|142339794|1585590220|02180022
1585590014-0011-000|1584160598488035|1584160734789799|136301764|1585590222|02199770
1585590014-0011-000|1584162851971342|1584162987941087|135969745|1585590224|02152147
1585590014-0011-000|1584165146078985|1584165287523897|141444912|1585590227|02196469
1585590014-0011-000|1584167403675620|1584167553130126|149454506|1585590229|02158887
1585590014-0011-000|1584169643788903|1584169791001507|147212604|1585590231|02135864
1585590014-0011-000|1584171870851019|1584172024246403|153395384|1585590233|02129160
1585590014-0011-000|1584174145973679|1584174293514289|147540610|1585590236|02171733
1585590014-0011-000|1584176427837938|1584176574234917|146396979|1585590238|02182667
1585590014-0011-000|1584178682256023|1584178824746940|142490917|1585590240|02148860
1585590014-0011-000|1584181110918979|1584181272954014|162035035|1585590242|02346862
1585590014-0011-000|1584183508895924|1584183643056345|134160421|1585590245|02267183
