1585573951-0007-000|1567889689561915|1567889745546171|55984256|1585573951|00312265
1585573951-0007-000|1567889994108041|1567890066705687|72597646|1585573951|00328279
1585573951-0007-000|1567890271149890|1567890354076041|82926151|1585573952|00285020
1585573951-0007-000|1567890564632617|1567890644945959|80313342|1585573952|00285770
1585573951-0007-000|1567890903456996|1567891017810376|114353380|1585573952|00386842
1585573951-0007-000|1567891208324924|1567891328181523|119856599|1585573953|00296079
1585573951-0007-000|1567891576539104|1567891689514959|112975855|1585573953|00362336
1585573951-0007-000|1567891866798106|1567892025965883|159167777|1585573953|00335268
1585573951-0007-000|1567892199915132|1567892378873100|178957968|1585573954|00369588
1585573951-0007-000|1567892567932343|1567892711089143|143156800|1585573954|00328158
1585573951-0007-000|1567892898488585|1567893043073448|144584863|1585573954|00331729
1585573951-0007-000|1567893243856487|1567893392912905|149056418|1585573955|00340049
1585573951-0007-000|1567893562837893|1567893713688977|150851084|1585573955|00323647
1585573951-0007-000|1567893918188440|1567894082028026|163839586|1585573955|00361750
1585573951-0007-000|1567894280686309|1567894445179160|164492851|1585573956|00365894
1585573951-0007-000|1567894641402819|1567894790801627|149398808|1585573956|00351739
1585573951-0007-000|1567894966184997|1567895095882681|129697684|1585573956|00315954
1585573951-0007-000|1567895319915214|1567895467166481|147251267|1585573957|00366454
1585573951-0007-000|1567895653006502|1567895787845011|134838509|1585573957|00320039
1585573951-0007-000|1567895969650621|1567896113929492|144278871|1585573957|00317892
1585573951-0007-000|1567896294238442|1567896431935434|137696992|1585573958|00327409
1585573951-0007-000|1567896607764488|1567896746138284|138373796|1585573958|00311589
1585573951-0007-000|1567896923584002|1567897069938302|146354300|1585573958|00323793
1585573951-0007-000|1567897276046335|1567897399583962|123537627|1585573959|00335930
1585573951-0007-000|1567897582568952|1567897719660537|137091585|1585573959|00319790
1585573951-0007-000|1567897919248759|1567898054826176|135577417|1585573959|00331758
1585573951-0007-000|1567898257936862|1567898379664741|121727879|1585573960|00327886
1585573951-0007-000|1567898580575068|1567898736069255|155494187|1585573960|00336238
1585573951-0007-000|1567898898366179|1567899049967342|151601163|1585573960|00327313
1585573951-0007-000|1567899227503545|1567899381090893|153587348|1585573961|00322676
1585573951-0007-000|1567899568717865|1567899737756702|169038837|1585573961|00353178
1585573951-0007-000|1567899910323126|1567900051071581|140748455|1585573961|00322478
1585573951-0007-000|1567900248624104|1567900396418503|147794399|1585573962|00333841
1585573951-0007-000|1567900572320830|1567900708686406|136365576|1585573962|00319402
1585573951-0007-000|1567900903944006|1567901062432147|158488141|1585573962|00359654
1585573951-0007-000|1567901242627909|1567901390235397|147607488|1585573963|00327928
1585573951-0007-000|1567901572667820|1567901721420048|148752228|1585573963|00331755
1585573951-0007-000|1567901916577751|1567902057697052|141119301|1585573963|00331738
1585573951-0007-000|1567902248437812|1567902400665534|152227722|1585573964|00335812
1585573951-0007-000|1567902566605018|1567902717129373|150524355|1585573964|00314533
1585573951-0007-000|1567902893661063|1567903028674633|135013570|1585573964|00313355
1585573951-0007-000|1567903202400777|1567903343447499|141046722|1585573965|00328808
1585573951-0007-000|1567903523673312|1567903668617367|144944055|1585573965|00310836
1585573951-0007-000|1567903876132238|1567904013201862|137069624|1585573965|00344887
1585573951-0007-000|1567904217094859|1567904359596508|142501649|1585573966|00348736
1585573951-0007-000|1567904535040272|1567904688661865|153621593|1585573966|00329901
1585573951-0007-000|1567904876335221|1567905016669199|140333978|1585573966|00322923
1585573951-0007-000|1567905223492031|1567905372388744|148896713|1585573967|00362966
1585573951-0007-000|1567905583361949|1567905719266307|135904358|1585573967|00353953
1585573951-0007-000|1567905910318837|1567906058271706|147952869|1585573967|00327425
1585573951-0007-000|1567906242326945|1567906388918948|146592003|1585573968|00330806
1585573951-0007-000|1567906572277538|1567906713881378|141603840|1585573968|00322758
1585573951-0007-000|1567906886721970|1567907033531548|146809578|1585573968|00319163
1585573951-0007-000|1567907205610166|1567907353155085|147544919|1585573969|00318872
1585573951-0007-000|1567907515309774|1567907659716514|144406740|1585573969|00309035
1585573951-0007-000|1567907835762125|1567907970769745|135007620|1585573969|00316301
1585573951-0007-000|1567908168469733|1567908291816879|123347146|1585573970|00332302
1585573951-0007-000|1567908496377602|1567908640248474|143870872|1585573970|00326316
1585573951-0007-000|1567908828263969|1567908962450576|134186607|1585573970|00339414
1585573951-0007-000|1567909150385331|1567909298256513|147871182|1585573971|00327806
1585573951-0007-000|1567909476513816|1567909603153199|126639383|1585573971|00311784
1585573951-0007-000|1567909790092092|1567909936904714|146812622|1585573971|00323903
1585573951-0007-000|1567910120434349|1567910266636087|146201738|1585573971|00331867
1585573951-0007-000|1567910448823439|1567910571988536|123165097|1585573972|00315889
1585573951-0007-000|1567910772114619|1567910899022632|126908013|1585573972|00315787
1585573951-0007-000|1567911063985122|1567911214116071|150130949|1585573972|00311881
1585573951-0007-000|1567911385779815|1567911511881705|126101890|1585573973|00311757
1585573951-0007-000|1567911694547733|1567911830595568|136047835|1585573973|00311798
1585573951-0007-000|1567912010350249|1567912142778555|132428306|1585573973|00311856
1585573951-0007-000|1567912332457244|1567912458040071|125582827|1585573974|00311902
1585573951-0007-000|1567912633630006|1567912767564251|133934245|1585573974|00315816
1585573951-0007-000|1567912991599382|1567913140205951|148606569|1585573974|00356474
1585573951-0007-000|1567913367564277|1567913503642547|136078270|1585573975|00379154
1585573951-0007-000|1567913679020657|1567913831787058|152766401|1585573975|00328120
1585573951-0007-000|1567914006176603|1567914149082936|142906333|1585573975|00307664
1585573951-0007-000|1567914341252526|1567914474803122|133550596|1585573976|00335782
1585573951-0007-000|1567914650165101|1567914790835898|140670797|1585573976|00304003
1585573951-0007-000|1567914964777172|1567915087751091|122973919|1585573976|00307844
1585573951-0007-000|1567915274495819|1567915414173330|139677511|1585573977|00315840
1585573951-0007-000|1567915593167175|1567915723482645|130315470|1585573977|00319871
1585573951-0007-000|1567915933877049|1567916055541895|121664846|1585573977|00330439
1585573951-0007-000|1567916256677438|1567916383365936|126688498|1585573978|00321180
1585573951-0007-000|1567916566428590|1567916709592312|143163722|1585573978|00323905
1585573951-0007-000|1567916874003384|1567917016711885|142708501|1585573978|00304106
1585573951-0007-000|1567917197979466|1567917339793991|141814525|1585573979|00325484
1585573951-0007-000|1567917525453650|1567917664669018|139215368|1585573979|00321618
1585573951-0007-000|1567917840744790|1567917955795695|115050905|1585573979|00304096
1585573951-0007-000|1567918135831603|1567918274185908|138354305|1585573979|00324108
1585573951-0007-000|1567918468526282|1567918608227649|139701367|1585573980|00312225
1585573951-0007-000|1567918775877203|1567918911867207|135990004|1585573980|00325439
1585573951-0007-000|1567919094067562|1567919236818519|142750957|1585573980|00302693
1585573951-0007-000|1567919401602971|1567919534793525|133190554|1585573981|00319028
1585573951-0007-000|1567919761700300|1567919924340810|162640510|1585573981|00368458
1585573951-0007-000|1567920107314325|1567920277722280|170407955|1585573981|00357810
1585573951-0007-000|1567920467716344|1567920613387105|145670761|1585573982|00337567
1585573951-0007-000|1567920812186454|1567920950502970|138316516|1585573982|00343680
1585573951-0007-000|1567921131326621|1567921292557843|161231222|1585573983|00339853
1585573951-0007-000|1567921493027186|1567921643525690|150498504|1585573983|00351753
1585573951-0007-000|1567921857708508|1567922021783351|164074843|1585573983|00375913
1585573951-0007-000|1567922203820268|1567922345100459|141280191|1585573984|00319627
