
openmpi-slave2|1586172121086|1586172121190|104|1586172121|1586172121188
openmpi-slave2|1586172121374|1586172121422|48|1586172121|1586172121418
openmpi-slave2|1586172121591|1586172121630|39|1586172121|1586172121668
openmpi-slave2|1586172121816|1586172121902|86|1586172121|1586172121898
openmpi-slave2|1586172122148|1586172122289|141|1586172122|1586172122284
openmpi-slave2|1586172122468|1586172122550|82|1586172122|1586172122546
openmpi-slave2|1586172122676|1586172122756|80|1586172122|1586172122751
openmpi-slave2|1586172122932|1586172122992|60|1586172122|1586172122987
openmpi-slave2|1586172123241|1586172123333|92|1586172123|1586172123328
openmpi-slave2|1586172123538|1586172123643|105|1586172123|1586172123638
openmpi-slave2|1586172123846|1586172123927|81|1586172123|1586172123922
openmpi-slave2|1586172124205|1586172124244|39|1586172124|1586172124239
openmpi-slave2|1586172124427|1586172124486|59|1586172124|1586172124481
openmpi-slave2|1586172124722|1586172124827|105|1586172124|1586172124822
openmpi-slave2|1586172125043|1586172125110|67|1586172125|1586172125105
openmpi-slave2|1586172125282|1586172125367|85|1586172125|1586172125362
openmpi-slave2|1586172125637|1586172125733|96|1586172125|1586172125728
openmpi-slave2|1586172125930|1586172126014|84|1586172126|1586172126009
openmpi-slave2|1586172126228|1586172126329|101|1586172126|1586172126324
openmpi-slave2|1586172126539|1586172126612|73|1586172126|1586172126607
openmpi-slave2|1586172126814|1586172126880|66|1586172126|1586172126875
openmpi-slave2|1586172127024|1586172127116|92|1586172127|1586172127111
openmpi-slave2|1586172127293|1586172127400|107|1586172127|1586172127395
openmpi-slave2|1586172127628|1586172127693|65|1586172127|1586172127688
openmpi-slave2|1586172127892|1586172127989|97|1586172127|1586172127984
openmpi-slave2|1586172128191|1586172128239|48|1586172128|1586172128234
openmpi-slave2|1586172128438|1586172128524|86|1586172128|1586172128519
openmpi-slave2|1586172128732|1586172128812|80|1586172128|1586172128807
openmpi-slave2|1586172129055|1586172129132|77|1586172129|1586172129127
openmpi-slave2|1586172129339|1586172129405|66|1586172129|1586172129400
openmpi-slave2|1586172129580|1586172129659|79|1586172129|1586172129654
openmpi-slave2|1586172129902|1586172129981|79|1586172129|1586172129976
openmpi-slave2|1586172130136|1586172130226|90|1586172130|1586172130221