
openmpi-slave1|1586172010245|1586172010303|58|1586172010|1586172010300
openmpi-slave1|1586172010505|1586172010561|56|1586172010|1586172010556
openmpi-slave1|1586172010856|1586172010970|114|1586172010|1586172010965
openmpi-slave1|1586172011274|1586172011383|109|1586172011|1586172011379
openmpi-slave1|1586172011670|1586172011809|139|1586172011|1586172011808
openmpi-slave1|1586172012076|1586172012189|113|1586172012|1586172012184
openmpi-slave1|1586172012368|1586172012452|84|1586172012|1586172012448
openmpi-slave1|1586172012687|1586172012745|58|1586172012|1586172012740
openmpi-slave1|1586172012904|1586172012977|73|1586172012|1586172012972
openmpi-slave1|1586172013130|1586172013178|48|1586172013|1586172013173
openmpi-slave1|1586172013347|1586172013372|25|1586172013|1586172013367
openmpi-slave1|1586172013557|1586172013653|96|1586172013|1586172013648
openmpi-slave1|1586172013805|1586172013898|93|1586172013|1586172013893
openmpi-slave1|1586172014042|1586172014104|62|1586172014|1586172014111
openmpi-slave1|1586172014278|1586172014340|62|1586172014|1586172014335
openmpi-slave1|1586172014511|1586172014600|89|1586172014|1586172014595
openmpi-slave1|1586172014773|1586172014837|64|1586172014|1586172014832
openmpi-slave1|1586172015029|1586172015118|89|1586172015|1586172015112
openmpi-slave1|1586172015280|1586172015353|73|1586172015|1586172015348
openmpi-slave1|1586172015536|1586172015653|117|1586172015|1586172015648
openmpi-slave1|1586172015853|1586172015946|93|1586172015|1586172015941
openmpi-slave1|1586172016136|1586172016211|75|1586172016|1586172016206
openmpi-slave1|1586172016362|1586172016439|77|1586172016|1586172016435
openmpi-slave1|1586172016586|1586172016661|75|1586172016|1586172016656
openmpi-slave1|1586172016828|1586172016894|66|1586172016|1586172016889
openmpi-slave1|1586172017044|1586172017133|89|1586172017|1586172017128
openmpi-slave1|1586172017336|1586172017449|113|1586172017|1586172017444
openmpi-slave1|1586172017601|1586172017640|39|1586172017|1586172017635
openmpi-slave1|1586172017837|1586172017888|51|1586172017|1586172017883
openmpi-slave1|1586172018072|1586172018131|59|1586172018|1586172018126
openmpi-slave1|1586172018337|1586172018441|104|1586172018|1586172018436
openmpi-slave1|1586172018580|1586172018637|57|1586172018|1586172018632
openmpi-slave1|1586172018892|1586172018954|62|1586172018|1586172018949