
openmpi-master|1586172010158|1586172010245|87|1586172010|1586172010240
openmpi-master|1586172010436|1586172010565|129|1586172010|1586172010557
openmpi-master|1586172010800|1586172010937|137|1586172010|1586172010930
openmpi-master|1586172011568|1586172011705|137|1586172011|1586172011697
openmpi-master|1586172011988|1586172012094|106|1586172012|1586172012088
openmpi-master|1586172012308|1586172012381|73|1586172012|1586172012373
openmpi-master|1586172012575|1586172012604|29|1586172012|1586172012596
openmpi-master|1586172012816|1586172012909|93|1586172012|1586172012901
openmpi-master|1586172013070|1586172013162|92|1586172013|1586172013154
openmpi-master|1586172013361|1586172013445|84|1586172013|1586172013437
openmpi-master|1586172013600|1586172013664|64|1586172013|1586172013656
openmpi-master|1586172013801|1586172013847|46|1586172013|1586172013839
openmpi-master|1586172014039|1586172014099|60|1586172014|1586172014091
openmpi-master|1586172014241|1586172014351|110|1586172014|1586172014343
openmpi-master|1586172014605|1586172014692|87|1586172014|1586172014684
openmpi-master|1586172014878|1586172014978|100|1586172014|1586172014970
openmpi-master|1586172015144|1586172015241|97|1586172015|1586172015233
openmpi-master|1586172015409|1586172015460|51|1586172015|1586172015451
openmpi-master|1586172015713|1586172015780|67|1586172015|1586172015772
openmpi-master|1586172015941|1586172016031|90|1586172016|1586172016022
openmpi-master|1586172016181|1586172016211|30|1586172016|1586172016203
openmpi-master|1586172016376|1586172016496|120|1586172016|1586172016488
openmpi-master|1586172016694|1586172016727|33|1586172016|1586172016719
openmpi-master|1586172016888|1586172016967|79|1586172016|1586172016959
openmpi-master|1586172017183|1586172017246|63|1586172017|1586172017237
openmpi-master|1586172017398|1586172017463|65|1586172017|1586172017455
openmpi-master|1586172017609|1586172017715|106|1586172017|1586172017707
openmpi-master|1586172017910|1586172017966|56|1586172017|1586172017957
openmpi-master|1586172018133|1586172018185|52|1586172018|1586172018176
openmpi-master|1586172018376|1586172018433|57|1586172018|1586172018425
openmpi-master|1586172018617|1586172018699|82|1586172018|1586172018691
openmpi-master|1586172018852|1586172018902|50|1586172018|1586172018894
openmpi-master|1586172019013|1586172019089|76|1586172019|1586172019080