
openmpi-master|1586172100198|1586172100293|95|1586172100|1586172100287
openmpi-master|1586172100493|1586172100594|101|1586172100|1586172100586
openmpi-master|1586172100823|1586172100909|86|1586172100|1586172100900
openmpi-master|1586172101176|1586172101261|85|1586172101|1586172101253
openmpi-master|1586172101432|1586172101492|60|1586172101|1586172101483
openmpi-master|1586172101683|1586172101734|51|1586172101|1586172101726
openmpi-master|1586172101952|1586172102025|73|1586172102|1586172102016
openmpi-master|1586172102198|1586172102298|100|1586172102|1586172102289
openmpi-master|1586172102508|1586172102633|125|1586172102|1586172102624
openmpi-master|1586172102813|1586172102898|85|1586172102|1586172102889
openmpi-master|1586172103081|1586172103162|81|1586172103|1586172103154
openmpi-master|1586172103354|1586172103425|71|1586172103|1586172103416
openmpi-master|1586172103640|1586172103683|43|1586172103|1586172103675
openmpi-master|1586172103884|1586172103967|83|1586172103|1586172103959
openmpi-master|1586172104145|1586172104202|57|1586172104|1586172104194
openmpi-master|1586172104468|1586172104544|76|1586172104|1586172104536
openmpi-master|1586172104796|1586172104910|114|1586172104|1586172104902
openmpi-master|1586172105082|1586172105177|95|1586172105|1586172105169
openmpi-master|1586172105353|1586172105429|76|1586172105|1586172105420
openmpi-master|1586172105617|1586172105732|115|1586172105|1586172105723
openmpi-master|1586172105923|1586172105996|73|1586172105|1586172105992
openmpi-master|1586172106197|1586172106256|59|1586172106|1586172106247
openmpi-master|1586172106380|1586172106505|125|1586172106|1586172106496
openmpi-master|1586172106727|1586172106846|119|1586172106|1586172106838
openmpi-master|1586172107044|1586172107115|71|1586172107|1586172107106
openmpi-master|1586172107291|1586172107363|72|1586172107|1586172107354
openmpi-master|1586172107579|1586172107674|95|1586172107|1586172107665
openmpi-master|1586172107953|1586172108032|79|1586172108|1586172108024
openmpi-master|1586172108206|1586172108280|74|1586172108|1586172108271
openmpi-master|1586172108443|1586172108526|83|1586172108|1586172108518
openmpi-master|1586172108759|1586172108831|72|1586172108|1586172108822
openmpi-master|1586172109064|1586172109157|93|1586172109|1586172109149
openmpi-master|1586172109312|1586172109445|133|1586172109|1586172109436