1585593247-0110-000|8502293344299|8502438204906|144860607|1585593249|01483452
1585593247-0110-000|8502293344299|8502438204906|144860607|1585593249|00001214
1585593247-0110-000|8502293344299|8502438204906|144860607|1585593249|00001051
1585593247-0110-000|8502293344299|8502438204906|144860607|1585593249|00001199
1585593247-0110-000|8502293344299|8502438204906|144860607|1585593249|00001201
1585593247-0110-000|8502293344299|8502438204906|144860607|1585593249|00001073
1585593247-0110-000|8502293344299|8502438204906|144860607|1585593249|00001291
1585593247-0110-000|8502293344299|8502438204906|144860607|1585593249|00001624
1585593247-0110-000|8502293344299|8502438204906|144860607|1585593249|00001093
1585593247-0110-000|8502293344299|8502438204906|144860607|1585593249|00001359
1585593247-0110-000|8502293344299|8502438204906|144860607|1585593249|00001101
1585593247-0110-000|8502293344299|8502438204906|144860607|1585593249|00000929
1585593247-0110-000|8502293344299|8502438204906|144860607|1585593249|00001133
1585593247-0110-000|8502293344299|8502438204906|144860607|1585593249|00001156
1585593247-0110-000|8502293344299|8502438204906|144860607|1585593249|00001395
1585593247-0110-000|8502293344299|8502438204906|144860607|1585593249|00001343
1585593247-0110-000|8502293344299|8502438204906|144860607|1585593249|00001145
1585593247-0110-000|8502293344299|8502438204906|144860607|1585593249|00001197
1585593247-0110-000|8502293344299|8502438204906|144860607|1585593249|00002067
1585593247-0110-000|8502293344299|8502438204906|144860607|1585593249|00001628
1585593247-0110-000|8502293344299|8502438204906|144860607|1585593249|00000992
1585593247-0110-000|8502293344299|8502438204906|144860607|1585593249|00001316
1585593247-0110-000|8502293344299|8502438204906|144860607|1585593249|00001026
1585593247-0110-000|8502293344299|8502438204906|144860607|1585593249|00000895
1585593247-0110-000|8502293344299|8502438204906|144860607|1585593249|00000966
1585593247-0110-000|8502293344299|8502438204906|144860607|1585593249|00000939
1585593247-0110-000|8502293344299|8502438204906|144860607|1585593249|00001537
1585593247-0110-000|8502293344299|8502438204906|144860607|1585593249|00001195
1585593247-0110-000|8502293344299|8502438204906|144860607|1585593249|00001280
1585593247-0110-000|8502293344299|8502438204906|144860607|1585593249|00001434
1585593247-0110-000|8502293344299|8502438204906|144860607|1585593249|00001146
1585593247-0110-000|8502293344299|8502438204906|144860607|1585593249|00001166
1585593247-0110-000|8502293344299|8502438204906|144860607|1585593249|00003880
1585593247-0110-000|8502293344299|8502438204906|144860607|1585593249|00001117
1585593247-0110-000|8502293344299|8502438204906|144860607|1585593249|00001051
1585593247-0110-000|8502293344299|8502438204906|144860607|1585593249|00001525
1585593247-0110-000|8502293344299|8502438204906|144860607|1585593249|00001194
1585593247-0110-000|8502293344299|8502438204906|144860607|1585593249|00001130
1585593247-0110-000|8502293344299|8502438204906|144860607|1585593249|00001489
1585593247-0110-000|8502293344299|8502438204906|144860607|1585593249|00001195
1585593247-0110-000|8502293344299|8502438204906|144860607|1585593249|00001277
1585593247-0110-000|8502293344299|8502438204906|144860607|1585593249|00005490
1585593247-0110-000|8502293344299|8502438204906|144860607|1585593249|00001016
1585593247-0110-000|8502293344299|8502438204906|144860607|1585593249|00001196
1585593247-0110-000|8502293344299|8502438204906|144860607|1585593249|00001052
1585593247-0110-000|8502293344299|8502438204906|144860607|1585593249|00001074
1585593247-0110-000|8502293344299|8502438204906|144860607|1585593249|00001134
1585593247-0110-000|8502293344299|8502438204906|144860607|1585593249|00001031
1585593247-0110-000|8502293344299|8502438204906|144860607|1585593249|00004543
1585593247-0110-000|8502293344299|8502438204906|144860607|1585593249|00001390
1585593247-0110-000|8502293344299|8502438204906|144860607|1585593249|00003295
1585593247-0110-000|8502293344299|8502438204906|144860607|1585593249|00001322
1585593247-0110-000|8502293344299|850243