<html>
<head><title>502 Bad Gateway</title></head>
<body bgcolor="white">
<center><h1>502 Bad Gateway</h1></center>
<hr><center>nginx/1.10.3 (Ubuntu)</center>
</body>
</html>
|00009328
<html>
<head><title>502 Bad Gateway</title></head>
<body bgcolor="white">
<center><h1>502 Bad Gateway</h1></center>
<hr><center>nginx/1.10.3 (Ubuntu)</center>
</body>
</html>
|00011180
<html>
<head><title>502 Bad Gateway</title></head>
<body bgcolor="white">
<center><h1>502 Bad Gateway</h1></center>
<hr><center>nginx/1.10.3 (Ubuntu)</center>
</body>
</html>
|00012688
<html>
<head><title>502 Bad Gateway</title></head>
<body bgcolor="white">
<center><h1>502 Bad Gateway</h1></center>
<hr><center>nginx/1.10.3 (Ubuntu)</center>
</body>
</html>
|00043626
<html>
<head><title>502 Bad Gateway</title></head>
<body bgcolor="white">
<center><h1>502 Bad Gateway</h1></center>
<hr><center>nginx/1.10.3 (Ubuntu)</center>
</body>
</html>
|00029031
1585593247-0053-000|8507382652918|8507538733525|156080607|1585593254|06309823
1585593247-0053-000|8507382652918|8507538733525|156080607|1585593254|00001159
1585593247-0053-000|8507382652918|8507538733525|156080607|1585593254|00001115
1585593247-0053-000|8507382652918|8507538733525|156080607|1585593254|00000982
1585593247-0053-000|8507382652918|8507538733525|156080607|1585593254|00000974
1585593247-0053-000|8507382652918|8507538733525|156080607|1585593254|00001227
1585593247-0053-000|8507382652918|8507538733525|156080607|1585593254|00001036
1585593247-0053-000|8507382652918|8507538733525|156080607|1585593254|00000951
1585593247-0053-000|8507382652918|8507538733525|156080607|1585593254|00001054
1585593247-0053-000|8507382652918|8507538733525|156080607|1585593254|00001000
1585593247-0053-000|8507382652918|8507538733525|156080607|1585593254|00000998
1585593247-0053-000|8507382652918|8507538733525|156080607|1585593254|00001201
1585593247-0053-000|8507382652918|8507538733525|156080607|1585593254|00001090
1585593247-0053-000|8507382652918|8507538733525|156080607|1585593254|00001037
1585593247-0053-000|8507382652918|8507538733525|156080607|1585593254|00001057
1585593247-0053-000|8507382652918|8507538733525|156080607|1585593254|00000988
1585593247-0053-000|8507382652918|8507538733525|156080607|1585593254|00001104
1585593247-0053-000|8507382652918|8507538733525|156080607|1585593254|00001180
1585593247-0053-000|8507382652918|8507538733525|156080607|1585593254|00000825
1585593247-0053-000|8507382652918|8507538733525|156080607|1585593254|00001072
1585593247-0053-000|8507382652918|8507538733525|156080607|1585593254|00001414
1585593247-0053-000|8507382652918|8507538733525|156080607|1585593254|00001231
1585593247-0053-000|8507382652918|8507538733525|156080607|1585593254|00002471
1585593247-0053-000|8507382652918|8507538733525|156080607|1585593254|00001183
1585593247-0053-000|8507382652918|8507538733525|156080607|1585593254|00000986
1585593247-0053-000|8507382652918|8507538733525|156080607|1585593254|00001342
1585593247-0053-000|8507382652918|8507538733525|156080607|1585593254|00001296
1585593247-0053-000|8507382652918|8507538733525|156080607|1585593254|00001619
1585593247-0053-000|8507382652918|8507538733525|156080607|1585593254|00001434
1585593247-0053-000|8507382652918|8507538733525|156080607|1585593254|00004748
1585593247-0053-000|8507382652918|8507538733525|156080607|1585593254|00001112
1585593247-0053-000|8507382652918|8507538733525|156080607|1585593254|00000969
1585593247-0053-000|8507382652918|8507538733525|156080607|1585593254|00000967
1585593247-0053-000|8507382652918|8507538733525|156080607|1585593254|00001119
1585593247-0053-000|8507382652918|8507538733525|156080607|1585593254|00001046
1585593247-0053-000|8507382652918|8507538733525|156080607|1585593254|00001133
1585593247-0053-000|8507382652918|8507538733525|156080607|1585593254|00000907
1585593247-0053-000|8507382652918|8507538733525|156080607|1585593254|01010498
1585593247-0053-000|8507382652918|8507538733525|156080607|1585593254|00001329
1585593247-0053-000|8507382652918|8507538733525|156080607|1585593254|00001169
1585593247-0053-000|8507382652918|8507538733525|156080607|1585593254|00001188
1585593247-0053-000|8507382652918|8507538733525|156080607|1585593254|00001156
1585593247-0053-000|8507382652918|8507538733525|156080607|1585593254|00001034
1585593247-0053-000|8507382652918|8507538733525|156080607|1585593254|00001158
1585593247-0053-000|8507382652918|8507538733525|156080607|1585593254|00001090
1585593247-0053-000|8507382652918|8507538733525|156080607|1585593254|00001018
1585593247-0053-000|8507382652918|8507538733525|156080607|1585593254|00001046
1585593247-0053-000|8507382652918|8507538733525|156080607|1585593254|00001030
1585593247-0053-000|8507382652918|8507538733525|156080607|1585593254|00000976
1585593247-0053-000|8507382652918|8507538733525|156080607|1585593254|00001045
1585593247-0053-000|8507382652918|8507538733525|156080607|1585593254|00001137
1585593247-0053-000|8507382652918|8507538733525|156080607|1585593254|00001049
1585593247-0053-000|8507382652918|8507538733525|156080607|1585593254|00000965
1585593247-0053-000|8507382652918|8507538733525|156080607|1585593254|00001258
1585593247-0053-000|8507382652918|8507538733525|156080607|1585593254|00002176
1585593247-0053-000|8507382652918|8507538733525|156080607|1585593254|00001111
1585593247-0053-000|8507382652918|8507538733525|156080607|1585593254|00001375
1585593247-0053-000|8507382652918|8507538733525|156080607|1585593254|00001131
1585593247-0053-000|8507382652918|8507538733525|156080607|1585593254|00001031
1585593247-0053-000|8507382652918|8507538733525|156080607|1585593254|00001392
1585593247-0053-000|8507382652918|8507538733525|156080607|1585593254|00001389
1585593247-0053-000|8507382652918|8507538733525|156080607|1585593254|00001141
1585593247-0053-000|8507382652918|8507538733525|156080607|1585593254|00001432
1585593247-0053-000|8507382652918|8507538733525|156080607|1585593254|00001067
1585593247-0053-000|8507382652918|8507538733525|156080607|1585593254|00002702
1585593247-0053-000|8507382652918|8507538733525|156080607|1585593254|00005080
1585593247-0053-000|8507382652918|8507538733525|156080607|1585593254|00001959
1585593247-0053-000|8507382652918|8507538733525|156080607|1585593254|00001937
1585593247-0053-000|8507382652918|8507538733525|156080607|1585593254|00004273
1585593247-0053-000|8507382652918|8507538733525|156080607|1585593254|00001213
1585593247-0053-000|8507382652918|8507538733525|156080607|1585593254|00002309
1585593247-0053-000|8507382652918|8507538733525|156080607|1585593254|00003964
1585593247-0053-000|8507382652918|8507538733525|156080607|1585593254|00001616
1585593247-0053-000|8507382652918|8507538733525|156080607|1585593254|00001969
1585593247-0053-000|8507382652918|8507538733525|156080607|1585593254|00002439
1585593247-0053-000|8507382652918|8507538733525|156080607|1585593254|00001178
1585593247-0053-000|8507382652918|8507538733525|156080607|1585593254|01022283
1585593247-0053-000|8507382652918|8507538733525|156080607|1585593254|00002180
1585593247-0053-000|8507382652918|8507538733525|156080607|1585593254|00001053
1585593247-0053-000|8507382652918|8507538733525|156080607|1585593254|00000877
1585593247-0053-000|8507382652918|8507538733525|156080607|1585593254|00001353
1585593247-0053-000|8507382652918|8507538733525|156080607|1585593254|00000962
1585593247-0053-000|8507382652918|8507538733525|156080607|1585593254|00000972
1585593247-0053-000|8507382652918|8507538733525|156080607|1585593254|00000975
1585593247-0053-000|8507382652918|8507538733525|156080607|1585593254|00001024
1585593247-0053-000|8507382652918|8507538733525|156080607|1585593254|00000993
1585593247-0053-000|8507382652918|8507538733525|156080607|1585593254|00002451
1585593247-0053-000|8507382652918|8507538733525|156080607|1585593254|00001118
1585593247-0053-000|8507382652918|8507538733525|156080607|1585593254|00001207
1585593247-0053-000|8507382652918|8507538733525|156080607|1585593254|00001086
1585593247-0053-000|8507382652918|8507538733525|156080607|1585593254|00001260
1585593247-0053-000|8507382652918|8507538733525|156080607|1585593254|00001405
1585593247-0053-000|8507382652918|8507538733525|15608060