openmpi-slave2|3262919234554|3263020424305|101189751|1585925517|00009806
openmpi-slave2|3262919234554|3263020424305|101189751|1585925517|00014554
openmpi-slave2|3262919234554|3263020424305|101189751|1585925517|00008065
openmpi-slave2|3262919234554|3263020424305|101189751|1585925517|00016665
openmpi-slave2|3262919234554|3263020424305|101189751|1585925517|00053426
openmpi-slave2|3262919234554|3263020424305|101189751|1585925517|00029167
openmpi-slave2|3262919234554|3263020424305|101189751|1585925517|00023656
openmpi-slave2|3262919234554|3263020424305|101189751|1585925517|00031762
openmpi-slave2|3262919234554|3263020424305|101189751|1585925517|00035109
openmpi-slave2|3262919234554|3263020424305|101189751|1585925517|00032573
openmpi-slave2|3262919234554|3263020424305|101189751|1585925517|00028030
openmpi-slave2|3262919234554|3263020424305|101189751|1585925517|00029194
openmpi-slave2|3262919234554|3263020424305|101189751|1585925517|00024135
openmpi-slave2|3274185710067|3274491361303|305651236|1585925529|00024776
openmpi-slave2|3274185710067|3274491361303|305651236|1585925529|00029257
openmpi-slave2|3274185710067|3274491361303|305651236|1585925529|00015232
openmpi-slave2|3274185710067|3274491361303|305651236|1585925529|00018023
openmpi-slave2|3274185710067|3274491361303|305651236|1585925529|00013371
openmpi-slave2|3274185710067|3274491361303|305651236|1585925529|00016386
openmpi-slave2|3274185710067|3274491361303|305651236|1585925529|00012699
openmpi-slave2|3274185710067|3274491361303|305651236|1585925529|00013189
openmpi-slave2|3274185710067|3274491361303|305651236|1585925529|03033545
openmpi-slave2|3274185710067|3274491361303|305651236|1585925529|00007402
openmpi-slave2|3274185710067|3274491361303|305651236|1585925529|00028666
openmpi-slave2|3274185710067|3274491361303|305651236|1585925529|00002007
openmpi-slave2|3274185710067|3274491361303|305651236|1585925529|03034778
openmpi-slave2|3274185710067|3274491361303|305651236|1585925529|00011071
openmpi-slave2|3274185710067|3274491361303|305651236|1585925529|00011544
openmpi-slave2|3274185710067|3274491361303|305651236|1585925529|00009090
openmpi-slave2|3274185710067|3274491361303|305651236|1585925529|00003735
openmpi-slave2|3274185710067|3274491361303|305651236|1585925529|03031145
openmpi-slave2|3274185710067|3274491361303|305651236|1585925529|00002152
openmpi-slave2|3274185710067|3274491361303|305651236|1585925529|00002302
openmpi-slave2|3274185710067|3274491361303|305651236|1585925529|00002516
openmpi-slave2|3274185710067|3274491361303|305651236|1585925529|00002999
openmpi-slave2|3274185710067|3274491361303|305651236|1585925529|00002652
openmpi-slave2|3274185710067|3274491361303|305651236|1585925529|00003410
openmpi-slave2|3274185710067|3274491361303|305651236|1585925529|00003383
openmpi-slave2|3274185710067|3274491361303|305651236|1585925529|00003764
openmpi-slave2|3274185710067|3274491361303|305651236|1585925529|00003498
openmpi-slave2|3274185710067|3274491361303|305651236|1585925529|00009317
openmpi-slave2|3274185710067|3274491361303|305651236|1585925529|01024586
openmpi-slave2|3274185710067|3274491361303|305651236|1585925529|00006097
openmpi-slave2|3274185710067|3274491361303|305651236|1585925529|00009880
openmpi-slave2|3274185710067|3274491361303|305651236|1585925529|00008503
openmpi-slave2|3274185710067|3274491361303|305651236|1585925529|00009191
openmpi-slave2|3274185710067|3274491361303|305651236|1585925529|00007445
openmpi-slave2|3285012341261|3285072807569|60466308|1585925539|03023469
openmpi-slave2|3285012341261|3285072807569|60466308|1585925539|00001638
openmpi-slave2|3285012341261|3285072807569|60466308|1585925539|00004593
openmpi-slave2|3285012341261|3285072807569|60466308|1585925539|00004715
openmpi-slave2|3285012341261|3285072807569|60466308|1585925539|00002116
openmpi-slave2|3285012341261|3285072807569|60466308|1585925539|00003136
openmpi-slave2|3285012341261|3285072807569|60466308|1585925539|00002837
openmpi-slave2|3285012341261|3285072807569|60466308|1585925539|00009902
openmpi-slave2|3285012341261|3285072807569|60466308|1585925539|00008671
openmpi-slave2|3285012341261|3285072807569|60466308|1585925539|01020470
openmpi-slave2|3285012341261|3285072807569|60466308|1585925539|00011101
openmpi-slave2|3285012341261|3285072807569|60466308|1585925539|00008089
openmpi-slave2|3285012341261|3285072807569|60466308|1585925539|00004860
openmpi-slave2|3285012341261|3285072807569|60466308|1585925539|01031402
openmpi-slave2|3285012341261|3285072807569|60466308|1585925539|00009693
openmpi-slave2|3285012341261|3285072807569|60466308|1585925539|00003525
openmpi-slave2|3285012341261|3285072807569|60466308|1585925539|00001534
openmpi-slave2|3285012341261|3285072807569|60466308|1585925539|00001892
openmpi-slave2|3285012341261|3285072807569|60466308|1585925539|01003221
openmpi-slave2|3285012341261|3285072807569|60466308|1585925539|00002983
openmpi-slave2|3285012341261|3285072807569|60466308|1585925539|00001931
openmpi-slave2|3285012341261|3285072807569|60466308|1585925539|01028508
openmpi-slave2|3285012341261|3285072807569|60466308|1585925539|00002589
openmpi-slave2|3285012341261|3285072807569|60466308|1585925539|00002697
openmpi-slave2|3285012341261|3285072807569|60466308|1585925539|00002036
openmpi-slave2|3285012341261|3285072807569|60466308|1585925539|01014873
openmpi-slave2|3285012341261|3285072807569|60466308|1585925539|00010829
openmpi-slave2|3285012341261|3285072807569|60466308|1585925539|00010451
openmpi-slave2|3285012341261|3285072807569|60466308|1585925539|00010573
openmpi-slave2|3285012341261|3285072807569|60466308|1585925539|00007536
openmpi-slave2|3285012341261|3285072807569|60466308|1585925539|00007277
openmpi-slave2|3285012341261|3285072807569|60466308|1585925539|00002165
openmpi-slave2|3285012341261|3285072807569|60466308|1585925539|00002957
openmpi-slave2|3285012341261|3285072807569|60466308|1585925539|00001715
openmpi-slave2|3285012341261|3285072807569|60466308|1585925539|01026591
openmpi-slave2|3285012341261|3285072807569|60466308|1585925539|00008052
openmpi-slave2|3285012341261|3285072807569|60466308|1585925539|00007399
openmpi-slave2|3285012341261|3285072807569|60466308|1585925539|00007017
openmpi-slave2|3285012341261|3285072807569|60466308|1585925539|01029553
openmpi-slave2|3285012341261|3285072807569|60466308|1585925539|00003254
openmpi-slave2|3285012341261|3285072807569|60466308|1585925539|00002554
openmpi-slave2|3285012341261|3285072807569|60466308|1585925539|00002444
openmpi-slave2|3285012341261|3285072807569|60466308|1585925539|00003981
openmpi-slave2|3285012341261|3285072807569|60466308|1585925539|00004152
openmpi-slave2|3285012341261|3285072807569|60466308|1585925539|00004696
openmpi-slave2|3285012341261|3285072807569|60466308|1585925539|00004365
openmpi-slave2|3285012341261|3285072807569|60466308|1585925539|00003954
openmpi-slave2|3285012341261|3285072807569|60466308|1585925539|00003510
openmpi-slave2|3285012341261|3285072807569|60466308|1585925539|00005016
openmpi-slave2|3285012341261|3285072807569|60466308|1585925539|00001983
openmpi-slave2|3285012341261|3285072807569|60466308|1585925539|00001309
openmpi-slave2|3285012341261|3285072807569|60466308|1585925539|00002831
openmpi-slave2|3285012341261|3285072807569|60466308|1585925539|00002542
