openmpi-slave2|3262919234554|3263020424305|101189751|1585925517|00028420
openmpi-slave2|3262919234554|3263020424305|101189751|1585925517|00025866
openmpi-slave2|3262919234554|3263020424305|101189751|1585925517|00030627
openmpi-slave2|3262919234554|3263020424305|101189751|1585925517|00023514
openmpi-slave2|3262919234554|3263020424305|101189751|1585925517|00025230
openmpi-slave2|3262919234554|3263020424305|101189751|1585925517|00034185
openmpi-slave2|3262919234554|3263020424305|101189751|1585925517|00029516
openmpi-slave2|3262919234554|3263020424305|101189751|1585925517|00027779
openmpi-slave2|3262919234554|3263020424305|101189751|1585925517|00031162
openmpi-slave2|3262919234554|3263020424305|101189751|1585925517|00024287
openmpi-slave2|3274185710067|3274491361303|305651236|1585925529|00030961
openmpi-slave2|3274185710067|3274491361303|305651236|1585925529|00024879
openmpi-slave2|3274185710067|3274491361303|305651236|1585925529|00016760
openmpi-slave2|3274185710067|3274491361303|305651236|1585925529|00017383
openmpi-slave2|3274185710067|3274491361303|305651236|1585925529|00016941
openmpi-slave2|3274185710067|3274491361303|305651236|1585925529|00015412
openmpi-slave2|3274185710067|3274491361303|305651236|1585925529|00012992
openmpi-slave2|3274185710067|3274491361303|305651236|1585925529|00014867
openmpi-slave2|3274185710067|3274491361303|305651236|1585925529|03038340
openmpi-slave2|3274185710067|3274491361303|305651236|1585925529|00009748
openmpi-slave2|3274185710067|3274491361303|305651236|1585925529|00008309
openmpi-slave2|3274185710067|3274491361303|305651236|1585925529|00007294
openmpi-slave2|3274185710067|3274491361303|305651236|1585925529|03044292
openmpi-slave2|3274185710067|3274491361303|305651236|1585925529|00010962
openmpi-slave2|3274185710067|3274491361303|305651236|1585925529|00011466
openmpi-slave2|3274185710067|3274491361303|305651236|1585925529|00005471
openmpi-slave2|3274185710067|3274491361303|305651236|1585925529|00003630
openmpi-slave2|3274185710067|3274491361303|305651236|1585925529|03034312
openmpi-slave2|3274185710067|3274491361303|305651236|1585925529|00001411
openmpi-slave2|3274185710067|3274491361303|305651236|1585925529|00002273
openmpi-slave2|3274185710067|3274491361303|305651236|1585925529|00002312
openmpi-slave2|3274185710067|3274491361303|305651236|1585925529|00002562
openmpi-slave2|3274185710067|3274491361303|305651236|1585925529|00002120
openmpi-slave2|3274185710067|3274491361303|305651236|1585925529|00002443
openmpi-slave2|3274185710067|3274491361303|305651236|1585925529|00002971
openmpi-slave2|3274185710067|3274491361303|305651236|1585925529|00001802
openmpi-slave2|3274185710067|3274491361303|305651236|1585925529|00003370
openmpi-slave2|3274185710067|3274491361303|305651236|1585925529|00004277
openmpi-slave2|3274185710067|3274491361303|305651236|1585925529|00005036
openmpi-slave2|3274185710067|3274491361303|305651236|1585925529|00004174
openmpi-slave2|3274185710067|3274491361303|305651236|1585925529|00002597
openmpi-slave2|3274185710067|3274491361303|305651236|1585925529|00002468
openmpi-slave2|3274185710067|3274491361303|305651236|1585925529|01075567
openmpi-slave2|3285012341261|3285072807569|60466308|1585925539|03053134
openmpi-slave2|3285012341261|3285072807569|60466308|1585925539|01017092
openmpi-slave2|3285012341261|3285072807569|60466308|1585925539|00006950
openmpi-slave2|3285012341261|3285072807569|60466308|1585925539|00009313
openmpi-slave2|3285012341261|3285072807569|60466308|1585925539|00006859
openmpi-slave2|3285012341261|3285072807569|60466308|1585925539|03044146
openmpi-slave2|3285012341261|3285072807569|60466308|1585925539|00001797
openmpi-slave2|3285012341261|3285072807569|60466308|1585925539|00002063
openmpi-slave2|3285012341261|3285072807569|60466308|1585925539|00002454
openmpi-slave2|3285012341261|3285072807569|60466308|1585925539|00001878
openmpi-slave2|3285012341261|3285072807569|60466308|1585925539|00002374
openmpi-slave2|3285012341261|3285072807569|60466308|1585925539|00002254
openmpi-slave2|3285012341261|3285072807569|60466308|1585925539|00002556
openmpi-slave2|3285012341261|3285072807569|60466308|1585925539|00001498
openmpi-slave2|3285012341261|3285072807569|60466308|1585925539|00002334
openmpi-slave2|3285012341261|3285072807569|60466308|1585925539|00001942
openmpi-slave2|3285012341261|3285072807569|60466308|1585925539|00004188
openmpi-slave2|3285012341261|3285072807569|60466308|1585925539|00002626
openmpi-slave2|3285012341261|3285072807569|60466308|1585925539|00003388
openmpi-slave2|3285012341261|3285072807569|60466308|1585925539|00005194
openmpi-slave2|3285012341261|3285072807569|60466308|1585925539|00003546
openmpi-slave2|3285012341261|3285072807569|60466308|1585925539|00003511
openmpi-slave2|3285012341261|3285072807569|60466308|1585925539|01020915
openmpi-slave2|3285012341261|3285072807569|60466308|1585925539|00011215
openmpi-slave2|3285012341261|3285072807569|60466308|1585925539|00009766
openmpi-slave2|3285012341261|3285072807569|60466308|1585925539|00010723
openmpi-slave2|3285012341261|3285072807569|60466308|1585925539|00007592
openmpi-slave2|3285012341261|3285072807569|60466308|1585925539|00007625
openmpi-slave2|3285012341261|3285072807569|60466308|1585925539|00002004
openmpi-slave2|3285012341261|3285072807569|60466308|1585925539|00002364
openmpi-slave2|3285012341261|3285072807569|60466308|1585925539|01029211
openmpi-slave2|3285012341261|3285072807569|60466308|1585925539|00007297
openmpi-slave2|3285012341261|3285072807569|60466308|1585925539|00005399
openmpi-slave2|3285012341261|3285072807569|60466308|1585925539|00006781
openmpi-slave2|3285012341261|3285072807569|60466308|1585925539|00005620
openmpi-slave2|3285012341261|3285072807569|60466308|1585925539|00003247
openmpi-slave2|3285012341261|3285072807569|60466308|1585925539|01023559
openmpi-slave2|3285012341261|3285072807569|60466308|1585925539|00003282
openmpi-slave2|3285012341261|3285072807569|60466308|1585925539|00002691
openmpi-slave2|3285012341261|3285072807569|60466308|1585925539|00002623
openmpi-slave2|3285012341261|3285072807569|60466308|1585925539|00004146
openmpi-slave2|3285012341261|3285072807569|60466308|1585925539|00004423
openmpi-slave2|3285012341261|3285072807569|60466308|1585925539|00003851
openmpi-slave2|3285012341261|3285072807569|60466308|1585925539|00004344
openmpi-slave2|3285012341261|3285072807569|60466308|1585925539|00005996
openmpi-slave2|3285012341261|3285072807569|60466308|1585925539|00001622
openmpi-slave2|3285012341261|3285072807569|60466308|1585925539|00002877
openmpi-slave2|3285012341261|3285072807569|60466308|1585925539|00005212
openmpi-slave2|3285012341261|3285072807569|60466308|1585925539|00003756
openmpi-slave2|3285012341261|3285072807569|60466308|1585925539|00002352
openmpi-slave2|3285012341261|3285072807569|60466308|1585925539|00004762
openmpi-slave2|3285012341261|3285072807569|60466308|1585925539|00001625
openmpi-slave2|3285012341261|3285072807569|60466308|1585925539|00005368
openmpi-slave2|3285012341261|3285072807569|60466308|1585925539|00001156
openmpi-slave2|3285012341261|3285072807569|60466308|1585925539|00001456
openmpi-slave2|3285012341261|3285072807569|60466308|1585925539|00001140
openmpi-slave2|3285012341261|3285072807569|60466308|1585925539|00001212
