openmpi-slave1|3263026696581|3263050530181|23833600|1585925517|00018054
openmpi-slave1|3263026696581|3263050530181|23833600|1585925517|00007489
openmpi-slave1|3263026696581|3263050530181|23833600|1585925517|00011017
openmpi-slave1|3263026696581|3263050530181|23833600|1585925517|00022289
openmpi-slave1|3263026696581|3263050530181|23833600|1585925517|00026374
openmpi-slave1|3263026696581|3263050530181|23833600|1585925517|00032213
openmpi-slave1|3263026696581|3263050530181|23833600|1585925517|00027385
openmpi-slave1|3263026696581|3263050530181|23833600|1585925517|00028407
openmpi-slave1|3263026696581|3263050530181|23833600|1585925517|00039409
openmpi-slave1|3263026696581|3263050530181|23833600|1585925517|00029115
openmpi-slave1|3263026696581|3263050530181|23833600|1585925517|00034379
openmpi-slave1|3263026696581|3263050530181|23833600|1585925517|00023037
openmpi-slave1|3263026696581|3263050530181|23833600|1585925517|00029194
openmpi-slave1|3263026696581|3263050530181|23833600|1585925517|00025972
openmpi-slave1|3263026696581|3263050530181|23833600|1585925517|00031550
openmpi-slave1|3263026696581|3263050530181|23833600|1585925517|00022027
openmpi-slave1|3263026696581|3263050530181|23833600|1585925517|00011789
openmpi-slave1|3263026696581|3263050530181|23833600|1585925517|00017972
openmpi-slave1|3274399759818|3274599941550|200181732|1585925529|00017828
openmpi-slave1|3274399759818|3274599941550|200181732|1585925529|00016176
openmpi-slave1|3274399759818|3274599941550|200181732|1585925529|00004484
openmpi-slave1|3274399759818|3274599941550|200181732|1585925529|07273948
openmpi-slave1|3274399759818|3274599941550|200181732|1585925529|00001422
openmpi-slave1|3274399759818|3274599941550|200181732|1585925529|00001622
openmpi-slave1|3274399759818|3274599941550|200181732|1585925529|00001361
openmpi-slave1|3274399759818|3274599941550|200181732|1585925529|00001546
openmpi-slave1|3274399759818|3274599941550|200181732|1585925529|00001022
openmpi-slave1|3274399759818|3274599941550|200181732|1585925529|00001113
openmpi-slave1|3274399759818|3274599941550|200181732|1585925529|00001308
openmpi-slave1|3274399759818|3274599941550|200181732|1585925529|00001169
openmpi-slave1|3274399759818|3274599941550|200181732|1585925529|00001357
openmpi-slave1|3274399759818|3274599941550|200181732|1585925529|00001601
openmpi-slave1|3274399759818|3274599941550|200181732|1585925529|00001275
openmpi-slave1|3274399759818|3274599941550|200181732|1585925529|00001160
openmpi-slave1|3274399759818|3274599941550|200181732|1585925529|00001169
openmpi-slave1|3274399759818|3274599941550|200181732|1585925529|00001547
openmpi-slave1|3274399759818|3274599941550|200181732|1585925529|00001648
openmpi-slave1|3274399759818|3274599941550|200181732|1585925529|00001181
openmpi-slave1|3274399759818|3274599941550|200181732|1585925529|00001062
openmpi-slave1|3274399759818|3274599941550|200181732|1585925529|00001500
openmpi-slave1|3274399759818|3274599941550|200181732|1585925529|00001348
openmpi-slave1|3274399759818|3274599941550|200181732|1585925529|00001360
openmpi-slave1|3274399759818|3274599941550|200181732|1585925529|00001373
openmpi-slave1|3274399759818|3274599941550|200181732|1585925529|00001112
openmpi-slave1|3274399759818|3274599941550|200181732|1585925529|00001197
openmpi-slave1|3274399759818|3274599941550|200181732|1585925529|00001006
openmpi-slave1|3274399759818|3274599941550|200181732|1585925529|00001112
openmpi-slave1|3274399759818|3274599941550|200181732|1585925529|00001160
openmpi-slave1|3274399759818|3274599941550|200181732|1585925529|00001935
openmpi-slave1|3274399759818|3274599941550|200181732|1585925529|00001102
openmpi-slave1|3274399759818|3274599941550|200181732|1585925529|00001298
openmpi-slave1|3274399759818|3274599941550|200181732|1585925529|00001284
openmpi-slave1|3274399759818|3274599941550|200181732|1585925529|00001154
openmpi-slave1|3274399759818|3274599941550|200181732|1585925529|00001239
openmpi-slave1|3274399759818|3274599941550|200181732|1585925529|00001151
openmpi-slave1|3274399759818|3274599941550|200181732|1585925529|00001226
openmpi-slave1|3274399759818|3274599941550|200181732|1585925529|00001384
openmpi-slave1|3274399759818|3274599941550|200181732|1585925529|00001396
openmpi-slave1|3274399759818|3274599941550|200181732|1585925529|00001355
openmpi-slave1|3274399759818|3274599941550|200181732|1585925529|00001321
openmpi-slave1|3274399759818|3274599941550|200181732|1585925529|00001283
openmpi-slave1|3274399759818|3274599941550|200181732|1585925529|00001007
openmpi-slave1|3274399759818|3274599941550|200181732|1585925529|00001278
openmpi-slave1|3274399759818|3274599941550|200181732|1585925529|00001120
openmpi-slave1|3274399759818|3274599941550|200181732|1585925529|00001080
openmpi-slave1|3274399759818|3274599941550|200181732|1585925529|00001279
openmpi-slave1|3274399759818|3274599941550|200181732|1585925529|00001326
openmpi-slave1|3274399759818|3274599941550|200181732|1585925529|00001314
openmpi-slave1|3274399759818|3274599941550|200181732|1585925529|00001502
openmpi-slave1|3274399759818|3274599941550|200181732|1585925529|00001377
openmpi-slave1|3274399759818|3274599941550|200181732|1585925529|00001232
openmpi-slave1|3274399759818|3274599941550|200181732|1585925529|00001321
openmpi-slave1|3274399759818|3274599941550|200181732|1585925529|00001489
openmpi-slave1|3274399759818|3274599941550|200181732|1585925529|00001430
openmpi-slave1|3274399759818|3274599941550|200181732|1585925529|00001511
openmpi-slave1|3274399759818|3274599941550|200181732|1585925529|00001305
openmpi-slave1|3274399759818|3274599941550|200181732|1585925529|00001387
openmpi-slave1|3274399759818|3274599941550|200181732|1585925529|00001386
openmpi-slave1|3274399759818|3274599941550|200181732|1585925529|00001216
openmpi-slave1|3274399759818|3274599941550|200181732|1585925529|00002412
openmpi-slave1|3274399759818|3274599941550|200181732|1585925529|00001456
openmpi-slave1|3274399759818|3274599941550|200181732|1585925529|00001170
openmpi-slave1|3274399759818|3274599941550|200181732|1585925529|00001190
openmpi-slave1|3274399759818|3274599941550|200181732|1585925529|00001127
openmpi-slave1|3274399759818|3274599941550|200181732|1585925529|00001241
openmpi-slave1|3274399759818|3274599941550|200181732|1585925529|00001545
openmpi-slave1|3274399759818|3274599941550|200181732|1585925529|00001262
openmpi-slave1|3274399759818|3274599941550|200181732|1585925529|00001206
openmpi-slave1|3274399759818|3274599941550|200181732|1585925529|00001270
openmpi-slave1|3274399759818|3274599941550|200181732|1585925529|00001145
openmpi-slave1|3274399759818|3274599941550|200181732|1585925529|00001324
openmpi-slave1|3274399759818|3274599941550|200181732|1585925529|00001120
openmpi-slave1|3274399759818|3274599941550|200181732|1585925529|00001631
openmpi-slave1|3274399759818|3274599941550|200181732|1585925529|00001525
openmpi-slave1|3274399759818|3274599941550|200181732|1585925529|00001268
openmpi-slave1|3274399759818|3274599941550|200181732|1585925529|00001318
openmpi-slave1|3274399759818|3274599941550|200181732|1585925529|00001116
openmpi-slave1|3274399759818|3274599941550|200181732|1585925529|00001232
openmpi-slave1|3274399759818|3274599941550|200181732|1585925529|00001169
openmpi-slave1|3274399759818|3274599941550|200181732|1585925529|01011223
