openmpi-slave4|3262931397670|3263022658679|91261009|1585925517|00022739
openmpi-slave4|3262931397670|3263022658679|91261009|1585925517|00018913
openmpi-slave4|3262931397670|3263022658679|91261009|1585925517|00030990
openmpi-slave4|3262931397670|3263022658679|91261009|1585925517|00024637
openmpi-slave4|3262931397670|3263022658679|91261009|1585925517|00024097
openmpi-slave4|3262931397670|3263022658679|91261009|1585925517|00031142
openmpi-slave4|3262931397670|3263022658679|91261009|1585925517|00032076
openmpi-slave4|3262931397670|3263022658679|91261009|1585925517|00028405
openmpi-slave4|3262931397670|3263022658679|91261009|1585925517|00040382
openmpi-slave4|3262931397670|3263022658679|91261009|1585925517|00032301
openmpi-slave4|3262931397670|3263022658679|91261009|1585925517|00029611
openmpi-slave4|3274195080304|3274505882326|310802022|1585925529|00024857
openmpi-slave4|3274195080304|3274505882326|310802022|1585925529|00017666
openmpi-slave4|3274195080304|3274505882326|310802022|1585925529|00017552
openmpi-slave4|3274195080304|3274505882326|310802022|1585925529|00023819
openmpi-slave4|3274195080304|3274505882326|310802022|1585925529|00012955
openmpi-slave4|3274195080304|3274505882326|310802022|1585925529|00015671
openmpi-slave4|3274195080304|3274505882326|310802022|1585925529|00015184
openmpi-slave4|3274195080304|3274505882326|310802022|1585925529|00003648
openmpi-slave4|3274195080304|3274505882326|310802022|1585925529|00002467
openmpi-slave4|3274195080304|3274505882326|310802022|1585925529|00001357
openmpi-slave4|3274195080304|3274505882326|310802022|1585925529|00001058
openmpi-slave4|3274195080304|3274505882326|310802022|1585925529|00000972
openmpi-slave4|3274195080304|3274505882326|310802022|1585925529|03038881
openmpi-slave4|3274195080304|3274505882326|310802022|1585925529|00008568
openmpi-slave4|3274195080304|3274505882326|310802022|1585925529|00005313
openmpi-slave4|3274195080304|3274505882326|310802022|1585925529|01031327
openmpi-slave4|3274195080304|3274505882326|310802022|1585925529|00001284
openmpi-slave4|3274195080304|3274505882326|310802022|1585925529|03041302
openmpi-slave4|3274195080304|3274505882326|310802022|1585925529|00005831
openmpi-slave4|3274195080304|3274505882326|310802022|1585925529|00004813
openmpi-slave4|3274195080304|3274505882326|310802022|1585925529|00004323
openmpi-slave4|3274195080304|3274505882326|310802022|1585925529|00007340
openmpi-slave4|3274195080304|3274505882326|310802022|1585925529|00005776
openmpi-slave4|3274195080304|3274505882326|310802022|1585925529|00003185
openmpi-slave4|3274195080304|3274505882326|310802022|1585925529|00002912
openmpi-slave4|3274195080304|3274505882326|310802022|1585925529|01026737
openmpi-slave4|3274195080304|3274505882326|310802022|1585925529|00004552
openmpi-slave4|3274195080304|3274505882326|310802022|1585925529|00004862
openmpi-slave4|3274195080304|3274505882326|310802022|1585925529|00001565
openmpi-slave4|3274195080304|3274505882326|310802022|1585925529|00001438
openmpi-slave4|3274195080304|3274505882326|310802022|1585925529|00001198
openmpi-slave4|3274195080304|3274505882326|310802022|1585925529|00001523
openmpi-slave4|3274195080304|3274505882326|310802022|1585925529|00001319
openmpi-slave4|3274195080304|3274505882326|310802022|1585925529|00001244
openmpi-slave4|3274195080304|3274505882326|310802022|1585925529|00001267
openmpi-slave4|3274195080304|3274505882326|310802022|1585925529|00001385
openmpi-slave4|3274195080304|3274505882326|310802022|1585925529|00001126
openmpi-slave4|3274195080304|3274505882326|310802022|1585925529|00001461
openmpi-slave4|3274195080304|3274505882326|310802022|1585925529|00001149
openmpi-slave4|3274195080304|3274505882326|310802022|1585925529|00001472
openmpi-slave4|3274195080304|3274505882326|310802022|1585925529|00001986
openmpi-slave4|3274195080304|3274505882326|310802022|1585925529|00001027
openmpi-slave4|3274195080304|3274505882326|310802022|1585925529|00000924
openmpi-slave4|3274195080304|3274505882326|310802022|1585925529|00001050
openmpi-slave4|3274195080304|3274505882326|310802022|1585925529|00001137
openmpi-slave4|3274195080304|3274505882326|310802022|1585925529|00001053
openmpi-slave4|3274195080304|3274505882326|310802022|1585925529|00001465
openmpi-slave4|3274195080304|3274505882326|310802022|1585925529|00001905
openmpi-slave4|3274195080304|3274505882326|310802022|1585925529|00001122
openmpi-slave4|3274195080304|3274505882326|310802022|1585925529|00001739
openmpi-slave4|3274195080304|3274505882326|310802022|1585925529|00001163
openmpi-slave4|3274195080304|3274505882326|310802022|1585925529|00001450
openmpi-slave4|3274195080304|3274505882326|310802022|1585925529|00001146
openmpi-slave4|3274195080304|3274505882326|310802022|1585925529|00001333
openmpi-slave4|3274195080304|3274505882326|310802022|1585925529|00001323
openmpi-slave4|3274195080304|3274505882326|310802022|1585925529|00001349
openmpi-slave4|3274195080304|3274505882326|310802022|1585925529|00001274
openmpi-slave4|3274195080304|3274505882326|310802022|1585925529|00001218
openmpi-slave4|3274195080304|3274505882326|310802022|1585925529|00001163
openmpi-slave4|3274195080304|3274505882326|310802022|1585925529|00001114
openmpi-slave4|3274195080304|3274505882326|310802022|1585925529|00001178
openmpi-slave4|3274195080304|3274505882326|310802022|1585925529|00002047
openmpi-slave4|3274195080304|3274505882326|310802022|1585925529|00001363
openmpi-slave4|3274195080304|3274505882326|310802022|1585925529|00001689
openmpi-slave4|3274195080304|3274505882326|310802022|1585925529|00002022
openmpi-slave4|3274195080304|3274505882326|310802022|1585925529|00001398
openmpi-slave4|3274195080304|3274505882326|310802022|1585925529|00001358
openmpi-slave4|3274195080304|3274505882326|310802022|1585925529|01013884
openmpi-slave4|3274195080304|3274505882326|310802022|1585925529|00000938
openmpi-slave4|3274195080304|3274505882326|310802022|1585925529|00001292
openmpi-slave4|3274195080304|3274505882326|310802022|1585925529|00001420
openmpi-slave4|3274195080304|3274505882326|310802022|1585925529|00001367
openmpi-slave4|3274195080304|3274505882326|310802022|1585925529|00001082
openmpi-slave4|3274195080304|3274505882326|310802022|1585925529|00001098
openmpi-slave4|3274195080304|3274505882326|310802022|1585925529|00001114
openmpi-slave4|3274195080304|3274505882326|310802022|1585925529|00001012
openmpi-slave4|3274195080304|3274505882326|310802022|1585925529|00001308
openmpi-slave4|3274195080304|3274505882326|310802022|1585925529|00001150
openmpi-slave4|3274195080304|3274505882326|310802022|1585925529|00001586
openmpi-slave4|3284847071732|3284966450223|119378491|1585925539|07057418
openmpi-slave4|3284847071732|3284966450223|119378491|1585925539|00001028
openmpi-slave4|3284847071732|3284966450223|119378491|1585925539|00001039
openmpi-slave4|3284847071732|3284966450223|119378491|1585925539|00001245
openmpi-slave4|3284847071732|3284966450223|119378491|1585925539|00001150
openmpi-slave4|3284847071732|3284966450223|119378491|1585925539|00000913
openmpi-slave4|3284847071732|3284966450223|119378491|1585925539|00001003
openmpi-slave4|3284847071732|3284966450223|119378491|1585925539|00000971
openmpi-slave4|3284847071732|3284966450223|119378491|1585925539|00001150
openmpi-slave4|3284847071732|3284966450223|119378491|1585925539|00001094
