openmpi-slave1|3263026696581|3263050530181|23833600|1585925517|00026785
openmpi-slave1|3263026696581|3263050530181|23833600|1585925517|00031492
openmpi-slave1|3263026696581|3263050530181|23833600|1585925517|00030508
openmpi-slave1|3263026696581|3263050530181|23833600|1585925517|00025071
openmpi-slave1|3263026696581|3263050530181|23833600|1585925517|00038119
openmpi-slave1|3263026696581|3263050530181|23833600|1585925517|00031755
openmpi-slave1|3263026696581|3263050530181|23833600|1585925517|00027655
openmpi-slave1|3263026696581|3263050530181|23833600|1585925517|00033048
openmpi-slave1|3263026696581|3263050530181|23833600|1585925517|00032807
openmpi-slave1|3263026696581|3263050530181|23833600|1585925517|00045923
openmpi-slave1|3263026696581|3263050530181|23833600|1585925517|00024277
openmpi-slave1|3263026696581|3263050530181|23833600|1585925517|00015289
openmpi-slave1|3263026696581|3263050530181|23833600|1585925517|00020362
openmpi-slave1|3274399759818|3274599941550|200181732|1585925529|00013020
openmpi-slave1|3274399759818|3274599941550|200181732|1585925529|00018204
openmpi-slave1|3274399759818|3274599941550|200181732|1585925529|03027031
openmpi-slave1|3274399759818|3274599941550|200181732|1585925529|00005657
openmpi-slave1|3274399759818|3274599941550|200181732|1585925529|00006589
openmpi-slave1|3274399759818|3274599941550|200181732|1585925529|00007518
openmpi-slave1|3274399759818|3274599941550|200181732|1585925529|00026096
openmpi-slave1|3274399759818|3274599941550|200181732|1585925529|00001299
openmpi-slave1|3274399759818|3274599941550|200181732|1585925529|00002110
openmpi-slave1|3274399759818|3274599941550|200181732|1585925529|00001476
openmpi-slave1|3274399759818|3274599941550|200181732|1585925529|00001194
openmpi-slave1|3274399759818|3274599941550|200181732|1585925529|00001388
openmpi-slave1|3274399759818|3274599941550|200181732|1585925529|00001417
openmpi-slave1|3274399759818|3274599941550|200181732|1585925529|07271431
openmpi-slave1|3274399759818|3274599941550|200181732|1585925529|00001256
openmpi-slave1|3274399759818|3274599941550|200181732|1585925529|00001136
openmpi-slave1|3274399759818|3274599941550|200181732|1585925529|00001264
openmpi-slave1|3274399759818|3274599941550|200181732|1585925529|00001253
openmpi-slave1|3274399759818|3274599941550|200181732|1585925529|00001101
openmpi-slave1|3274399759818|3274599941550|200181732|1585925529|00001272
openmpi-slave1|3274399759818|3274599941550|200181732|1585925529|00001242
openmpi-slave1|3274399759818|3274599941550|200181732|1585925529|00001178
openmpi-slave1|3274399759818|3274599941550|200181732|1585925529|00001212
openmpi-slave1|3274399759818|3274599941550|200181732|1585925529|00001300
openmpi-slave1|3284891955385|3284997726490|105771105|1585925539|00001201
openmpi-slave1|3284891955385|3284997726490|105771105|1585925539|00001437
openmpi-slave1|3284891955385|3284997726490|105771105|1585925539|00001156
openmpi-slave1|3284891955385|3284997726490|105771105|1585925539|00001322
openmpi-slave1|3284891955385|3284997726490|105771105|1585925539|00001162
openmpi-slave1|3284891955385|3284997726490|105771105|1585925539|00001277
openmpi-slave1|3284891955385|3284997726490|105771105|1585925539|00001317
openmpi-slave1|3284891955385|3284997726490|105771105|1585925539|00001205
openmpi-slave1|3284891955385|3284997726490|105771105|1585925539|00001275
openmpi-slave1|3284891955385|3284997726490|105771105|1585925539|00001126
openmpi-slave1|3284891955385|3284997726490|105771105|1585925539|00001060
openmpi-slave1|3284891955385|3284997726490|105771105|1585925539|00001156
openmpi-slave1|3284891955385|3284997726490|105771105|1585925539|00001186
openmpi-slave1|3284891955385|3284997726490|105771105|1585925539|00001083
openmpi-slave1|3284891955385|3284997726490|105771105|1585925539|00001236
openmpi-slave1|3284891955385|3284997726490|105771105|1585925539|00001223
openmpi-slave1|3284891955385|3284997726490|105771105|1585925539|00001141
openmpi-slave1|3284891955385|3284997726490|105771105|1585925539|00001187
openmpi-slave1|3284891955385|3284997726490|105771105|1585925539|00001168
openmpi-slave1|3284891955385|3284997726490|105771105|1585925539|00001207
openmpi-slave1|3284891955385|3284997726490|105771105|1585925539|00001180
openmpi-slave1|3284891955385|3284997726490|105771105|1585925539|00001005
openmpi-slave1|3284891955385|3284997726490|105771105|1585925539|00001218
openmpi-slave1|3284891955385|3284997726490|105771105|1585925539|00001253
openmpi-slave1|3284891955385|3284997726490|105771105|1585925539|00001203
openmpi-slave1|3284891955385|3284997726490|105771105|1585925539|00001313
openmpi-slave1|3284891955385|3284997726490|105771105|1585925539|00001238
openmpi-slave1|3284891955385|3284997726490|105771105|1585925539|00001288
openmpi-slave1|3284891955385|3284997726490|105771105|1585925539|00003641
openmpi-slave1|3284891955385|3284997726490|105771105|1585925539|00001322
openmpi-slave1|3284891955385|3284997726490|105771105|1585925539|00001223
openmpi-slave1|3284891955385|3284997726490|105771105|1585925539|00001235
openmpi-slave1|3284891955385|3284997726490|105771105|1585925539|00001227
openmpi-slave1|3284891955385|3284997726490|105771105|1585925539|00001047
openmpi-slave1|3284891955385|3284997726490|105771105|1585925539|00001047
openmpi-slave1|3284891955385|3284997726490|105771105|1585925539|00001296
openmpi-slave1|3284891955385|3284997726490|105771105|1585925539|00001180
openmpi-slave1|3284891955385|3284997726490|105771105|1585925539|00001394
openmpi-slave1|3284891955385|3284997726490|105771105|1585925539|00001285
openmpi-slave1|3284891955385|3284997726490|105771105|1585925539|00001137
openmpi-slave1|3284891955385|3284997726490|105771105|1585925539|00001121
openmpi-slave1|3284891955385|3284997726490|105771105|1585925539|00001471
openmpi-slave1|3284891955385|3284997726490|105771105|1585925539|00001360
openmpi-slave1|3284891955385|3284997726490|105771105|1585925539|00001009
openmpi-slave1|3284891955385|3284997726490|105771105|1585925539|00001342
openmpi-slave1|3284891955385|3284997726490|105771105|1585925539|00001399
openmpi-slave1|3284891955385|3284997726490|105771105|1585925539|00001128
openmpi-slave1|3284891955385|3284997726490|105771105|1585925539|00001193
openmpi-slave1|3284891955385|3284997726490|105771105|1585925539|00001062
openmpi-slave1|3284891955385|3284997726490|105771105|1585925539|00001166
openmpi-slave1|3284891955385|3284997726490|105771105|1585925539|00001137
openmpi-slave1|3284891955385|3284997726490|105771105|1585925539|00001124
openmpi-slave1|3284891955385|3284997726490|105771105|1585925539|00001184
openmpi-slave1|3284891955385|3284997726490|105771105|1585925539|00001132
openmpi-slave1|3284891955385|3284997726490|105771105|1585925539|00001112
openmpi-slave1|3284891955385|3284997726490|105771105|1585925539|00001110
openmpi-slave1|3284891955385|3284997726490|105771105|1585925539|00001100
openmpi-slave1|3284891955385|3284997726490|105771105|1585925539|00001252
openmpi-slave1|3284891955385|3284997726490|105771105|1585925539|00001300
openmpi-slave1|3284891955385|3284997726490|105771105|1585925539|00001468
openmpi-slave1|3284891955385|3284997726490|105771105|1585925539|00001360
openmpi-slave1|3284891955385|3284997726490|105771105|1585925539|00001188
openmpi-slave1|3284891955385|3284997726490|105771105|1585925539|00001177
