openmpi-slave3|3262955256486|3263029129409|73872923|1585925517|00057524
openmpi-slave3|3262955256486|3263029129409|73872923|1585925517|00026368
openmpi-slave3|3262955256486|3263029129409|73872923|1585925517|00025868
openmpi-slave3|3262955256486|3263029129409|73872923|1585925517|00027675
openmpi-slave3|3262955256486|3263029129409|73872923|1585925517|00032362
openmpi-slave3|3262955256486|3263029129409|73872923|1585925517|00027520
openmpi-slave3|3262955256486|3263029129409|73872923|1585925517|00031467
openmpi-slave3|3262955256486|3263029129409|73872923|1585925517|00034050
openmpi-slave3|3262955256486|3263029129409|73872923|1585925517|00029903
openmpi-slave3|3262955256486|3263029129409|73872923|1585925517|00025092
openmpi-slave3|3262955256486|3263029129409|73872923|1585925517|00024319
openmpi-slave3|3262955256486|3263029129409|73872923|1585925517|00016112
openmpi-slave3|3262955256486|3263029129409|73872923|1585925517|00014616
openmpi-slave3|3262955256486|3263029129409|73872923|1585925517|00013639
openmpi-slave3|3262955256486|3263029129409|73872923|1585925517|00018045
openmpi-slave3|3262955256486|3263029129409|73872923|1585925517|00015753
openmpi-slave3|3262955256486|3263029129409|73872923|1585925517|00012553
openmpi-slave3|3274521155211|3274635060404|113905193|1585925529|03021355
openmpi-slave3|3274521155211|3274635060404|113905193|1585925529|00001185
openmpi-slave3|3274521155211|3274635060404|113905193|1585925529|00001981
openmpi-slave3|3274521155211|3274635060404|113905193|1585925529|00002072
openmpi-slave3|3274521155211|3274635060404|113905193|1585925529|00002759
openmpi-slave3|3274521155211|3274635060404|113905193|1585925529|00002760
openmpi-slave3|3274521155211|3274635060404|113905193|1585925529|00005356
openmpi-slave3|3274521155211|3274635060404|113905193|1585925529|00007496
openmpi-slave3|3274521155211|3274635060404|113905193|1585925529|00026481
openmpi-slave3|3274521155211|3274635060404|113905193|1585925529|00001797
openmpi-slave3|3274521155211|3274635060404|113905193|1585925529|03018993
openmpi-slave3|3274521155211|3274635060404|113905193|1585925529|00001555
openmpi-slave3|3274521155211|3274635060404|113905193|1585925529|00001879
openmpi-slave3|3274521155211|3274635060404|113905193|1585925529|00002427
openmpi-slave3|3274521155211|3274635060404|113905193|1585925529|00002627
openmpi-slave3|3274521155211|3274635060404|113905193|1585925529|00002115
openmpi-slave3|3274521155211|3274635060404|113905193|1585925529|00006206
openmpi-slave3|3274521155211|3274635060404|113905193|1585925529|00008154
openmpi-slave3|3274521155211|3274635060404|113905193|1585925529|00011085
openmpi-slave3|3274521155211|3274635060404|113905193|1585925529|00004979
openmpi-slave3|3274521155211|3274635060404|113905193|1585925529|01015859
openmpi-slave3|3274521155211|3274635060404|113905193|1585925529|00007578
openmpi-slave3|3274521155211|3274635060404|113905193|1585925529|01014602
openmpi-slave3|3274521155211|3274635060404|113905193|1585925529|00005711
openmpi-slave3|3274521155211|3274635060404|113905193|1585925529|00003941
openmpi-slave3|3274521155211|3274635060404|113905193|1585925529|00008021
openmpi-slave3|3274521155211|3274635060404|113905193|1585925529|01006511
openmpi-slave3|3274521155211|3274635060404|113905193|1585925529|00004423
openmpi-slave3|3274521155211|3274635060404|113905193|1585925529|00005844
openmpi-slave3|3274521155211|3274635060404|113905193|1585925529|00004235
openmpi-slave3|3274521155211|3274635060404|113905193|1585925529|00002918
openmpi-slave3|3274521155211|3274635060404|113905193|1585925529|00001745
openmpi-slave3|3274521155211|3274635060404|113905193|1585925529|00002137
openmpi-slave3|3274521155211|3274635060404|113905193|1585925529|01051507
openmpi-slave3|3284886472159|3284998019392|111547233|1585925539|03020271
openmpi-slave3|3284886472159|3284998019392|111547233|1585925539|00001250
openmpi-slave3|3284886472159|3284998019392|111547233|1585925539|00001082
openmpi-slave3|3284886472159|3284998019392|111547233|1585925539|00001351
openmpi-slave3|3284886472159|3284998019392|111547233|1585925539|00001110
openmpi-slave3|3284886472159|3284998019392|111547233|1585925539|00001180
openmpi-slave3|3284886472159|3284998019392|111547233|1585925539|00000955
openmpi-slave3|3284886472159|3284998019392|111547233|1585925539|00001195
openmpi-slave3|3284886472159|3284998019392|111547233|1585925539|00001083
openmpi-slave3|3284886472159|3284998019392|111547233|1585925539|00001423
openmpi-slave3|3284886472159|3284998019392|111547233|1585925539|00001834
openmpi-slave3|3284886472159|3284998019392|111547233|1585925539|00002609
openmpi-slave3|3284886472159|3284998019392|111547233|1585925539|00001595
openmpi-slave3|3284886472159|3284998019392|111547233|1585925539|00003154
openmpi-slave3|3284886472159|3284998019392|111547233|1585925539|00003268
openmpi-slave3|3284886472159|3284998019392|111547233|1585925539|00002305
openmpi-slave3|3284886472159|3284998019392|111547233|1585925539|00001694
openmpi-slave3|3284886472159|3284998019392|111547233|1585925539|00001258
openmpi-slave3|3284886472159|3284998019392|111547233|1585925539|00004548
openmpi-slave3|3284886472159|3284998019392|111547233|1585925539|00005276
openmpi-slave3|3284886472159|3284998019392|111547233|1585925539|00003212
openmpi-slave3|3284886472159|3284998019392|111547233|1585925539|01015285
openmpi-slave3|3284886472159|3284998019392|111547233|1585925539|00002594
openmpi-slave3|3284886472159|3284998019392|111547233|1585925539|00001787
openmpi-slave3|3284886472159|3284998019392|111547233|1585925539|00001388
openmpi-slave3|3284886472159|3284998019392|111547233|1585925539|00001973
openmpi-slave3|3284886472159|3284998019392|111547233|1585925539|00012117
openmpi-slave3|3284886472159|3284998019392|111547233|1585925539|00009276
openmpi-slave3|3284886472159|3284998019392|111547233|1585925539|01029972
openmpi-slave3|3284886472159|3284998019392|111547233|1585925539|00007574
openmpi-slave3|3284886472159|3284998019392|111547233|1585925539|01009276
openmpi-slave3|3284886472159|3284998019392|111547233|1585925539|00001298
openmpi-slave3|3284886472159|3284998019392|111547233|1585925539|00001524
openmpi-slave3|3284886472159|3284998019392|111547233|1585925539|00002159
openmpi-slave3|3284886472159|3284998019392|111547233|1585925539|00001955
openmpi-slave3|3284886472159|3284998019392|111547233|1585925539|00004127
openmpi-slave3|3284886472159|3284998019392|111547233|1585925539|00002825
openmpi-slave3|3284886472159|3284998019392|111547233|1585925539|00002752
openmpi-slave3|3284886472159|3284998019392|111547233|1585925539|00002253
openmpi-slave3|3284886472159|3284998019392|111547233|1585925539|01004984
openmpi-slave3|3284886472159|3284998019392|111547233|1585925539|00002772
openmpi-slave3|3284886472159|3284998019392|111547233|1585925539|00005779
openmpi-slave3|3284886472159|3284998019392|111547233|1585925539|00005515
openmpi-slave3|3284886472159|3284998019392|111547233|1585925539|00006357
openmpi-slave3|3284886472159|3284998019392|111547233|1585925539|00003168
openmpi-slave3|3284886472159|3284998019392|111547233|1585925539|00003178
openmpi-slave3|3284886472159|3284998019392|111547233|1585925539|00002100
openmpi-slave3|3284886472159|3284998019392|111547233|1585925539|01036896
openmpi-slave3|3284886472159|3284998019392|111547233|1585925539|00006811
