openmpi-slave1|4225468169157|4225549914051|81744894|1585926470|00377956
openmpi-slave1|4226034786489|4226128993240|94206751|1585926471|00577957
openmpi-slave1|4226634642356|4226746621770|111979414|1585926472|00624225
openmpi-slave1|4227154692855|4227297498700|142805845|1585926472|00546302
openmpi-slave1|4227662394728|4227812132024|149737296|1585926473|00518946
openmpi-slave1|4228274458116|4228395823945|121365829|1585926473|00596060
openmpi-slave1|4228800841856|4228941421700|140579844|1585926474|00531686
openmpi-slave1|4229410768436|4229553020340|142251904|1585926474|00623906
openmpi-slave1|4229982257121|4230133050202|150793081|1585926475|00563784
openmpi-slave1|4230602603556|4230757732231|155128675|1585926476|00623988
openmpi-slave1|4231200766749|4231330883167|130116418|1585926476|00587860
openmpi-slave1|4231742428678|4231892180687|149752009|1585926477|00547923
openmpi-slave1|4232336451039|4232480163697|143712658|1585926477|00587799
openmpi-slave1|4232889235205|4233052167388|162932183|1585926478|00571922
openmpi-slave1|4233547439143|4233683296894|135857751|1585926478|00639901
openmpi-slave1|4234145682419|4234300068728|154386309|1585926479|00607766
openmpi-slave1|4234726254769|4234889261415|163006646|1585926480|00587955
openmpi-slave1|4235334075079|4235476643608|142568529|1585926480|00584883
openmpi-slave1|4235952379011|4236087652693|135273682|1585926481|00623028
openmpi-slave1|4236563358746|4236736917710|173558964|1585926482|00639791
openmpi-slave1|4237279386943|4237449378301|169991358|1585926482|00719946
openmpi-slave1|4237984971382|4238138840193|153868811|1585926483|00687959
openmpi-slave1|4238639903010|4238801755967|161852957|1585926484|00663787
openmpi-slave1|4239298167657|4239468357012|170189355|1585926484|00656613
openmpi-slave1|4239971668752|4240129910394|158241642|1585926485|00675179
openmpi-slave1|4240530601409|4240675385626|144784217|1585926485|00543847
openmpi-slave1|4241158855015|4241303614060|144759045|1585926486|00635888
openmpi-slave1|4241770121904|4241913878831|143756927|1585926487|00599735
openmpi-slave1|4242366476623|4242506042328|139565705|1585926487|00587864
openmpi-slave1|4242988609334|4243115781257|127171923|1585926488|00620752
openmpi-slave1|4243485740101|4243633169955|147429854|1585926488|00501625
openmpi-slave1|4244110350106|4244283797282|173447176|1585926489|00664020
openmpi-slave1|4244742394718|4244892351830|149957112|1585926490|00593804
openmpi-slave1|4245332632904|4245474121683|141488779|1585926490|00595263
openmpi-slave1|4245977601405|4246121216043|143614638|1585926491|00635547
openmpi-slave1|4246582392530|4246734400091|152007561|1585926492|00620187
openmpi-slave1|4247144752219|4247277925572|133173353|1585926492|00547845
openmpi-slave1|4247757670052|4247925246579|167576527|1585926493|00637488
openmpi-slave1|4248424421801|4248569906544|145484743|1585926493|00650134
openmpi-slave1|4248974026468|4249120276949|146250481|1585926494|00543843
openmpi-slave1|4249582717068|4249726083305|143366237|1585926494|00608154
openmpi-slave1|4250225491811|4250358058959|132567148|1585926495|00638231
openmpi-slave1|4250719950872|4250858547645|138596773|1585926496|00499245
openmpi-slave1|4251338766226|4251473695428|134929202|1585926496|00609812
openmpi-slave1|4251854448331|4252011075580|156627249|1585926497|00543943
openmpi-slave1|4252483691485|4252610561762|126870277|1585926497|00603926
openmpi-slave1|4253090509154|4253248187786|157678632|1585926498|00620292
openmpi-slave1|4253660912306|4253801842507|140930201|1585926499|00565485
openmpi-slave1|4254259626152|4254401898599|142272447|1585926499|00602372
openmpi-slave1|4254844422726|4254975383704|130960978|1585926500|00575475
openmpi-slave1|4255465028430|4255595113196|130084766|1585926500|00619713
openmpi-slave1|4256050091571|4256199050327|148958756|1585926501|00599930
openmpi-slave1|4256658081819|4256802015006|143933187|1585926502|00595805
openmpi-slave1|4257272795899|4257403561955|130766056|1585926502|00607864
openmpi-slave1|4257850053922|4258010527258|160473336|1585926503|00601736
openmpi-slave1|4258494705195|4258652843880|158138685|1585926503|00635150
openmpi-slave1|4259134823629|4259279062748|144239119|1585926504|00644029
openmpi-slave1|4259715031403|4259884331066|169299663|1585926505|00587322
openmpi-slave1|4260359216676|4260507919712|148703036|1585926505|00632052
openmpi-slave1|4261025327436|4261154914703|129587267|1585926506|00650901
openmpi-slave1|4261519336330|4261654336079|134999749|1585926506|00497029
openmpi-slave1|4262144895991|4262267832863|122936872|1585926507|00618798
openmpi-slave1|4262646234337|4262797808023|151573686|1585926508|00523779
openmpi-slave1|4263274136772|4263428232836|154096064|1585926508|00620548
openmpi-slave1|4263846358377|4264004512168|158153791|1585926509|00579374
openmpi-slave1|4264462826817|4264610237190|147410373|1585926509|00615785
openmpi-slave1|4265097789131|4265234963033|137173902|1585926510|00627991
openmpi-slave1|4265626632070|4265772352683|145720613|1585926511|00523847
openmpi-slave1|4266261999141|4266408645939|146646798|1585926511|00634365
openmpi-slave1|4266810399236|4266964640201|154240965|1585926512|00557385
openmpi-slave1|4267420993007|4267559245568|138252561|1585926512|00607818
openmpi-slave1|4268074590874|4268223865302|149274428|1585926513|00655883
openmpi-slave1|4268636337974|4268772864164|136526190|1585926514|00547843
openmpi-slave1|4269232536199|4269366241840|133705641|1585926514|00595780
openmpi-slave1|4269809839977|4269951628495|141788518|1585926515|00591952
openmpi-slave1|4270404461912|4270548159961|143698049|1585926515|00580265
openmpi-slave1|4271015805087|4271176381945|160576858|1585926516|00628260
openmpi-slave1|4271592391702|4271729439674|137047972|1585926516|00563071
openmpi-slave1|4272158416031|4272307734321|149318290|1585926517|00588006
openmpi-slave1|4272802828111|4272950563013|147734902|1585926518|00639825
openmpi-slave1|4273378066224|4273549622137|171555913|1585926518|00583903
openmpi-slave1|4274038046019|4274204752194|166706175|1585926519|00655771
openmpi-slave1|4274643975854|4274798168563|154192709|1585926520|00604880
openmpi-slave1|4275264427039|4275390601388|126174349|1585926520|00586923
openmpi-slave1|4275873976330|4276023058017|149081687|1585926521|00637852
openmpi-slave1|4276470944635|4276663358619|192413984|1585926521|00641921
openmpi-slave1|4277128058185|4277254931380|126873195|1585926522|00587818
openmpi-slave1|4277682234731|4277826691670|144456939|1585926523|00567942
openmpi-slave1|4278252633333|4278393081856|140448523|1585926523|00563753
openmpi-slave1|4278888614105|4279039817569|151203464|1585926524|00643898
openmpi-slave1|4279468471368|4279606475263|138003895|1585926524|00575892
openmpi-slave1|4280027978425|4280172515668|144537243|1585926525|00554187
openmpi-slave1|4280664048766|4280795133442|131084676|1585926526|00629553
openmpi-slave1|4281194382662|4281326945741|132563079|1585926526|00539869
openmpi-slave1|4281809713333|4281951305763|141592430|1585926527|00611824
openmpi-slave1|4282335884257|4282492541079|156656822|1585926527|00539899
openmpi-slave1|4283014594689|4283173972172|159377483|1585926528|00683886
openmpi-slave1|4283616859521|4283760942646|144083125|1585926529|00583863
openmpi-slave1|4284171727329|4284322149109|150421780|1585926529|00572845
openmpi-slave1|4284868299476|4285015404263|147104787|1585926530|00694780
