1585588625-0000-000|1582564059592882|1582564097791493|38198611|1585588625|00074017
1585588625-0000-000|1582564203729709|1582564230700210|26970501|1585588625|00032676
1585588625-0000-000|1582564337747251|1582564368506087|30758836|1585588626|00037693
1585588625-0000-000|1582564476518626|1582564503165589|26646963|1585588626|00034412
1585588625-0000-000|1582564608787141|1582564636018000|27230859|1585588626|00032742
1585588625-0000-000|1582564741674752|1582564768488660|26813908|1585588626|00032196
1585588625-0000-000|1582564874651518|1582564902733539|28082021|1585588626|00034239
1585588625-0000-000|1582565008557529|1582565036111435|27553906|1585588626|00033080
1585588625-0000-000|1582565141708298|1582565171507522|29799224|1585588626|00035183
1585588625-0000-000|1582565277096372|1582565304759810|27663438|1585588627|00033121
1585588625-0000-000|1582565410520657|1582565437825761|27305104|1585588627|00032837
1585588625-0000-000|1582565543419111|1582565571195871|27776760|1585588627|00033306
1585588625-0000-000|1582565677519646|1582565704446821|26927175|1585588627|00033002
1585588625-0000-000|1582565810004255|1582565837686066|27681811|1585588627|00033045
1585588625-0000-000|1582565943093545|1582565969905389|26811844|1585588627|00032004
1585588625-0000-000|1582566076580753|1582566115881150|39300397|1585588627|00045945
1585588625-0000-000|1582566221532936|1582566249642631|28109695|1585588627|00033463
1585588625-0000-000|1582566356451090|1582566400292946|43841856|1585588628|00050536
1585588625-0000-000|1582566506227985|1582566536457405|30229420|1585588628|00035910
1585588625-0000-000|1582566641744996|1582566669287184|27542188|1585588628|00032705
1585588625-0000-000|1582566774985396|1582566802259266|27273870|1585588628|00032766
1585588625-0000-000|1582566907852726|1582566935094287|27241561|1585588628|00032665
1585588625-0000-000|1582567040809366|1582567067752911|26943545|1585588628|00032659
1585588625-0000-000|1582567173662992|1582567201768585|28105593|1585588628|00033690
1585588625-0000-000|1582567308906315|1582567336366678|27460363|1585588629|00034372
1585588625-0000-000|1582567441936423|1582567468683849|26747426|1585588629|00032106
1585588625-0000-000|1582567574040931|1582567601565533|27524602|1585588629|00032681
1585588625-0000-000|1582567707228717|1582567735740929|28512212|1585588629|00034067
1585588625-0000-000|1582567842894143|1582567871599877|28705734|1585588629|00035685
1585588625-0000-000|1582567977528161|1582568006287024|28758863|1585588629|00034560
1585588625-0000-000|1582568111685151|1582568138918554|27233403|1585588629|00032425
1585588625-0000-000|1582568245335435|1582568275045891|29710456|1585588629|00036016
1585588625-0000-000|1582568380929818|1582568409345067|28415249|1585588630|00034009
1585588625-0000-000|1582568514717970|1582568542637225|27919255|1585588630|00033176
1585588625-0000-000|1582568648280896|1582568675533030|27252134|1585588630|00032595
1585588625-0000-000|1582568781041213|1582568809227342|28186129|1585588630|00033604
1585588625-0000-000|1582568915983417|1582568945490229|29506812|1585588630|00036048
1585588625-0000-000|1582569050747932|1582569077523227|26775295|1585588630|00031952
1585588625-0000-000|1582569183057882|1582569210411619|27353737|1585588630|00032673
1585588625-0000-000|1582569316163587|1582569343600802|27437215|1585588631|00033021
1585588625-0000-000|1582569449112731|1582569478732849|29620118|1585588631|00034946
1585588625-0000-000|1582569585580472|1582569623752959|38172487|1585588631|00045048
1585588625-0000-000|1582569733743097|1582569771109837|37366740|1585588631|00047205
1585588625-0000-000|1582569876660570|1582569906036794|29376224|1585588631|00034705
1585588625-0000-000|1582570013565589|1582570044405211|30839622|1585588631|00038081
1585588625-0000-000|1582570149672530|1582570176326590|26654060|1585588631|00031709
1585588625-0000-000|1582570283774904|1582570310720441|26945537|1585588632|00034259
1585588625-0000-000|1582570416414595|1582570443748621|27334026|1585588632|00032884
1585588625-0000-000|1582570549224816|1582570576176483|26951667|1585588632|00032288
1585588625-0000-000|1582570681594246|1582570708579013|26984767|1585588632|00032217
1585588625-0000-000|1582570814232148|1582570841030832|26798684|1585588632|00032231
1585588625-0000-000|1582570946499473|1582570973246869|26747396|1585588632|00032035
1585588625-0000-000|1582571078800382|1582571109083098|30282716|1585588632|00035683
1585588625-0000-000|1582571214392605|1582571243026231|28633626|1585588632|00033795
1585588625-0000-000|1582571348738394|1582571375836542|27098148|1585588633|00032659
1585588625-0000-000|1582571481486419|1582571509050864|27564445|1585588633|00032994
1585588625-0000-000|1582571614436925|1582571641829820|27392895|1585588633|00032569
1585588625-0000-000|1582571747202074|1582571774131495|26929421|1585588633|00032085
1585588625-0000-000|1582571879669848|1582571909002391|29332543|1585588633|00034743
1585588625-0000-000|1582572014349526|1582572042496929|28147403|1585588633|00033275
1585588625-0000-000|1582572147991574|1582572175003501|27011927|1585588633|00032419
1585588625-0000-000|1582572280691062|1582572308836069|28145007|1585588634|00033599
1585588625-0000-000|1582572414570560|1582572442439771|27869211|1585588634|00033519
1585588625-0000-000|1582572548559122|1582572576553202|27994080|1585588634|00033815
1585588625-0000-000|1582572683012600|1582572711237259|28224659|1585588634|00034511
1585588625-0000-000|1582572817075502|1582572844241388|27165886|1585588634|00032844
1585588625-0000-000|1582572951117544|1582572984600347|33482803|1585588634|00040172
1585588625-0000-000|1582573090334319|1582573122576862|32242543|1585588634|00037867
1585588625-0000-000|1582573228062958|1582573255370128|27307170|1585588634|00032519
1585588625-0000-000|1582573362742963|1582573393101668|30358705|1585588635|00037577
1585588625-0000-000|1582573498812916|1582573527386527|28573611|1585588635|00034049
1585588625-0000-000|1582573632611163|1582573659459955|26848792|1585588635|00031940
1585588625-0000-000|1582573764960990|1582573793094460|28133470|1585588635|00033534
1585588625-0000-000|1582573898639353|1582573925854295|27214942|1585588635|00032670
1585588625-0000-000|1582574031884804|1582574060274274|28389470|1585588635|00034256
1585588625-0000-000|1582574167210130|1582574198001705|30791575|1585588635|00037368
1585588625-0000-000|1582574305323846|1582574335307313|29983467|1585588636|00037126
1585588625-0000-000|1582574441417668|1582574469853840|28436172|1585588636|00034354
1585588625-0000-000|1582574576526337|1582574604481819|27955482|1585588636|00034541
1585588625-0000-000|1582574710031989|1582574742576181|32544192|1585588636|00037874
1585588625-0000-000|1582574848094619|1582574874905816|26811197|1585588636|00032098
1585588625-0000-000|1582574980372798|1582575007411641|27038843|1585588636|00032375
1585588625-0000-000|1582575113311125|1582575140399739|27088614|1585588636|00032748
1585588625-0000-000|1582575245777213|1582575273932034|28154821|1585588636|00033377
1585588625-0000-000|1582575379188774|1582575407541736|28352962|1585588637|00033425
1585588625-0000-000|1582575512654772|1582575539924752|27269980|1585588637|00032362
1585588625-0000-000|1582575645476037|1582575672803283|27327246|1585588637|00032663
1585588625-0000-000|1582575779861555|1582575819993706|40132151|1585588637|00047102
1585588625-0000-000|1582575926546334|1582575966275513|39729179|1585588637|00046119
1585588625-0000-000|1582576071576158|1582576099677818|28101660|1585588637|00033308
1585588625-0000-000|1582576205419700|1582576232166491|26746791|1585588637|00032138
1585588625-0000-000|1582576338510451|1582576366055069|27544618|1585588638|00033830
1585588625-0000-000|1582576471498061|1582576499276710|27778649|1585588638|00033114
1585588625-0000-000|1582576605001798|1582576632580191|27578393|1585588638|00032998
1585588625-0000-000|1582576739762052|1582576774248328|34486276|1585588638|00041585
1585588625-0000-000|1582576879702107|1582576908021699|28319592|1585588638|00033493
1585588625-0000-000|1582577014727401|1582577052936146|38208745|1585588638|00044901
1585588625-0000-000|1582577159680709|1582577199436386|39755677|1585588638|00046333
1585588625-0000-000|1582577306906132|1582577345236417|38330285|1585588639|00045630
1585588625-0000-000|1582577452288027|1582577491799178|39511151|1585588639|00046426
