openmpi-slave4|2896787308005|2896909603878|122295873|1585925151|00005883
openmpi-slave4|2896787308005|2896909603878|122295873|1585925151|00001262
openmpi-slave4|2896787308005|2896909603878|122295873|1585925151|00001316
openmpi-slave4|2896787308005|2896909603878|122295873|1585925151|00001105
openmpi-slave4|2896787308005|2896909603878|122295873|1585925151|00001179
openmpi-slave4|2896787308005|2896909603878|122295873|1585925151|00001055
openmpi-slave4|2896787308005|2896909603878|122295873|1585925151|00001104
openmpi-slave4|2896787308005|2896909603878|122295873|1585925151|00001059
openmpi-slave4|2896787308005|2896909603878|122295873|1585925151|00001002
openmpi-slave4|2896787308005|2896909603878|122295873|1585925151|00001104
openmpi-slave4|2896787308005|2896909603878|122295873|1585925151|00001140
openmpi-slave4|2896787308005|2896909603878|122295873|1585925151|00001072
openmpi-slave4|2896787308005|2896909603878|122295873|1585925151|00001160
openmpi-slave4|2896787308005|2896909603878|122295873|1585925151|00001163
openmpi-slave4|2896787308005|2896909603878|122295873|1585925151|00001218
openmpi-slave4|2896787308005|2896909603878|122295873|1585925151|00001321
openmpi-slave4|2896787308005|2896909603878|122295873|1585925151|00001208
openmpi-slave4|2896787308005|2896909603878|122295873|1585925151|00001042
openmpi-slave4|2896787308005|2896909603878|122295873|1585925151|00000984
openmpi-slave4|2896787308005|2896909603878|122295873|1585925151|00000989
openmpi-slave4|2896787308005|2896909603878|122295873|1585925151|00001177
openmpi-slave4|2896787308005|2896909603878|122295873|1585925151|00001112
openmpi-slave4|2896787308005|2896909603878|122295873|1585925151|00001305
openmpi-slave4|2896787308005|2896909603878|122295873|1585925151|00001327
openmpi-slave4|2896787308005|2896909603878|122295873|1585925151|00001240
openmpi-slave4|2896787308005|2896909603878|122295873|1585925151|00001027
openmpi-slave4|2896787308005|2896909603878|122295873|1585925151|00001020
openmpi-slave4|2896787308005|2896909603878|122295873|1585925151|00001153
openmpi-slave4|2896787308005|2896909603878|122295873|1585925151|00001007
openmpi-slave4|2896787308005|2896909603878|122295873|1585925151|00001025
openmpi-slave4|2896787308005|2896909603878|122295873|1585925151|00001102
openmpi-slave4|2896787308005|2896909603878|122295873|1585925151|00001064
openmpi-slave4|2896787308005|2896909603878|122295873|1585925151|00001310
openmpi-slave4|2896787308005|2896909603878|122295873|1585925151|00001284
openmpi-slave4|2896787308005|2896909603878|122295873|1585925151|00001173
openmpi-slave4|2896787308005|2896909603878|122295873|1585925151|00000958
openmpi-slave4|2896787308005|2896909603878|122295873|1585925151|00001104
openmpi-slave4|2896787308005|2896909603878|122295873|1585925151|00001011
openmpi-slave4|2896787308005|2896909603878|122295873|1585925151|00001073
openmpi-slave4|2896787308005|2896909603878|122295873|1585925151|00001038
openmpi-slave4|2896787308005|2896909603878|122295873|1585925151|00001742
openmpi-slave4|2896787308005|2896909603878|122295873|1585925151|00001103
openmpi-slave4|2896787308005|2896909603878|122295873|1585925151|00001191
openmpi-slave4|2896787308005|2896909603878|122295873|1585925151|00001178
openmpi-slave4|2896787308005|2896909603878|122295873|1585925151|00001266
openmpi-slave4|2896787308005|2896909603878|122295873|1585925151|00001233
openmpi-slave4|2896787308005|2896909603878|122295873|1585925151|00001223
openmpi-slave4|2896787308005|2896909603878|122295873|1585925151|00001160
openmpi-slave4|2896787308005|2896909603878|122295873|1585925151|00001111
openmpi-slave4|2896787308005|2896909603878|122295873|1585925151|00001148
openmpi-slave4|2896787308005|2896909603878|122295873|1585925151|00001091
openmpi-slave4|2896787308005|2896909603878|122295873|1585925151|00001093
openmpi-slave4|2896787308005|2896909603878|122295873|1585925151|00001099
openmpi-slave4|2896787308005|2896909603878|122295873|1585925151|00001157
openmpi-slave4|2896787308005|2896909603878|122295873|1585925151|00001244
openmpi-slave4|2896787308005|2896909603878|122295873|1585925151|00001006
openmpi-slave4|2896787308005|2896909603878|122295873|1585925151|00001009
openmpi-slave4|2896787308005|2896909603878|122295873|1585925151|00001113
openmpi-slave4|2896787308005|2896909603878|122295873|1585925151|00001237
openmpi-slave4|2896787308005|2896909603878|122295873|1585925151|00001092
openmpi-slave4|2896787308005|2896909603878|122295873|1585925151|00001044
openmpi-slave4|2896787308005|2896909603878|122295873|1585925151|00001030
openmpi-slave4|2896787308005|2896909603878|122295873|1585925151|00001050
openmpi-slave4|2896787308005|2896909603878|122295873|1585925151|00001104
openmpi-slave4|2896787308005|2896909603878|122295873|1585925151|00001165
openmpi-slave4|2896787308005|2896909603878|122295873|1585925151|00001350
openmpi-slave4|2896787308005|2896909603878|122295873|1585925151|00001279
openmpi-slave4|2896787308005|2896909603878|122295873|1585925151|00001081
openmpi-slave4|2896787308005|2896909603878|122295873|1585925151|00001015
openmpi-slave4|2896787308005|2896909603878|122295873|1585925151|00001108
openmpi-slave4|2896787308005|2896909603878|122295873|1585925151|00000969
openmpi-slave4|2896787308005|2896909603878|122295873|1585925151|00001071
openmpi-slave4|2896787308005|2896909603878|122295873|1585925151|00001214
openmpi-slave4|2896787308005|2896909603878|122295873|1585925151|00001146
openmpi-slave4|2896787308005|2896909603878|122295873|1585925151|00001076
openmpi-slave4|2896787308005|2896909603878|122295873|1585925151|00000903
openmpi-slave4|2896787308005|2896909603878|122295873|1585925151|00001151
openmpi-slave4|2896787308005|2896909603878|122295873|1585925151|00000869
openmpi-slave4|2896787308005|2896909603878|122295873|1585925151|00001008
openmpi-slave4|2896787308005|2896909603878|122295873|1585925151|00001167
openmpi-slave4|2896787308005|2896909603878|122295873|1585925151|00001100
openmpi-slave4|2896787308005|2896909603878|122295873|1585925151|00001425
openmpi-slave4|2896787308005|2896909603878|122295873|1585925151|00001129
openmpi-slave4|2896787308005|2896909603878|122295873|1585925151|00001281
openmpi-slave4|2896787308005|2896909603878|122295873|1585925151|00001274
openmpi-slave4|2896787308005|2896909603878|122295873|1585925151|00001076
openmpi-slave4|2896787308005|2896909603878|122295873|1585925151|00001324
openmpi-slave4|2896787308005|2896909603878|122295873|1585925151|00001053
openmpi-slave4|2896787308005|2896909603878|122295873|1585925151|00001071
openmpi-slave4|2896787308005|2896909603878|122295873|1585925151|00000988
openmpi-slave4|2896787308005|2896909603878|122295873|1585925151|00001153
openmpi-slave4|2896787308005|2896909603878|122295873|1585925151|00001062
openmpi-slave4|2896787308005|2896909603878|122295873|1585925151|00001051
openmpi-slave4|2896787308005|2896909603878|122295873|1585925151|00001308
openmpi-slave4|2896787308005|2896909603878|122295873|1585925151|00001227
openmpi-slave4|2896787308005|2896909603878|122295873|1585925151|00001375
openmpi-slave4|2896787308005|2896909603878|122295873|1585925151|00001221
openmpi-slave4|2896787308005|2896909603878|122295873|1585925151|00001410
openmpi-slave4|2896787308005|2896909603878|122295873|1585925151|00001248
openmpi-slave4|2896787308005|2896909603878|122295873|1585925151|00001216
