openmpi-slave3|2893778124003|2893855786465|77662462|1585925148|00005641
openmpi-slave3|2893778124003|2893855786465|77662462|1585925148|00000993
openmpi-slave3|2893778124003|2893855786465|77662462|1585925148|00001167
openmpi-slave3|2893778124003|2893855786465|77662462|1585925148|00001008
openmpi-slave3|2893778124003|2893855786465|77662462|1585925148|00001259
openmpi-slave3|2893778124003|2893855786465|77662462|1585925148|00001114
openmpi-slave3|2893778124003|2893855786465|77662462|1585925148|00001087
openmpi-slave3|2893778124003|2893855786465|77662462|1585925148|00001271
openmpi-slave3|2893778124003|2893855786465|77662462|1585925148|00001229
openmpi-slave3|2893778124003|2893855786465|77662462|1585925148|00001351
openmpi-slave3|2893778124003|2893855786465|77662462|1585925148|00002376
openmpi-slave3|2893778124003|2893855786465|77662462|1585925148|00001357
openmpi-slave3|2893778124003|2893855786465|77662462|1585925148|00002134
openmpi-slave3|2893778124003|2893855786465|77662462|1585925148|00001254
openmpi-slave3|2893778124003|2893855786465|77662462|1585925148|00001525
openmpi-slave3|2893778124003|2893855786465|77662462|1585925148|00001452
openmpi-slave3|2893778124003|2893855786465|77662462|1585925148|00001735
openmpi-slave3|2893778124003|2893855786465|77662462|1585925148|00001793
openmpi-slave3|2893778124003|2893855786465|77662462|1585925148|00001206
openmpi-slave3|2893778124003|2893855786465|77662462|1585925148|00001579
openmpi-slave3|2893778124003|2893855786465|77662462|1585925148|00001455
openmpi-slave3|2893778124003|2893855786465|77662462|1585925148|00001406
openmpi-slave3|2893778124003|2893855786465|77662462|1585925148|00001129
openmpi-slave3|2893778124003|2893855786465|77662462|1585925148|00001622
openmpi-slave3|2893778124003|2893855786465|77662462|1585925148|00001500
openmpi-slave3|2893778124003|2893855786465|77662462|1585925148|00001463
openmpi-slave3|2893778124003|2893855786465|77662462|1585925148|00001555
openmpi-slave3|2893778124003|2893855786465|77662462|1585925148|00001227
openmpi-slave3|2893778124003|2893855786465|77662462|1585925148|00002048
openmpi-slave3|2893778124003|2893855786465|77662462|1585925148|00001454
openmpi-slave3|2893778124003|2893855786465|77662462|1585925148|00001409
openmpi-slave3|2893778124003|2893855786465|77662462|1585925148|00001190
openmpi-slave3|2893778124003|2893855786465|77662462|1585925148|00001286
openmpi-slave3|2893778124003|2893855786465|77662462|1585925148|00001593
openmpi-slave3|2893778124003|2893855786465|77662462|1585925148|00001684
openmpi-slave3|2893778124003|2893855786465|77662462|1585925148|00001639
openmpi-slave3|2893778124003|2893855786465|77662462|1585925148|00001738
openmpi-slave3|2893778124003|2893855786465|77662462|1585925148|00001646
openmpi-slave3|2893778124003|2893855786465|77662462|1585925148|00001693
openmpi-slave3|2893778124003|2893855786465|77662462|1585925148|00001343
openmpi-slave3|2893778124003|2893855786465|77662462|1585925148|00001353
openmpi-slave3|2893778124003|2893855786465|77662462|1585925148|00003418
openmpi-slave3|2893778124003|2893855786465|77662462|1585925148|00001436
openmpi-slave3|2893778124003|2893855786465|77662462|1585925148|00003008
openmpi-slave3|2893778124003|2893855786465|77662462|1585925148|00002446
openmpi-slave3|2893778124003|2893855786465|77662462|1585925148|00002152
openmpi-slave3|2893778124003|2893855786465|77662462|1585925148|00000956
openmpi-slave3|2893778124003|2893855786465|77662462|1585925148|00001626
openmpi-slave3|2893778124003|2893855786465|77662462|1585925148|00001977
openmpi-slave3|2893778124003|2893855786465|77662462|1585925148|00002152
openmpi-slave3|2893778124003|2893855786465|77662462|1585925148|00002775
openmpi-slave3|2893778124003|2893855786465|77662462|1585925148|00001349
openmpi-slave3|2893778124003|2893855786465|77662462|1585925148|00001562
openmpi-slave3|2893778124003|2893855786465|77662462|1585925148|00002276
openmpi-slave3|2893778124003|2893855786465|77662462|1585925148|00001522
openmpi-slave3|2893778124003|2893855786465|77662462|1585925148|00001329
openmpi-slave3|2893778124003|2893855786465|77662462|1585925148|00001520
openmpi-slave3|2893778124003|2893855786465|77662462|1585925148|00001316
openmpi-slave3|2893778124003|2893855786465|77662462|1585925148|00001287
openmpi-slave3|2893778124003|2893855786465|77662462|1585925148|00001536
openmpi-slave3|2893778124003|2893855786465|77662462|1585925148|00001398
openmpi-slave3|2893778124003|2893855786465|77662462|1585925148|00001465
openmpi-slave3|2893778124003|2893855786465|77662462|1585925148|00001573
openmpi-slave3|2893778124003|2893855786465|77662462|1585925148|00001662
openmpi-slave3|2893778124003|2893855786465|77662462|1585925148|00001655
openmpi-slave3|2893778124003|2893855786465|77662462|1585925148|00001791
openmpi-slave3|2893778124003|2893855786465|77662462|1585925148|00001733
openmpi-slave3|2893778124003|2893855786465|77662462|1585925148|00001263
openmpi-slave3|2893778124003|2893855786465|77662462|1585925148|00001925
openmpi-slave3|2893778124003|2893855786465|77662462|1585925148|00002918
openmpi-slave3|2893778124003|2893855786465|77662462|1585925148|00002800
openmpi-slave3|2893778124003|2893855786465|77662462|1585925148|00001450
openmpi-slave3|2893778124003|2893855786465|77662462|1585925148|00001524
openmpi-slave3|2893778124003|2893855786465|77662462|1585925148|00001536
openmpi-slave3|2893778124003|2893855786465|77662462|1585925148|00001325
openmpi-slave3|2893778124003|2893855786465|77662462|1585925148|00001368
openmpi-slave3|2893778124003|2893855786465|77662462|1585925148|00001611
openmpi-slave3|2893778124003|2893855786465|77662462|1585925148|00001870
openmpi-slave3|2893778124003|2893855786465|77662462|1585925148|00001534
openmpi-slave3|2893778124003|2893855786465|77662462|1585925148|00002538
openmpi-slave3|2893778124003|2893855786465|77662462|1585925148|00001131
openmpi-slave3|2893778124003|2893855786465|77662462|1585925148|00001198
openmpi-slave3|2893778124003|2893855786465|77662462|1585925148|00000976
openmpi-slave3|2893778124003|2893855786465|77662462|1585925148|00002203
openmpi-slave3|2893778124003|2893855786465|77662462|1585925148|00001725
openmpi-slave3|2893778124003|2893855786465|77662462|1585925148|00001639
openmpi-slave3|2893778124003|2893855786465|77662462|1585925148|00001245
openmpi-slave3|2893778124003|2893855786465|77662462|1585925148|00002009
openmpi-slave3|2893778124003|2893855786465|77662462|1585925148|00001695
openmpi-slave3|2893778124003|2893855786465|77662462|1585925148|00001363
openmpi-slave3|2893778124003|2893855786465|77662462|1585925148|00001560
openmpi-slave3|2893778124003|2893855786465|77662462|1585925148|00001241
openmpi-slave3|2893778124003|2893855786465|77662462|1585925148|00001777
openmpi-slave3|2893778124003|2893855786465|77662462|1585925148|00001455
openmpi-slave3|2893778124003|2893855786465|77662462|1585925148|00002007
openmpi-slave3|2893778124003|2893855786465|77662462|1585925148|00001504
openmpi-slave3|2893778124003|2893855786465|77662462|1585925148|00001588
openmpi-slave3|2893778124003|2893855786465|77662462|1585925148|00004535
openmpi-slave3|2893778124003|2893855786465|77662462|1585925148|00001851
openmpi-slave3|2893778124003|2893855786465|77662462|1585925148|00001869
