openmpi-slave2|3208965121253|3209099896269|134775016|1585925463|00010816
openmpi-slave2|3208965121253|3209099896269|134775016|1585925463|00005515
openmpi-slave2|3208965121253|3209099896269|134775016|1585925463|00008103
openmpi-slave2|3208965121253|3209099896269|134775016|1585925463|00007034
openmpi-slave2|3208965121253|3209099896269|134775016|1585925463|00015603
openmpi-slave2|3208965121253|3209099896269|134775016|1585925463|00007830
openmpi-slave2|3208965121253|3209099896269|134775016|1585925463|00004259
openmpi-slave2|3208965121253|3209099896269|134775016|1585925463|00008317
openmpi-slave2|3208965121253|3209099896269|134775016|1585925463|00004744
openmpi-slave2|3208965121253|3209099896269|134775016|1585925463|00005250
openmpi-slave2|3208965121253|3209099896269|134775016|1585925463|00004569
openmpi-slave2|3208965121253|3209099896269|134775016|1585925463|00007708
openmpi-slave2|3208965121253|3209099896269|134775016|1585925463|00006469
openmpi-slave2|3208965121253|3209099896269|134775016|1585925463|00004980
openmpi-slave2|3208965121253|3209099896269|134775016|1585925463|00008895
openmpi-slave2|3208965121253|3209099896269|134775016|1585925463|00006794
openmpi-slave2|3208965121253|3209099896269|134775016|1585925463|00006337
openmpi-slave2|3208965121253|3209099896269|134775016|1585925463|00006581
openmpi-slave2|3208965121253|3209099896269|134775016|1585925463|00007347
openmpi-slave2|3208965121253|3209099896269|134775016|1585925463|00004715
openmpi-slave2|3208965121253|3209099896269|134775016|1585925463|00007373
openmpi-slave2|3208965121253|3209099896269|134775016|1585925463|00009662
openmpi-slave2|3208965121253|3209099896269|134775016|1585925463|00006156
openmpi-slave2|3208965121253|3209099896269|134775016|1585925463|00005120
openmpi-slave2|3208965121253|3209099896269|134775016|1585925463|00005279
openmpi-slave2|3208965121253|3209099896269|134775016|1585925463|00006437
openmpi-slave2|3208965121253|3209099896269|134775016|1585925463|00004808
openmpi-slave2|3208965121253|3209099896269|134775016|1585925463|00004294
openmpi-slave2|3208965121253|3209099896269|134775016|1585925463|00006024
openmpi-slave2|3208965121253|3209099896269|134775016|1585925463|00005294
openmpi-slave2|3208965121253|3209099896269|134775016|1585925463|00008173
openmpi-slave2|3208965121253|3209099896269|134775016|1585925463|00004493
openmpi-slave2|3208965121253|3209099896269|134775016|1585925463|00007393
openmpi-slave2|3208965121253|3209099896269|134775016|1585925463|00011981
openmpi-slave2|3208965121253|3209099896269|134775016|1585925463|00006158
openmpi-slave2|3208965121253|3209099896269|134775016|1585925463|00005023
openmpi-slave2|3208965121253|3209099896269|134775016|1585925463|00007190
openmpi-slave2|3208965121253|3209099896269|134775016|1585925463|00005604
openmpi-slave2|3208965121253|3209099896269|134775016|1585925463|00005178
openmpi-slave2|3208965121253|3209099896269|134775016|1585925463|00005100
openmpi-slave2|3208965121253|3209099896269|134775016|1585925463|00007423
openmpi-slave2|3208965121253|3209099896269|134775016|1585925463|00007014
openmpi-slave2|3208965121253|3209099896269|134775016|1585925463|00004478
openmpi-slave2|3208965121253|3209099896269|134775016|1585925463|00003958
openmpi-slave2|3208965121253|3209099896269|134775016|1585925463|00006363
openmpi-slave2|3208965121253|3209099896269|134775016|1585925463|00005508
openmpi-slave2|3208965121253|3209099896269|134775016|1585925463|00007895
openmpi-slave2|3208965121253|3209099896269|134775016|1585925463|00006799
openmpi-slave2|3208965121253|3209099896269|134775016|1585925463|00005978
openmpi-slave2|3208965121253|3209099896269|134775016|1585925463|00004602
openmpi-slave2|3208965121253|3209099896269|134775016|1585925463|00006220
openmpi-slave2|3208965121253|3209099896269|134775016|1585925463|00006981
openmpi-slave2|3208965121253|3209099896269|134775016|1585925463|00004788
openmpi-slave2|3208965121253|3209099896269|134775016|1585925463|00004285
openmpi-slave2|3208965121253|3209099896269|134775016|1585925463|00007894
openmpi-slave2|3208965121253|3209099896269|134775016|1585925463|00007069
openmpi-slave2|3208965121253|3209099896269|134775016|1585925463|00005740
openmpi-slave2|3208965121253|3209099896269|134775016|1585925463|00006523
openmpi-slave2|3208965121253|3209099896269|134775016|1585925463|00007060
openmpi-slave2|3208965121253|3209099896269|134775016|1585925463|00007962
openmpi-slave2|3208965121253|3209099896269|134775016|1585925463|00006217
openmpi-slave2|3208965121253|3209099896269|134775016|1585925463|00005776
openmpi-slave2|3208965121253|3209099896269|134775016|1585925463|00009788
openmpi-slave2|3208965121253|3209099896269|134775016|1585925463|00005903
openmpi-slave2|3208965121253|3209099896269|134775016|1585925463|00006971
openmpi-slave2|3208965121253|3209099896269|134775016|1585925463|00003928
openmpi-slave2|3208965121253|3209099896269|134775016|1585925463|00008496
openmpi-slave2|3208965121253|3209099896269|134775016|1585925463|00008023
openmpi-slave2|3208965121253|3209099896269|134775016|1585925463|00005739
openmpi-slave2|3208965121253|3209099896269|134775016|1585925463|00006891
openmpi-slave2|3208965121253|3209099896269|134775016|1585925463|00006336
openmpi-slave2|3208965121253|3209099896269|134775016|1585925463|00004552
openmpi-slave2|3208965121253|3209099896269|134775016|1585925463|00006001
openmpi-slave2|3208965121253|3209099896269|134775016|1585925463|00006274
openmpi-slave2|3208965121253|3209099896269|134775016|1585925463|00003581
openmpi-slave2|3208965121253|3209099896269|134775016|1585925463|00007352
openmpi-slave2|3208965121253|3209099896269|134775016|1585925463|00005720
openmpi-slave2|3208965121253|3209099896269|134775016|1585925463|00006311
openmpi-slave2|3208965121253|3209099896269|134775016|1585925463|00005861
openmpi-slave2|3208965121253|3209099896269|134775016|1585925463|00009974
openmpi-slave2|3208965121253|3209099896269|134775016|1585925463|00006804
openmpi-slave2|3208965121253|3209099896269|134775016|1585925463|00006470
openmpi-slave2|3208965121253|3209099896269|134775016|1585925463|00007038
openmpi-slave2|3208965121253|3209099896269|134775016|1585925463|00006257
openmpi-slave2|3208965121253|3209099896269|134775016|1585925463|00008427
openmpi-slave2|3208965121253|3209099896269|134775016|1585925463|00005893
openmpi-slave2|3208965121253|3209099896269|134775016|1585925463|00005355
openmpi-slave2|3208965121253|3209099896269|134775016|1585925463|00005935
openmpi-slave2|3208965121253|3209099896269|134775016|1585925463|00015285
openmpi-slave2|3208965121253|3209099896269|134775016|1585925463|00004099
openmpi-slave2|3208965121253|3209099896269|134775016|1585925463|00004847
openmpi-slave2|3208965121253|3209099896269|134775016|1585925463|00004658
openmpi-slave2|3208965121253|3209099896269|134775016|1585925463|00003613
openmpi-slave2|3208965121253|3209099896269|134775016|1585925463|00004512
openmpi-slave2|3208965121253|3209099896269|134775016|1585925463|00003256
openmpi-slave2|3208965121253|3209099896269|134775016|1585925463|00004838
openmpi-slave2|3208965121253|3209099896269|134775016|1585925463|00002271
openmpi-slave2|3208965121253|3209099896269|134775016|1585925463|00002293
openmpi-slave2|3208965121253|3209099896269|134775016|1585925463|00001656
openmpi-slave2|3208965121253|3209099896269|134775016|1585925463|00001981
