openmpi-master|3205835472841|3205873480926|38008085|1585925460|00009294
openmpi-master|3205835472841|3205873480926|38008085|1585925460|00014237
openmpi-master|3205835472841|3205873480926|38008085|1585925460|00003133
openmpi-master|3205835472841|3205873480926|38008085|1585925460|00003387
openmpi-master|3205835472841|3205873480926|38008085|1585925460|00004096
openmpi-master|3205835472841|3205873480926|38008085|1585925460|00003590
openmpi-master|3205835472841|3205873480926|38008085|1585925460|00011306
openmpi-master|3205835472841|3205873480926|38008085|1585925460|00004687
openmpi-master|3205835472841|3205873480926|38008085|1585925460|00005117
openmpi-master|3205835472841|3205873480926|38008085|1585925460|00006588
openmpi-master|3205835472841|3205873480926|38008085|1585925460|00003981
openmpi-master|3205835472841|3205873480926|38008085|1585925460|00007197
openmpi-master|3205835472841|3205873480926|38008085|1585925460|00005446
openmpi-master|3216072188525|3216143929068|71740543|1585925470|00011139
openmpi-master|3216072188525|3216143929068|71740543|1585925470|00003659
openmpi-master|3216072188525|3216143929068|71740543|1585925470|00006996
openmpi-master|3216072188525|3216143929068|71740543|1585925470|00004205
openmpi-master|3216072188525|3216143929068|71740543|1585925470|00005569
openmpi-master|3216072188525|3216143929068|71740543|1585925470|00005797
openmpi-master|3216072188525|3216143929068|71740543|1585925470|00006665
openmpi-master|3216072188525|3216143929068|71740543|1585925470|00010376
openmpi-master|3216072188525|3216143929068|71740543|1585925470|00006571
openmpi-master|3216072188525|3216143929068|71740543|1585925470|00006264
openmpi-master|3216072188525|3216143929068|71740543|1585925470|00006319
openmpi-master|3216072188525|3216143929068|71740543|1585925470|00004810
openmpi-master|3216072188525|3216143929068|71740543|1585925470|00005889
openmpi-master|3216072188525|3216143929068|71740543|1585925470|00006802
openmpi-master|3216072188525|3216143929068|71740543|1585925470|00008109
openmpi-master|3216072188525|3216143929068|71740543|1585925470|00005555
openmpi-master|3216072188525|3216143929068|71740543|1585925470|00004363
openmpi-master|3216072188525|3216143929068|71740543|1585925470|00007204
openmpi-master|3216072188525|3216143929068|71740543|1585925470|00006581
openmpi-master|3216072188525|3216143929068|71740543|1585925470|00005795
openmpi-master|3216072188525|3216143929068|71740543|1585925470|00005065
openmpi-master|3216072188525|3216143929068|71740543|1585925470|00006357
openmpi-master|3216072188525|3216143929068|71740543|1585925470|00008491
openmpi-master|3216072188525|3216143929068|71740543|1585925470|00008291
openmpi-master|3216072188525|3216143929068|71740543|1585925470|00004777
openmpi-master|3216072188525|3216143929068|71740543|1585925470|00004841
openmpi-master|3216072188525|3216143929068|71740543|1585925470|00011667
openmpi-master|3216072188525|3216143929068|71740543|1585925470|00006105
openmpi-master|3216072188525|3216143929068|71740543|1585925470|00005313
openmpi-master|3216072188525|3216143929068|71740543|1585925470|00010272
openmpi-master|3216072188525|3216143929068|71740543|1585925470|00006161
openmpi-master|3216072188525|3216143929068|71740543|1585925470|00003876
openmpi-master|3216072188525|3216143929068|71740543|1585925470|00006862
openmpi-master|3216072188525|3216143929068|71740543|1585925470|00006539
openmpi-master|3216072188525|3216143929068|71740543|1585925470|00005711
openmpi-master|3216072188525|3216143929068|71740543|1585925470|00004435
openmpi-master|3216072188525|3216143929068|71740543|1585925470|00003471
openmpi-master|3216072188525|3216143929068|71740543|1585925470|00007835
openmpi-master|3216072188525|3216143929068|71740543|1585925470|00006648
openmpi-master|3216072188525|3216143929068|71740543|1585925470|00007746
openmpi-master|3216072188525|3216143929068|71740543|1585925470|00006202
openmpi-master|3216072188525|3216143929068|71740543|1585925470|00005898
openmpi-master|3216072188525|3216143929068|71740543|1585925470|00011434
openmpi-master|3216072188525|3216143929068|71740543|1585925470|00006721
openmpi-master|3216072188525|3216143929068|71740543|1585925470|00005643
openmpi-master|3216072188525|3216143929068|71740543|1585925470|00005368
openmpi-master|3216072188525|3216143929068|71740543|1585925470|00006258
openmpi-master|3216072188525|3216143929068|71740543|1585925470|00007393
openmpi-master|3216072188525|3216143929068|71740543|1585925470|00006448
openmpi-master|3216072188525|3216143929068|71740543|1585925470|00004092
openmpi-master|3216072188525|3216143929068|71740543|1585925470|00007697
openmpi-master|3216072188525|3216143929068|71740543|1585925470|00005797
openmpi-master|3216072188525|3216143929068|71740543|1585925470|00006036
openmpi-master|3216072188525|3216143929068|71740543|1585925470|00005909
openmpi-master|3216072188525|3216143929068|71740543|1585925470|00006559
openmpi-master|3216072188525|3216143929068|71740543|1585925470|00005418
openmpi-master|3216072188525|3216143929068|71740543|1585925470|00003377
openmpi-master|3216072188525|3216143929068|71740543|1585925470|00006872
openmpi-master|3216072188525|3216143929068|71740543|1585925470|00003899
openmpi-master|3216072188525|3216143929068|71740543|1585925470|00008206
openmpi-master|3216072188525|3216143929068|71740543|1585925470|00005786
openmpi-master|3216072188525|3216143929068|71740543|1585925470|00005763
openmpi-master|3216072188525|3216143929068|71740543|1585925470|00006363
openmpi-master|3216072188525|3216143929068|71740543|1585925470|00006273
openmpi-master|3216072188525|3216143929068|71740543|1585925470|00005160
openmpi-master|3216072188525|3216143929068|71740543|1585925470|00005613
openmpi-master|3216072188525|3216143929068|71740543|1585925470|00006411
openmpi-master|3216072188525|3216143929068|71740543|1585925470|00005829
openmpi-master|3216072188525|3216143929068|71740543|1585925470|00005377
openmpi-master|3216072188525|3216143929068|71740543|1585925470|00005780
openmpi-master|3216072188525|3216143929068|71740543|1585925470|00004762
openmpi-master|3216072188525|3216143929068|71740543|1585925470|00004231
openmpi-master|3216072188525|3216143929068|71740543|1585925470|00005790
openmpi-master|3216072188525|3216143929068|71740543|1585925470|00009760
openmpi-master|3216072188525|3216143929068|71740543|1585925470|00006679
openmpi-master|3216072188525|3216143929068|71740543|1585925470|00003703
openmpi-master|3216072188525|3216143929068|71740543|1585925470|00005914
openmpi-master|3216072188525|3216143929068|71740543|1585925470|00007436
openmpi-master|3216072188525|3216143929068|71740543|1585925470|00006390
openmpi-master|3216072188525|3216143929068|71740543|1585925470|00005046
openmpi-master|3216072188525|3216143929068|71740543|1585925470|00005600
openmpi-master|3216072188525|3216143929068|71740543|1585925470|00009913
openmpi-master|3216072188525|3216143929068|71740543|1585925470|00004390
openmpi-master|3216072188525|3216143929068|71740543|1585925470|00004435
openmpi-master|3216072188525|3216143929068|71740543|1585925470|00003396
openmpi-master|3216072188525|3216143929068|71740543|1585925470|00004370
openmpi-master|3216072188525|3216143929068|71740543|1585925470|00004175
