openmpi-slave4|4355993915103|4356108924318|115009215|1585926601|00419469
openmpi-slave4|4356771805513|4356917796299|145990786|1585926602|00821142
openmpi-slave4|4357738377938|4357907374460|168996522|1585926603|00989439
openmpi-slave4|4358566838606|4358726111405|159272799|1585926603|00811709
openmpi-slave4|4359288970048|4359455048982|166078934|1585926604|00733156
openmpi-slave4|4360011129267|4360164319011|153189744|1585926605|00706607
openmpi-slave4|4360696971282|4360852371651|155400369|1585926606|00682349
openmpi-slave4|4361449143712|4361603682368|154538656|1585926606|00761590
openmpi-slave4|4362155609220|4362372242734|216633514|1585926607|00759216
openmpi-slave4|4362937554698|4363120810403|183255705|1585926608|00748409
openmpi-slave4|4363697274303|4363850362655|153088352|1585926609|00743855
openmpi-slave4|4364386716924|4364534089886|147372962|1585926609|00673312
openmpi-slave4|4365075486993|4365218955817|143468824|1585926610|00690336
openmpi-slave4|4365722427654|4365879468469|157040815|1585926611|00665613
openmpi-slave4|4366460693132|4366597814259|137121127|1585926611|00710106
openmpi-slave4|4367202324580|4367340486033|138161453|1585926612|00736957
openmpi-slave4|4367847024797|4367994341033|147316236|1585926613|00660473
openmpi-slave4|4368520408375|4368680338377|159930002|1585926613|00682333
openmpi-slave4|4369186412036|4369315852955|129440919|1585926614|00653472
openmpi-slave4|4369834480047|4369977640304|143160257|1585926615|00642196
openmpi-slave4|4370501272071|4370664210495|162938424|1585926615|00680550
openmpi-slave4|4371169235955|4371330645714|161409759|1585926616|00671230
openmpi-slave4|4371849234330|4371989946691|140712361|1585926617|00659873
openmpi-slave4|4372498311156|4372648728622|150417466|1585926617|00652965
openmpi-slave4|4373146053512|4373286625832|140572320|1585926618|00646818
openmpi-slave4|4373794044579|4373952359902|158315323|1585926619|00663817
openmpi-slave4|4374480315625|4374612535321|132219696|1585926619|00655895
openmpi-slave4|4375103864840|4375256709546|152844706|1585926620|00643954
openmpi-slave4|4375784904696|4375932842870|147938174|1585926621|00673069
openmpi-slave4|4376447859789|4376599203500|151343711|1585926621|00678656
openmpi-slave4|4377105078339|4377235855578|130777239|1585926622|00638153
openmpi-slave4|4377748475621|4377883163124|134687503|1585926623|00649684
openmpi-slave4|4378452548822|4378585848883|133300061|1585926623|00695769
openmpi-slave4|4379114244626|4379258742735|144498109|1585926624|00672014
openmpi-slave4|4379786340393|4379984451996|198111603|1585926625|00723820
openmpi-slave4|4380600752320|4380735368465|134616145|1585926626|00757657
openmpi-slave4|4381326043520|4381528808462|202764942|1585926626|00779178
openmpi-slave4|4382038737803|4382206286982|167549179|1585926627|00694747
openmpi-slave4|4382718118933|4382869310068|151191135|1585926628|00647821
openmpi-slave4|4383394923361|4383533822370|138899009|1585926628|00672048
openmpi-slave4|4384067939499|4384239740838|171801339|1585926629|00708201
openmpi-slave4|4384816546613|4384969322108|152775495|1585926630|00719544
openmpi-slave4|4385470656747|4385613025014|142368267|1585926630|00651952
openmpi-slave4|4386130280267|4386281402102|151121835|1585926631|00663725
openmpi-slave4|4386791740778|4386934964884|143224106|1585926632|00659822
openmpi-slave4|4387457286506|4387608235920|150949414|1585926632|00660451
openmpi-slave4|4388115574078|4388262124487|146550409|1585926633|00659362
openmpi-slave4|4388757898648|4388898736338|140837690|1585926634|00636913
openmpi-slave4|4389395892586|4389546469514|150576928|1585926634|00654975
openmpi-slave4|4390052407977|4390200979606|148571629|1585926635|00643755
openmpi-slave4|4390714344292|4390907250039|192905747|1585926636|00720063
openmpi-slave4|4391442403591|4391600657787|158254196|1585926636|00677005
openmpi-slave4|4392106434065|4392258426749|151992684|1585926637|00666624
openmpi-slave4|4392817841554|4392980531565|162690011|1585926638|00712817
openmpi-slave4|4393511647567|4393678029398|166381831|1585926638|00702584
openmpi-slave4|4394204692045|4394356792544|152100499|1585926639|00680272
openmpi-slave4|4394886625815|4395035076461|148450646|1585926640|00687145
openmpi-slave4|4395559945871|4395695183068|135237197|1585926640|00662319
openmpi-slave4|4396229167496|4396368652723|139485227|1585926641|00662081
openmpi-slave4|4396877440293|4397019595070|142154777|1585926642|00664025
openmpi-slave4|4397556435378|4397683051555|126616177|1585926642|00659909
openmpi-slave4|4398191032346|4398331242966|140210620|1585926643|00644122
openmpi-slave4|4398850014981|4398987933294|137918313|1585926644|00663967
openmpi-slave4|4399516269910|4399639822943|123553033|1585926644|00655550
openmpi-slave4|4400158072023|4400305650774|147578751|1585926645|00651829
openmpi-slave4|4400811919319|4400953984056|142064737|1585926646|00656015
openmpi-slave4|4401468342477|4401609835669|141493192|1585926646|00651759
openmpi-slave4|4402138034111|4402274673258|136639147|1585926647|00667846
openmpi-slave4|4402786815869|4402940381728|153565859|1585926648|00651819
openmpi-slave4|4403438314449|4403592797471|154483022|1585926648|00649160
openmpi-slave4|4404086952539|4404260170215|173217676|1585926649|00667239
openmpi-slave4|4404743901834|4404886561159|142659325|1585926650|00639325
openmpi-slave4|4405398560436|4405547649984|149089548|1585926650|00663899
openmpi-slave4|4406047942015|4406198766612|150824597|1585926651|00643951
openmpi-slave4|4406704654231|4406852841062|148186831|1585926652|00647712
openmpi-slave4|4407364954562|4407501483887|136529325|1585926652|00655964
openmpi-slave4|4408010744224|4408158161065|147416841|1585926653|00651904
openmpi-slave4|4408670179608|4408820484740|150305132|1585926654|00663926
openmpi-slave4|4409332897600|4409473324287|140426687|1585926654|00651863
openmpi-slave4|4409996774862|4410192427243|195652381|1585926655|00723167
openmpi-slave4|4410774125581|4410918589717|144464136|1585926656|00724584
openmpi-slave4|4411454555752|4411625974841|171419089|1585926656|00698252
openmpi-slave4|4412150259791|4412290534990|140275199|1585926657|00681593
openmpi-slave4|4412794739875|4412946040212|151300337|1585926658|00643793
openmpi-slave4|4413451176432|4413601247941|150071509|1585926658|00649442
openmpi-slave4|4414111902280|4414268117688|156215408|1585926659|00670367
openmpi-slave4|4414774043455|4414932149884|158106429|1585926660|00672041
openmpi-slave4|4415438179681|4415597128013|158948332|1585926660|00655696
openmpi-slave4|4416137198056|4416296545997|159347941|1585926661|00697092
openmpi-slave4|4416931742342|4417115108530|183366188|1585926662|00820026
openmpi-slave4|4417689527945|4417856652605|167124660|1585926663|00746530
openmpi-slave4|4418456609620|4418623865226|167255606|1585926663|00776049
openmpi-slave4|4419192965716|4419361001312|168035596|1585926664|00735920
openmpi-slave4|4419925906299|4420071236715|145330416|1585926665|00707694
openmpi-slave4|4420609306578|4420749224796|139918218|1585926666|00671921
openmpi-slave4|4421282311858|4421431213435|148901577|1585926666|00687918
openmpi-slave4|4421963055536|4422116991058|153935522|1585926667|00675913
openmpi-slave4|4422662298776|4422812124426|149825650|1585926668|00692262
openmpi-slave4|4423325360480|4423459465386|134104906|1585926668|00663351
openmpi-slave4|4424008366595|4424171106505|162739910|1585926669|00707924
