openmpi-slave2|4356237839785|4356383008341|145168556|1585926601|00698219
openmpi-slave2|4357110284115|4357267030305|156746190|1585926602|00878147
openmpi-slave2|4357941580396|4358133364159|191783763|1585926603|00862569
openmpi-slave2|4358746383936|4358917259809|170875873|1585926604|00786662
openmpi-slave2|4359470296732|4359648392298|178095566|1585926604|00727692
openmpi-slave2|4360176737761|4360333505122|156767361|1585926605|00688101
openmpi-slave2|4360859032458|4361036505016|177472558|1585926606|00700723
openmpi-slave2|4361629556771|4361771150568|141593797|1585926607|00746878
openmpi-slave2|4362391976215|4362565413647|173437432|1585926607|00779726
openmpi-slave2|4363144610095|4363295483385|150873290|1585926608|00750340
openmpi-slave2|4363880662550|4364023925399|143262849|1585926609|00713863
openmpi-slave2|4364554276445|4364691931282|137654837|1585926609|00675544
openmpi-slave2|4365249647786|4365379423851|129776065|1585926610|00684804
openmpi-slave2|4365913680228|4366082042558|168362330|1585926611|00694743
openmpi-slave2|4366615958991|4366778050511|162091520|1585926612|00703929
openmpi-slave2|4367357502255|4367497519247|140016992|1585926612|00715942
openmpi-slave2|4368010787250|4368157799639|147012389|1585926613|00659881
openmpi-slave2|4368679873319|4368829823196|149949877|1585926614|00663930
openmpi-slave2|4369326020033|4369486380747|160360714|1585926614|00662357
openmpi-slave2|4369989627154|4370129285781|139658627|1585926615|00637270
openmpi-slave2|4370629867857|4370778231039|148363182|1585926616|00655818
openmpi-slave2|4371312613300|4371451834743|139221443|1585926616|00675858
openmpi-slave2|4371962379643|4372105110340|142730697|1585926617|00651870
openmpi-slave2|4372624226191|4372761628590|137402399|1585926618|00647953
openmpi-slave2|4373274186538|4373429220668|155034130|1585926618|00665417
openmpi-slave2|4373930804577|4374094478244|163673667|1585926619|00678237
openmpi-slave2|4374596879073|4374736421475|139542402|1585926620|00628664
openmpi-slave2|4375226888854|4375404363975|177475121|1585926620|00667762
openmpi-slave2|4375890872373|4376038588978|147716605|1585926621|00647242
openmpi-slave2|4376546057932|4376679964273|133906341|1585926621|00647845
openmpi-slave2|4377178978710|4377315466954|136488244|1585926622|00632671
openmpi-slave2|4377828786284|4377968107595|139321311|1585926623|00636958
openmpi-slave2|4378501646553|4378640817355|139170802|1585926623|00673429
openmpi-slave2|4379184798040|4379328231775|143433735|1585926624|00688369
openmpi-slave2|4379858683834|4380057258289|198574455|1585926625|00736027
openmpi-slave2|4380642966733|4380806884104|163917371|1585926626|00747798
openmpi-slave2|4381387569762|4381588779633|201209871|1585926626|00773002
openmpi-slave2|4382101868740|4382266472469|164603729|1585926627|00686734
openmpi-slave2|4382762780053|4382913629644|150849591|1585926628|00651667
openmpi-slave2|4383442141333|4383582061522|139920189|1585926628|00667947
openmpi-slave2|4384125685888|4384279376439|153690551|1585926629|00699896
openmpi-slave2|4384844994331|4384983757554|138763223|1585926630|00707950
openmpi-slave2|4385510135652|4385656820775|146685123|1585926630|00655603
openmpi-slave2|4386158121288|4386302416582|144295294|1585926631|00647845
openmpi-slave2|4386816693120|4386947480601|130787481|1585926632|00656826
openmpi-slave2|4387454253878|4387602342131|148088253|1585926632|00650807
openmpi-slave2|4388126268000|4388259914655|133646655|1585926633|00657857
openmpi-slave2|4388763782243|4388897576023|133793780|1585926634|00638304
openmpi-slave2|4389421718436|4389573997664|152279228|1585926634|00671573
openmpi-slave2|4390071702565|4390218604478|146901913|1585926635|00645595
openmpi-slave2|4390773653949|4390969034042|195380093|1585926636|00747499
openmpi-slave2|4391470389886|4391615090714|144700828|1585926636|00646673
openmpi-slave2|4392137856463|4392280739995|142883532|1585926637|00663740
openmpi-slave2|4392826331488|4392975788725|149457237|1585926638|00708051
openmpi-slave2|4393522769563|4393681717398|158947835|1585926638|00703800
openmpi-slave2|4394228383544|4394396787315|168403771|1585926639|00699859
openmpi-slave2|4394912852210|4395051064558|138212348|1585926640|00667946
openmpi-slave2|4395584437727|4395732049601|147611874|1585926640|00664020
openmpi-slave2|4396247987325|4396394538615|146551290|1585926641|00667526
openmpi-slave2|4396914705605|4397080674543|165968938|1585926642|00681134
openmpi-slave2|4397582651742|4397726500968|143849226|1585926642|00662748
openmpi-slave2|4398234222667|4398375651213|141428546|1585926643|00651727
openmpi-slave2|4398890274124|4399044666825|154392701|1585926644|00655967
openmpi-slave2|4399565038918|4399708190634|143151716|1585926644|00659788
openmpi-slave2|4400212558572|4400357113010|144554438|1585926645|00647995
openmpi-slave2|4400872772030|4401021286641|148514611|1585926646|00667776
openmpi-slave2|4401552191978|4401704277630|152085652|1585926646|00676433
openmpi-slave2|4402207882299|4402354997177|147114878|1585926647|00655364
openmpi-slave2|4402874808984|4403027138834|152329850|1585926648|00679834
openmpi-slave2|4403522743780|4403670433710|147689930|1585926648|00635803
openmpi-slave2|4404184075575|4404332832757|148757182|1585926649|00663797
openmpi-slave2|4404836254607|4404963979817|127725210|1585926650|00640281
openmpi-slave2|4405470545281|4405618744296|148199015|1585926650|00647572
openmpi-slave2|4406146263780|4406282507165|136243385|1585926651|00667732
openmpi-slave2|4406782400584|4406928688605|146288021|1585926652|00639813
openmpi-slave2|4407437704730|4407594438918|156734188|1585926652|00671106
openmpi-slave2|4408112447487|4408242772619|130325132|1585926653|00646737
openmpi-slave2|4408753928919|4408897600700|143671781|1585926654|00651697
openmpi-slave2|4409402036189|4409539240027|137203838|1585926654|00646335
openmpi-slave2|4410087493526|4410293847852|206354326|1585926655|00759656
openmpi-slave2|4410846593529|4410991978905|145385376|1585926656|00700139
openmpi-slave2|4411530913921|4411696630757|165716836|1585926656|00690266
openmpi-slave2|4412228219687|4412360832070|132612383|1585926657|00665019
openmpi-slave2|4412865924581|4413005959403|140034822|1585926658|00645038
openmpi-slave2|4413514197162|4413646839611|132642449|1585926658|00648216
openmpi-slave2|4414175777407|4414307667066|131889659|1585926659|00662268
openmpi-slave2|4414819805834|4414970120711|150314877|1585926660|00651791
openmpi-slave2|4415480689634|4415619074059|138384425|1585926660|00658970
openmpi-slave2|4416189416398|4416351647153|162230755|1585926661|00729813
openmpi-slave2|4417011205467|4417170602305|159396838|1585926662|00818952
openmpi-slave2|4417776508169|4417927185594|150677425|1585926663|00755829
openmpi-slave2|4418536103999|4418702567155|166463156|1585926663|00780009
openmpi-slave2|4419258120834|4419445436954|187316120|1585926664|00735780
openmpi-slave2|4419987441564|4420135792441|148350877|1585926665|00695849
openmpi-slave2|4420673347725|4420811800275|138452550|1585926666|00677087
openmpi-slave2|4421356264012|4421510000967|153736955|1585926666|00694604
openmpi-slave2|4422022499009|4422166014916|143515907|1585926667|00651815
openmpi-slave2|4422707982881|4422847575767|139592886|1585926668|00683872
openmpi-slave2|4423355168896|4423512197727|157028831|1585926668|00652268
openmpi-slave2|4424049320288|4424212850074|163529786|1585926669|00711482
