openmpi-slave2|4356005890003|4356116832622|110942619|1585926601|00431973
openmpi-slave2|4356927785129|4357082389733|154604604|1585926602|00970850
openmpi-slave2|4357784053230|4357938000262|153947032|1585926603|00850387
openmpi-slave2|4358589165780|4358731880576|142714796|1585926604|00804491
openmpi-slave2|4359313912196|4359481899109|167986913|1585926604|00731115
openmpi-slave2|4360038541950|4360188327011|149785061|1585926605|00709381
openmpi-slave2|4360725811195|4360877613217|151802022|1585926606|00692092
openmpi-slave2|4361476388835|4361637378238|160989403|1585926606|00753296
openmpi-slave2|4362190342185|4362389303889|198961704|1585926607|00758269
openmpi-slave2|4362966018382|4363156180365|190161983|1585926608|00763865
openmpi-slave2|4363718646312|4363889107320|170461008|1585926609|00729185
openmpi-slave2|4364406462576|4364550040810|143578234|1585926609|00674464
openmpi-slave2|4365101159193|4365231740471|130581278|1585926610|00687930
openmpi-slave2|4365768872722|4365917401747|148529025|1585926611|00667824
openmpi-slave2|4366486875084|4366640394710|153519626|1585926611|00720497
openmpi-slave2|4367226007107|4367372966529|146959422|1585926612|00735188
openmpi-slave2|4367889394344|4368038051639|148657295|1585926613|00667861
openmpi-slave2|4368580928671|4368733888456|152959785|1585926614|00699897
openmpi-slave2|4369244638849|4369396864130|152225281|1585926614|00655782
openmpi-slave2|4369894892717|4370034987335|140094618|1585926615|00647991
openmpi-slave2|4370558853935|4370707722088|148868153|1585926615|00675973
openmpi-slave2|4371223931973|4371397048544|173116571|1585926616|00683960
openmpi-slave2|4371924628984|4372050894901|126265917|1585926617|00659619
openmpi-slave2|4372564350428|4372700489620|136139192|1585926617|00635825
openmpi-slave2|4373207787432|4373347728482|139941050|1585926618|00659938
openmpi-slave2|4373872361628|4374017339501|144977873|1585926619|00659869
openmpi-slave2|4374527907271|4374663194719|135287448|1585926619|00655681
openmpi-slave2|4375166602912|4375315512166|148909254|1585926620|00652009
openmpi-slave2|4375814534431|4375958425181|143890750|1585926621|00643817
openmpi-slave2|4376520338813|4376646366254|126027441|1585926621|00683813
openmpi-slave2|4377150644175|4377296353777|145709602|1585926622|00639814
openmpi-slave2|4377786668866|4377942091749|155422883|1585926623|00651978
openmpi-slave2|4378483388959|4378632840110|149451151|1585926623|00683720
openmpi-slave2|4379150319534|4379293937115|143617581|1585926624|00673460
openmpi-slave2|4379836763335|4380025998832|189235497|1585926625|00726446
openmpi-slave2|4380624693682|4380759707585|135013903|1585926626|00743797
openmpi-slave2|4381354779422|4381548838203|194058781|1585926626|00769023
openmpi-slave2|4382074313349|4382231826079|157512730|1585926627|00698976
openmpi-slave2|4382756447808|4382891899549|135451741|1585926628|00655799
openmpi-slave2|4383419210250|4383555333399|136123149|1585926628|00663757
openmpi-slave2|4384087670140|4384246881064|159210924|1585926629|00699835
openmpi-slave2|4384822304024|4384967203009|144898985|1585926630|00715772
openmpi-slave2|4385498174194|4385645433911|147259717|1585926630|00661583
openmpi-slave2|4386151862495|4386303043434|151180939|1585926631|00658213
openmpi-slave2|4386799152064|4386937556114|138404050|1585926632|00645588
openmpi-slave2|4387451955340|4387598328714|146373374|1585926632|00660357
openmpi-slave2|4388123672275|4388255485118|131812843|1585926633|00661630
openmpi-slave2|4388765162218|4388904665489|139503271|1585926634|00639942
openmpi-slave2|4389398531925|4389555737660|157205735|1585926634|00662212
openmpi-slave2|4390080359004|4390214689866|134330862|1585926635|00653383
openmpi-slave2|4390762817746|4390966194848|203377102|1585926636|00747923
openmpi-slave2|4391473980054|4391619410689|145430635|1585926636|00655756
openmpi-slave2|4392130430799|4392275098912|144668113|1585926637|00656903
openmpi-slave2|4392844505208|4392990104559|145599351|1585926638|00710103
openmpi-slave2|4393526232870|4393682315002|156082132|1585926638|00683263
openmpi-slave2|4394185994562|4394334986636|148992074|1585926639|00669456
openmpi-slave2|4394889353633|4395030778047|141424414|1585926640|00691778
openmpi-slave2|4395554362060|4395697894664|143532604|1585926640|00667930
openmpi-slave2|4396215233586|4396363165837|147932251|1585926641|00659827
openmpi-slave2|4396869758747|4397015162258|145403511|1585926642|00651838
openmpi-slave2|4397533145763|4397677675546|144529783|1585926642|00659137
openmpi-slave2|4398174757069|4398332953945|158196876|1585926643|00652574
openmpi-slave2|4398840542902|4398979838878|139295976|1585926644|00652195
openmpi-slave2|4399486416106|4399629919377|143503271|1585926644|00655658
openmpi-slave2|4400144700720|4400284672428|139971708|1585926645|00651878
openmpi-slave2|4400794418258|4400941724210|147305952|1585926646|00651663
openmpi-slave2|4401460342563|4401610324174|149981611|1585926646|00663984
openmpi-slave2|4402130096873|4402272638799|142541926|1585926647|00667898
openmpi-slave2|4402780594571|4402932322934|151728363|1585926648|00652575
openmpi-slave2|4403419832376|4403568872079|149039703|1585926648|00639153
openmpi-slave2|4404066487453|4404226288766|159801313|1585926649|00667973
openmpi-slave2|4404728494770|4404872457982|143963212|1585926650|00635719
openmpi-slave2|4405365762783|4405521418148|155655365|1585926650|00649547
openmpi-slave2|4406010083870|4406154524225|144440355|1585926651|00640653
openmpi-slave2|4406655979048|4406799356965|143377917|1585926652|00649424
openmpi-slave2|4407293995399|4407452106766|158111367|1585926652|00636413
openmpi-slave2|4407943085956|4408086172712|143086756|1585926653|00643327
openmpi-slave2|4408587131816|4408737446514|150314698|1585926654|00644776
openmpi-slave2|4409245956386|4409385575812|139619426|1585926654|00654917
openmpi-slave2|4409883151698|4410059810603|176658905|1585926655|00679905
openmpi-slave2|4410686178747|4410837715172|151536425|1585926656|00763834
openmpi-slave2|4411358706380|4411513884404|155178024|1585926656|00686408
openmpi-slave2|4412060577135|4412201136671|140559536|1585926657|00681308
openmpi-slave2|4412703967182|4412845048807|141081625|1585926658|00637126
openmpi-slave2|4413353933006|4413490817442|136884436|1585926658|00658568
openmpi-slave2|4414006830272|4414154890579|148060307|1585926659|00659855
openmpi-slave2|4414646192275|4414813371444|167179169|1585926660|00651870
openmpi-slave2|4415324848330|4415476190549|151342219|1585926660|00660382
openmpi-slave2|4415982923941|4416172789488|189865547|1585926661|00699520
openmpi-slave2|4416812446539|4416989694504|177247965|1585926662|00815734
openmpi-slave2|4417572940797|4417742856859|169916062|1585926663|00762097
openmpi-slave2|4418303315920|4418509146585|205830665|1585926663|00755154
openmpi-slave2|4419088967497|4419234114016|145146519|1585926664|00731355
openmpi-slave2|4419818665684|4419966624964|147959280|1585926665|00738824
openmpi-slave2|4420490260651|4420647909353|157648702|1585926665|00681008
openmpi-slave2|4421179706979|4421323125910|143418931|1585926666|00670617
openmpi-slave2|4421849687225|4421997772765|148085540|1585926667|00669773
openmpi-slave2|4422533957674|4422695580966|161623292|1585926667|00698071
openmpi-slave2|4423204310179|4423339568376|135258197|1585926668|00650541
openmpi-slave2|4423864236089|4424024826272|160590183|1585926669|00681331
