openmpi-slave2|2857190168786|2857261085647|70916861|1585925111|00085279
openmpi-slave2|2857190168786|2857261085647|70916861|1585925111|00001256
openmpi-slave2|2857190168786|2857261085647|70916861|1585925111|00001548
openmpi-slave2|2857190168786|2857261085647|70916861|1585925111|00001342
openmpi-slave2|2857190168786|2857261085647|70916861|1585925111|00001317
openmpi-slave2|2857190168786|2857261085647|70916861|1585925111|00001388
openmpi-slave2|2857190168786|2857261085647|70916861|1585925111|00001334
openmpi-slave2|2857190168786|2857261085647|70916861|1585925111|00001445
openmpi-slave2|2857190168786|2857261085647|70916861|1585925111|00001126
openmpi-slave2|2857190168786|2857261085647|70916861|1585925111|00001346
openmpi-slave2|2857190168786|2857261085647|70916861|1585925111|00001525
openmpi-slave2|2857190168786|2857261085647|70916861|1585925111|00001361
openmpi-slave2|2857190168786|2857261085647|70916861|1585925111|00001303
openmpi-slave2|2857190168786|2857261085647|70916861|1585925111|00001364
openmpi-slave2|2857190168786|2857261085647|70916861|1585925111|00001296
openmpi-slave2|2857190168786|2857261085647|70916861|1585925111|00001171
openmpi-slave2|2857190168786|2857261085647|70916861|1585925111|00001194
openmpi-slave2|2857190168786|2857261085647|70916861|1585925111|00001538
openmpi-slave2|2857190168786|2857261085647|70916861|1585925111|00001271
openmpi-slave2|2857190168786|2857261085647|70916861|1585925111|00001337
openmpi-slave2|2857190168786|2857261085647|70916861|1585925111|00001275
openmpi-slave2|2857190168786|2857261085647|70916861|1585925111|00001174
openmpi-slave2|2857190168786|2857261085647|70916861|1585925111|00001344
openmpi-slave2|2857190168786|2857261085647|70916861|1585925111|00001582
openmpi-slave2|2857190168786|2857261085647|70916861|1585925111|00001227
openmpi-slave2|2857190168786|2857261085647|70916861|1585925111|00001269
openmpi-slave2|2857190168786|2857261085647|70916861|1585925111|00001156
openmpi-slave2|2857190168786|2857261085647|70916861|1585925111|00001523
openmpi-slave2|2857190168786|2857261085647|70916861|1585925111|00001471
openmpi-slave2|2857190168786|2857261085647|70916861|1585925111|00001559
openmpi-slave2|2857190168786|2857261085647|70916861|1585925111|00001259
openmpi-slave2|2857190168786|2857261085647|70916861|1585925111|00001290
openmpi-slave2|2857190168786|2857261085647|70916861|1585925111|00001245
openmpi-slave2|2857190168786|2857261085647|70916861|1585925111|00001355
openmpi-slave2|2857190168786|2857261085647|70916861|1585925111|00001233
openmpi-slave2|2857190168786|2857261085647|70916861|1585925111|00001384
openmpi-slave2|2857190168786|2857261085647|70916861|1585925111|00001158
openmpi-slave2|2857190168786|2857261085647|70916861|1585925111|00001387
openmpi-slave2|2857190168786|2857261085647|70916861|1585925111|00001124
openmpi-slave2|2857190168786|2857261085647|70916861|1585925111|00001245
openmpi-slave2|2857190168786|2857261085647|70916861|1585925111|00001252
openmpi-slave2|2857190168786|2857261085647|70916861|1585925111|00001223
openmpi-slave2|2857190168786|2857261085647|70916861|1585925111|00001325
openmpi-slave2|2857190168786|2857261085647|70916861|1585925111|00001349
openmpi-slave2|2857190168786|2857261085647|70916861|1585925111|00001304
openmpi-slave2|2857190168786|2857261085647|70916861|1585925111|00001173
openmpi-slave2|2857190168786|2857261085647|70916861|1585925111|00001352
openmpi-slave2|2857190168786|2857261085647|70916861|1585925111|00001081
openmpi-slave2|2857190168786|2857261085647|70916861|1585925111|00001212
openmpi-slave2|2857190168786|2857261085647|70916861|1585925111|00001121
openmpi-slave2|2857190168786|2857261085647|70916861|1585925111|00001315
openmpi-slave2|2857190168786|2857261085647|70916861|1585925111|00001250
openmpi-slave2|2857190168786|2857261085647|70916861|1585925111|00001339
openmpi-slave2|2857190168786|2857261085647|70916861|1585925111|00001288
openmpi-slave2|2857190168786|2857261085647|70916861|1585925111|00001312
openmpi-slave2|2857190168786|2857261085647|70916861|1585925111|00001164
openmpi-slave2|2857190168786|2857261085647|70916861|1585925111|00001245
openmpi-slave2|2857190168786|2857261085647|70916861|1585925111|00001167
openmpi-slave2|2857190168786|2857261085647|70916861|1585925111|00001273
openmpi-slave2|2857190168786|2857261085647|70916861|1585925111|00001265
openmpi-slave2|2857190168786|2857261085647|70916861|1585925111|00001144
openmpi-slave2|2857190168786|2857261085647|70916861|1585925111|00001420
openmpi-slave2|2857190168786|2857261085647|70916861|1585925111|00001254
openmpi-slave2|2857190168786|2857261085647|70916861|1585925111|00001250
openmpi-slave2|2857190168786|2857261085647|70916861|1585925111|00000953
openmpi-slave2|2857190168786|2857261085647|70916861|1585925111|00001218
openmpi-slave2|2857190168786|2857261085647|70916861|1585925111|00001241
openmpi-slave2|2857190168786|2857261085647|70916861|1585925111|00001208
openmpi-slave2|2857190168786|2857261085647|70916861|1585925111|00001136
openmpi-slave2|2857190168786|2857261085647|70916861|1585925111|00001024
openmpi-slave2|2857190168786|2857261085647|70916861|1585925111|00001257
openmpi-slave2|2857190168786|2857261085647|70916861|1585925111|00001260
openmpi-slave2|2857190168786|2857261085647|70916861|1585925111|00001175
openmpi-slave2|2857190168786|2857261085647|70916861|1585925111|00001275
openmpi-slave2|2857190168786|2857261085647|70916861|1585925111|00001266
openmpi-slave2|2857190168786|2857261085647|70916861|1585925111|00001235
openmpi-slave2|2857190168786|2857261085647|70916861|1585925111|00001345
openmpi-slave2|2857190168786|2857261085647|70916861|1585925111|00001249
openmpi-slave2|2857190168786|2857261085647|70916861|1585925111|00001212
openmpi-slave2|2857190168786|2857261085647|70916861|1585925111|00001611
openmpi-slave2|2857190168786|2857261085647|70916861|1585925111|00001188
openmpi-slave2|2857190168786|2857261085647|70916861|1585925111|00001322
openmpi-slave2|2857190168786|2857261085647|70916861|1585925111|00001234
openmpi-slave2|2857190168786|2857261085647|70916861|1585925111|00001658
openmpi-slave2|2857190168786|2857261085647|70916861|1585925111|00001225
openmpi-slave2|2857190168786|2857261085647|70916861|1585925111|00001239
openmpi-slave2|2857190168786|2857261085647|70916861|1585925111|00001264
openmpi-slave2|2857190168786|2857261085647|70916861|1585925111|00001296
openmpi-slave2|2857190168786|2857261085647|70916861|1585925111|00001376
openmpi-slave2|2857190168786|2857261085647|70916861|1585925111|00001222
openmpi-slave2|2857190168786|2857261085647|70916861|1585925111|00001390
openmpi-slave2|2857190168786|2857261085647|70916861|1585925111|00001352
openmpi-slave2|2857190168786|2857261085647|70916861|1585925111|00001419
openmpi-slave2|2857190168786|2857261085647|70916861|1585925111|00001350
openmpi-slave2|2857190168786|2857261085647|70916861|1585925111|00001245
openmpi-slave2|2857190168786|2857261085647|70916861|1585925111|00001262
openmpi-slave2|2857190168786|2857261085647|70916861|1585925111|00001239
openmpi-slave2|2857190168786|2857261085647|70916861|1585925111|00001199
openmpi-slave2|2857190168786|2857261085647|70916861|1585925111|00001321
openmpi-slave2|2857190168786|2857261085647|70916861|1585925111|00001204
