openmpi-master|3725159188215|3725245417113|86228898|1585925970|00103955
openmpi-master|3725349966595|3725429050574|79083979|1585925970|00186897
openmpi-master|3725527718667|3725614126059|86407392|1585925970|00180934
openmpi-master|3725750284038|3725866933499|116649461|1585925971|00255036
openmpi-master|3725908447146|3726012770107|104322961|1585925971|00143819
openmpi-master|3726118580976|3726231449946|112868970|1585925971|00223995
openmpi-master|3726271945053|3726375801484|103856431|1585925971|00152037
openmpi-master|3726498035366|3726615630698|117595332|1585925971|00234992
openmpi-master|3726648828748|3726798459697|149630949|1585925972|00180629
openmpi-master|3726819794148|3726966584280|146790132|1585925972|00163841
openmpi-master|3726983885692|3727123435166|139549474|1585925972|00163879
openmpi-master|3727141947758|3727296306801|154359043|1585925972|00163900
openmpi-master|3727324166024|3727451625609|127459585|1585925972|00169112
openmpi-master|3727496822875|3727639434558|142611683|1585925972|00186271
openmpi-master|3727673760064|3727807353752|133593688|1585925973|00164276
openmpi-master|3727969802116|3728117852835|148050719|1585925973|00297933
openmpi-master|3728122981741|3728273390112|150408371|1585925973|00160889
openmpi-master|3728286098896|3728430757376|144658480|1585925973|00156760
openmpi-master|3728452861859|3728579447025|126585166|1585925973|00155845
openmpi-master|3728607837197|3728739967081|132129884|1585925974|00168235
openmpi-master|3728788712097|3728917237489|128525392|1585925974|00161774
openmpi-master|3728938363831|3729102257159|163893328|1585925974|00181608
openmpi-master|3729233683773|3729367842215|134158442|1585925974|00276164
openmpi-master|3729401057016|3729537353787|136296771|1585925974|00159155
openmpi-master|3729566270442|3729716432312|150161870|1585925974|00177154
openmpi-master|3729722416775|3729851986895|129570120|1585925975|00155388
openmpi-master|3729882417202|3730028326542|145909340|1585925975|00157455
openmpi-master|3730182031715|3730314210890|132179175|1585925975|00294886
openmpi-master|3730345951851|3730479823033|133871182|1585925975|00181208
openmpi-master|3730526420978|3730662833181|136412203|1585925975|00173743
openmpi-master|3730820387758|3730954793183|134405425|1585925976|00288289
openmpi-master|3730977829714|3731130087971|152258257|1585925976|00168399
openmpi-master|3731175880550|3731328418724|152538174|1585925976|00191787
openmpi-master|3731453139902|3731592456067|139316165|1585925976|00269417
openmpi-master|3731613813536|3731747635261|133821725|1585925977|00158135
openmpi-master|3731775478274|3731947563608|172085334|1585925977|00199897
openmpi-master|3731974147777|3732153463998|179316221|1585925977|00207209
openmpi-master|3732178464197|3732323302941|144838744|1585925977|00175919
openmpi-master|3732406763095|3732553653387|146890292|1585925977|00223975
openmpi-master|3732681773795|3732841511516|159737721|1585925978|00280559
openmpi-master|3732866147961|3733007721843|141573882|1585925978|00180369
openmpi-master|3733101068875|3733240686020|139617145|1585925978|00215695
openmpi-master|3733342673000|3733500810076|158137076|1585925978|00264100
openmpi-master|3733522797493|3733666696514|143899021|1585925978|00175333
openmpi-master|3733755565647|3733903398116|147832469|1585925979|00235229
openmpi-master|3734010269418|3734165666407|155396989|1585925979|00255818
openmpi-master|3734189142992|3734323030048|133887056|1585925979|00155823
openmpi-master|3734345715140|3734482307094|136591954|1585925979|00154420
openmpi-master|3734490426888|3734631277959|140851071|1585925979|00156859
openmpi-master|3734649745534|3734793055852|143310318|1585925980|00158023
openmpi-master|3734803990023|3734964781311|160791288|1585925980|00173400
openmpi-master|3734991921113|3735142508302|150587189|1585925980|00176660
openmpi-master|3735240561496|3735388922896|148361400|1585925980|00250143
openmpi-master|3735470292775|3735636383383|166090608|1585925980|00241701
openmpi-master|3735676662568|3735802693210|126030642|1585925981|00179891
openmpi-master|3735902163302|3736048651623|146488321|1585925981|00228877
openmpi-master|3736136275400|3736259267922|122992522|1585925981|00222881
openmpi-master|3736282037005|3736425880345|143843340|1585925981|00163635
openmpi-master|3736453873805|3736597207562|143333757|1585925981|00165751
openmpi-master|3736623891531|3736754357467|130465936|1585925982|00170245
openmpi-master|3736876629577|3737017400671|140771094|1585925982|00247840
openmpi-master|3737085069783|3737207759953|122690170|1585925982|00204721
openmpi-master|3737234411617|3737392664622|158253005|1585925982|00168975
openmpi-master|3737430523659|3737580968603|150444944|1585925982|00187515
openmpi-master|3737722080504|3737880405524|158325020|1585925983|00310317
openmpi-master|3737939121302|3738097456873|158335571|1585925983|00216066
openmpi-master|3738138074701|3738279960159|141885458|1585925983|00188253
openmpi-master|3738338735275|3738493952756|155217481|1585925983|00211341
openmpi-master|3738590511362|3738739471956|148960594|1585925984|00247839
openmpi-master|3738809808581|3738958103019|148294438|1585925984|00205625
openmpi-master|3738978513121|3739136688406|158175285|1585925984|00175041
openmpi-master|3739174823508|3739321340149|146516641|1585925984|00194987
openmpi-master|3739366352426|3739510371196|144018770|1585925984|00183861
openmpi-master|3739607886139|3739752695740|144809601|1585925985|00239911
openmpi-master|3739800793003|3739942294300|141501297|1585925985|00192376
openmpi-master|3739966571512|3740095407315|128835803|1585925985|00159296
openmpi-master|3740133412296|3740277730083|144317787|1585925985|00179864
openmpi-master|3740314728203|3740462711681|147983478|1585925985|00187925
openmpi-master|3740518891667|3740665558767|146667100|1585925985|00191953
openmpi-master|3740747238062|3740891629878|144391816|1585925986|00239713
openmpi-master|3740952928687|3741095286209|142357522|1585925986|00201461
openmpi-master|3741122364437|3741285099305|162734868|1585925986|00180259
openmpi-master|3741313801286|3741466390321|152589035|1585925986|00186031
openmpi-master|3741532716611|3741689400382|156683771|1585925986|00215928
openmpi-master|3741794224531|3741951492495|157267964|1585925987|00276005
openmpi-master|3742011069617|3742161902642|150833025|1585925987|00199703
openmpi-master|3742200196668|3742338602544|138405876|1585925987|00175191
openmpi-master|3742372464954|3742514344073|141879119|1585925987|00184500
openmpi-master|3742580597203|3742717304468|136707265|1585925987|00195929
openmpi-master|3742838085170|3742986794543|148709373|1585925988|00275883
openmpi-master|3743028161029|3743162524134|134363105|1585925988|00171862
openmpi-master|3743193898363|3743330203509|136305146|1585925988|00164733
openmpi-master|3743358016744|3743512494320|154477576|1585925988|00175787
openmpi-master|3743550284606|3743690644681|140360075|1585925988|00191149
openmpi-master|3743822050663|3743973612411|151561748|1585925989|00275805
openmpi-master|3744004406495|3744135508234|131101739|1585925989|00171820
openmpi-master|3744170330281|3744305840889|135510608|1585925989|00168366
openmpi-master|3744330459517|3744488150851|157691334|1585925989|00171429
openmpi-master|3744505312220|3744615385910|110073690|1585925989|00136341
openmpi-master|3744634698865|3744758042377|123343512|1585925990|00129602
