openmpi-slave2|4056165987091|4056292934226|126947135|1585926301|00528913
openmpi-slave2|4056777751935|4056915112769|137360834|1585926302|00628318
openmpi-slave2|4057351477003|4057533030972|181553969|1585926302|00602848
openmpi-slave2|4057930653541|4058082679963|152026422|1585926303|00560583
openmpi-slave2|4058535662942|4058742308957|206646015|1585926304|00651737
openmpi-slave2|4059124671355|4059270756583|146085228|1585926304|00539859
openmpi-slave2|4059643975160|4059800955962|156980802|1585926305|00513115
openmpi-slave2|4060162792845|4060328797050|166004205|1585926305|00534584
openmpi-slave2|4060700820894|4060856409766|155588872|1585926306|00523772
openmpi-slave2|4061290369427|4061449788444|159419017|1585926306|00591976
openmpi-slave2|4061799237386|4061970318043|171080657|1585926307|00527988
openmpi-slave2|4062366665252|4062521448800|154783548|1585926307|00551791
openmpi-slave2|4062874569622|4063053046058|178476436|1585926308|00523762
openmpi-slave2|4063394724169|4063545143587|150419418|1585926308|00495889
openmpi-slave2|4063909028875|4064039594635|130565760|1585926309|00507903
openmpi-slave2|4064393160120|4064518377777|125217657|1585926309|00475849
openmpi-slave2|4064884519515|4065023777791|139258276|1585926310|00499900
openmpi-slave2|4065388632546|4065528797735|140165189|1585926310|00499840
openmpi-slave2|4065851348976|4065986385389|135036413|1585926311|00465562
openmpi-slave2|4066360281937|4066500519785|140237848|1585926311|00501353
openmpi-slave2|4066846463930|4066986813193|140349263|1585926312|00500635
openmpi-slave2|4067339795531|4067505012561|165217030|1585926312|00503854
openmpi-slave2|4067860464465|4068016208500|155744035|1585926313|00515902
openmpi-slave2|4068374166189|4068519281429|145115240|1585926313|00511901
openmpi-slave2|4068879520153|4069042886817|163366664|1585926314|00523877
openmpi-slave2|4069393016931|4069540163847|147146916|1585926314|00480411
openmpi-slave2|4069884506129|4070011259390|126753261|1585926315|00487340
openmpi-slave2|4070370646247|4070514816428|144170181|1585926315|00495795
openmpi-slave2|4070858198629|4071008916516|150717887|1585926316|00487848
openmpi-slave2|4071358374230|4071516238878|157864648|1585926316|00507931
openmpi-slave2|4071850232045|4071995676041|145443996|1585926317|00491861
openmpi-slave2|4072358113927|4072512200037|154086110|1585926317|00500390
openmpi-slave2|4072849429459|4072996764839|147335380|1585926318|00491376
openmpi-slave2|4073340228932|4073471598499|131369567|1585926318|00476624
openmpi-slave2|4073812098890|4073943194881|131095991|1585926319|00479169
openmpi-slave2|4074289757395|4074434062746|144305351|1585926319|00483814
openmpi-slave2|4074781731968|4074945279245|163547277|1585926320|00501557
openmpi-slave2|4075284836143|4075421419912|136583769|1585926320|00482085
openmpi-slave2|4075757576182|4075902336898|144760716|1585926321|00491814
openmpi-slave2|4076260753229|4076398411004|137657775|1585926321|00491929
openmpi-slave2|4076753617947|4076897455806|143837859|1585926322|00495862
openmpi-slave2|4077246343564|4077408122189|161778625|1585926322|00503879
openmpi-slave2|4077753331167|4077902770113|149438946|1585926323|00491684
openmpi-slave2|4078256502659|4078404703855|148201196|1585926323|00501123
openmpi-slave2|4078783827089|4078947724142|163897053|1585926324|00554713
openmpi-slave2|4079286967244|4079436504065|149536821|1585926324|00477753
openmpi-slave2|4079789556933|4079945357157|155800224|1585926325|00508646
openmpi-slave2|4080328343609|4080476170026|147826417|1585926325|00529785
openmpi-slave2|4080820243933|4080964111328|143867395|1585926326|00499222
openmpi-slave2|4081317908329|4081469579515|151671186|1585926326|00493944
openmpi-slave2|4081819735764|4081963076413|143340649|1585926327|00509873
openmpi-slave2|4082325179813|4082469029730|143849917|1585926327|00495834
openmpi-slave2|4082803938523|4082939360712|135422189|1585926328|00479834
openmpi-slave2|4083304508974|4083427332067|122823093|1585926328|00488110
openmpi-slave2|4083777329144|4083925446236|148117092|1585926329|00487742
openmpi-slave2|4084266728427|4084413330957|146602530|1585926329|00487871
openmpi-slave2|4084759618435|4084941051669|181433234|1585926330|00521045
openmpi-slave2|4085281520172|4085424812995|143292823|1585926330|00490612
openmpi-slave2|4085759280339|4085907790887|148510548|1585926331|00488088
openmpi-slave2|4086278581129|4086434736889|156155760|1585926331|00523603
openmpi-slave2|4086792550454|4086915715014|123164560|1585926332|00485786
openmpi-slave2|4087271137563|4087425509022|154371459|1585926332|00505948
openmpi-slave2|4087765900394|4087928700800|162800406|1585926333|00493001
openmpi-slave2|4088255534843|4088411399231|155864388|1585926333|00494136
openmpi-slave2|4088754138297|4088893169732|139031435|1585926334|00484548
openmpi-slave2|4089246453746|4089378434743|131980997|1585926334|00487822
openmpi-slave2|4089753049389|4089896267637|143218248|1585926335|00500584
openmpi-slave2|4090231894394|4090391619917|159725523|1585926335|00515219
openmpi-slave2|4090753879152|4090895372620|141493468|1585926336|00499842
openmpi-slave2|4091245070452|4091392207293|147136841|1585926336|00480433
openmpi-slave2|4091722577631|4091865758808|143181177|1585926337|00479297
openmpi-slave2|4092210483120|4092369371128|158888008|1585926337|00503762
openmpi-slave2|4092706091351|4092850231155|144139804|1585926338|00487947
openmpi-slave2|4093206826159|4093361956472|155130313|1585926338|00511832
openmpi-slave2|4093710597331|4093884168992|173571661|1585926339|00511968
openmpi-slave2|4094218347691|4094374516282|156168591|1585926339|00504145
openmpi-slave2|4094736079199|4094870896067|134816868|1585926340|00487539
openmpi-slave2|4095236426826|4095367595615|131168789|1585926340|00499799
openmpi-slave2|4095743311474|4095900373998|157062524|1585926341|00527073
openmpi-slave2|4096251699534|4096395956302|144256768|1585926341|00500897
openmpi-slave2|4096741683522|4096896202065|154518543|1585926342|00488253
openmpi-slave2|4097214930762|4097363095705|148164943|1585926342|00475255
openmpi-slave2|4097714984061|4097878842483|163858422|1585926343|00527919
openmpi-slave2|4098242680015|4098410124832|167444817|1585926343|00515922
openmpi-slave2|4098793277776|4098930908222|137630446|1585926344|00532027
openmpi-slave2|4099273960230|4099420732842|146772612|1585926344|00479682
openmpi-slave2|4099760188383|4099912880224|152691841|1585926345|00491878
openmpi-slave2|4100250122121|4100401626834|151504713|1585926345|00487893
openmpi-slave2|4100781387497|4100937127381|155739884|1585926346|00535817
openmpi-slave2|4101304968455|4101453649957|148681502|1585926346|00515871
openmpi-slave2|4101810182376|4101969031890|158849514|1585926347|00509316
openmpi-slave2|4102307206010|4102455728162|148522152|1585926347|00503412
openmpi-slave2|4102811670623|4102955825440|144154817|1585926348|00502901
openmpi-slave2|4103322285188|4103465065687|142780499|1585926348|00489327
openmpi-slave2|4103814492396|4103967233528|152741132|1585926349|00514526
openmpi-slave2|4104319036049|4104475647922|156611873|1585926349|00507826
openmpi-slave2|4104857081328|4104987102463|130021135|1585926350|00503090
openmpi-slave2|4105318874203|4105457832374|138958171|1585926350|00472557
openmpi-slave2|4105806868479|4105939834214|132965735|1585926351|00495840
openmpi-slave2|4106235387622|4106344218315|108830693|1585926351|00384251
