openmpi-master|4055783720505|4055876240938|92520433|1585926301|00115735
openmpi-master|4056333645499|4056472773669|139128170|1585926301|00596479
openmpi-master|4057015068764|4057189802824|174734060|1585926302|00730897
openmpi-master|4057597025420|4057756599213|159573793|1585926303|00555813
openmpi-master|4058157273412|4058335271861|177998449|1585926303|00588403
openmpi-master|4058806189902|4058947793818|141603916|1585926304|00615669
openmpi-master|4059328675517|4059477670417|148994900|1585926304|00523529
openmpi-master|4059860240743|4059994951255|134710512|1585926305|00519879
openmpi-master|4060373043146|4060540117135|167073989|1585926305|00532330
openmpi-master|4060886294127|4061074851326|188557199|1585926306|00551471
openmpi-master|4061509062897|4061647881629|138818732|1585926306|00572169
openmpi-master|4062019485300|4062203626742|184141442|1585926307|00555518
openmpi-master|4062586717094|4062749255228|162538134|1585926308|00529427
openmpi-master|4063130048991|4063271505458|141456467|1585926308|00530284
openmpi-master|4063636157343|4063775074011|138916668|1585926309|00507892
openmpi-master|4064132583613|4064269714522|137130909|1585926309|00481825
openmpi-master|4064605948730|4064756456685|150507955|1585926310|00489810
openmpi-master|4065087702627|4065254442595|166739968|1585926310|00494768
openmpi-master|4065591772799|4065731609414|139836615|1585926310|00490014
openmpi-master|4066065875441|4066211092609|145217168|1585926311|00476959
openmpi-master|4066575965260|4066717659629|141694369|1585926311|00513801
openmpi-master|4067050392865|4067208095564|157702699|1585926312|00472253
openmpi-master|4067568496477|4067702177447|133680970|1585926312|00511426
openmpi-master|4068070033373|4068215841388|145808015|1585926313|00512151
openmpi-master|4068574567723|4068722356743|147789020|1585926313|00498639
openmpi-master|4069108306916|4069254125193|145818277|1585926314|00523135
openmpi-master|4069596661220|4069732029815|135368595|1585926314|00481546
openmpi-master|4070070043801|4070224361600|154317799|1585926315|00488836
openmpi-master|4070570157222|4070703147350|132990128|1585926315|00498838
openmpi-master|4071042361643|4071194099187|151737544|1585926316|00475872
openmpi-master|4071546166904|4071688992362|142825458|1585926316|00491939
openmpi-master|4072019546896|4072162672216|143125320|1585926317|00483841
openmpi-master|4072535939217|4072675691974|139752757|1585926317|00509512
openmpi-master|4073010213075|4073160877018|150663943|1585926318|00475394
openmpi-master|4073492686691|4073618905350|126218659|1585926318|00472385
openmpi-master|4073957646956|4074101275117|143628161|1585926319|00468742
openmpi-master|4074429832760|4074572635129|142802369|1585926319|00470196
openmpi-master|4074910679260|4075067052818|156373558|1585926320|00508328
openmpi-master|4075398346068|4075535515553|137169485|1585926320|00474603
openmpi-master|4075892364351|4076038649987|146285636|1585926321|00483841
openmpi-master|4076385751858|4076511959024|126207166|1585926321|00487724
openmpi-master|4076869324826|4077013658068|144333242|1585926322|00492016
openmpi-master|4077363696846|4077501982130|138285284|1585926322|00495295
openmpi-master|4077850398059|4078002445977|152047918|1585926323|00488312
openmpi-master|4078330115143|4078516093171|185978028|1585926323|00516009
openmpi-master|4078870217217|4079018013477|147796260|1585926324|00507921
openmpi-master|4079366986351|4079507251885|140265534|1585926324|00490500
openmpi-master|4079870249603|4080032886714|162637111|1585926325|00517908
openmpi-master|4080381888782|4080522464324|140575542|1585926325|00495176
openmpi-master|4080866078817|4081005708909|139630092|1585926326|00483820
openmpi-master|4081369036899|4081506410152|137373253|1585926326|00495888
openmpi-master|4081843953768|4081997670885|153717117|1585926327|00490046
openmpi-master|4082356645615|4082494157368|137511753|1585926327|00505650
openmpi-master|4082842180208|4082971866101|129685893|1585926328|00480382
openmpi-master|4083318608004|4083459376810|140768806|1585926328|00481136
openmpi-master|4083799778350|4083942908218|143129868|1585926329|00486112
openmpi-master|4084274579982|4084415771349|141191367|1585926329|00475831
openmpi-master|4084774359461|4084952588871|178229410|1585926330|00527869
openmpi-master|4085298567651|4085446166910|147599259|1585926330|00499854
openmpi-master|4085808296538|4085930900629|122604091|1585926331|00491783
openmpi-master|4086299966759|4086446734446|146767687|1585926331|00503903
openmpi-master|4086790089347|4086929473054|139383707|1585926332|00481269
openmpi-master|4087294109941|4087443506395|149396454|1585926332|00506183
openmpi-master|4087785567295|4087936220511|150653216|1585926333|00493521
openmpi-master|4088262505786|4088420424777|157918991|1585926333|00484879
openmpi-master|4088746862874|4088889917285|143054411|1585926334|00473498
openmpi-master|4089234294460|4089382381804|148087344|1585926334|00487853
openmpi-master|4089721549653|4089868508791|146959138|1585926335|00484658
openmpi-master|4090212570861|4090355916668|143345807|1585926335|00507467
openmpi-master|4090729841292|4090871199068|141357776|1585926336|00503562
openmpi-master|4091217564364|4091357114113|139549749|1585926336|00479824
openmpi-master|4091698369376|4091844944259|146574883|1585926337|00486280
openmpi-master|4092175032305|4092327901214|152868909|1585926337|00489575
openmpi-master|4092658754501|4092811531542|152777041|1585926338|00479779
openmpi-master|4093161945227|4093309379140|147433913|1585926338|00499877
openmpi-master|4093662162522|4093821690613|159528091|1585926339|00507644
openmpi-master|4094176538894|4094311158078|134619184|1585926339|00504112
openmpi-master|4094682832043|4094838161248|155329205|1585926340|00515843
openmpi-master|4095187920096|4095331572983|143652887|1585926340|00503861
openmpi-master|4095690085204|4095834950508|144865304|1585926341|00503892
openmpi-master|4096211549467|4096359370953|147821486|1585926341|00522756
openmpi-master|4096707152320|4096854115162|146962842|1585926342|00493000
openmpi-master|4097190453041|4097346034964|155581923|1585926342|00478269
openmpi-master|4097703662591|4097879696567|176033976|1585926343|00533351
openmpi-master|4098222026492|4098382464184|160437692|1585926343|00512952
openmpi-master|4098758743158|4098902128222|143385064|1585926344|00516825
openmpi-master|4099242082772|4099393329232|151246460|1585926344|00485825
openmpi-master|4099726190905|4099863484825|137293920|1585926345|00479994
openmpi-master|4100210118562|4100368383690|158265128|1585926345|00494201
openmpi-master|4100722764095|4100890076907|167312812|1585926346|00529622
openmpi-master|4101227098184|4101402190768|175092584|1585926346|00515816
openmpi-master|4101742816645|4101904768237|161951592|1585926347|00491840
openmpi-master|4102264213513|4102405432566|141219053|1585926347|00503948
openmpi-master|4102754074455|4102905511717|151437262|1585926348|00499811
openmpi-master|4103257836657|4103391093940|133257283|1585926348|00496049
openmpi-master|4103755733459|4103920344187|164610728|1585926349|00520911
openmpi-master|4104273929533|4104430908502|156978969|1585926349|00510547
openmpi-master|4104795569902|4104943335349|147765447|1585926350|00509569
openmpi-master|4105262526062|4105420801408|158275346|1585926350|00473226
openmpi-master|4105766070665|4105910981290|144910625|1585926351|00506614
