openmpi-slave1|4056299091404|4056431147396|132055992|1585926301|00662630
openmpi-slave1|4056810576843|4056961146523|150569680|1585926302|00535795
openmpi-slave1|4057409604947|4057572658642|163053695|1585926302|00599815
openmpi-slave1|4057981843317|4058133114451|151271134|1585926303|00568006
openmpi-slave1|4058583988667|4058792629471|208640804|1585926304|00655807
openmpi-slave1|4059149742309|4059305782027|156039718|1585926304|00515871
openmpi-slave1|4059674304565|4059837108156|162803591|1585926305|00523901
openmpi-slave1|4060190866552|4060356759512|165892960|1585926305|00516948
openmpi-slave1|4060711950615|4060870326155|158375540|1585926306|00516910
openmpi-slave1|4061318878861|4061477295376|158416515|1585926306|00613648
openmpi-slave1|4061846756181|4061998832956|152076775|1585926307|00523987
openmpi-slave1|4062406993737|4062581227686|174233949|1585926307|00569545
openmpi-slave1|4062949497020|4063111865354|162368334|1585926308|00544075
openmpi-slave1|4063464315754|4063612696429|148380675|1585926308|00486905
openmpi-slave1|4063962803390|4064121594191|158790801|1585926309|00511067
openmpi-slave1|4064451576334|4064583000422|131424088|1585926309|00476648
openmpi-slave1|4064937573060|4065081484664|143911604|1585926310|00480771
openmpi-slave1|4065427994384|4065580775727|152781343|1585926310|00502006
openmpi-slave1|4065917330874|4066046554909|129224035|1585926311|00477713
openmpi-slave1|4066410222609|4066557637090|147414481|1585926311|00509974
openmpi-slave1|4066894350730|4067041670899|147320169|1585926312|00472855
openmpi-slave1|4067401891612|4067547584799|145693187|1585926312|00526985
openmpi-slave1|4067910217767|4068066604202|156386435|1585926313|00499804
openmpi-slave1|4068432657562|4068576153701|143496139|1585926313|00504365
openmpi-slave1|4068941933717|4069083744264|141810547|1585926314|00523425
openmpi-slave1|4069430926666|4069571595921|140669255|1585926314|00483832
openmpi-slave1|4069910458680|4070057285934|146827254|1585926315|00475872
openmpi-slave1|4070404713929|4070535744767|131030838|1585926315|00492103
openmpi-slave1|4070879877037|4071030821932|150944895|1585926316|00483635
openmpi-slave1|4071392597493|4071515678006|123080513|1585926316|00497639
openmpi-slave1|4071866541201|4072002918546|136377345|1585926317|00486206
openmpi-slave1|4072386740035|4072519643475|132903440|1585926317|00515822
openmpi-slave1|4072858081750|4073001070882|142989132|1585926318|00469743
openmpi-slave1|4073337736057|4073476268885|138532828|1585926318|00470578
openmpi-slave1|4073805224148|4073931908299|126684151|1585926319|00467003
openmpi-slave1|4074281644702|4074417952914|136308212|1585926319|00476463
openmpi-slave1|4074742278786|4074891905432|149626646|1585926320|00483714
openmpi-slave1|4075249891088|4075381535206|131644118|1585926320|00489243
openmpi-slave1|4075718399884|4075866570026|148170142|1585926321|00482280
openmpi-slave1|4076220914168|4076355756112|134841944|1585926321|00492457
openmpi-slave1|4076698598945|4076846372886|147773941|1585926322|00488366
openmpi-slave1|4077201590713|4077357712444|156121731|1585926322|00502811
openmpi-slave1|4077690046030|4077827606644|137560614|1585926323|00483929
openmpi-slave1|4078175410680|4078314899832|139489152|1585926323|00481694
openmpi-slave1|4078712513346|4078855236606|142723260|1585926324|00546031
openmpi-slave1|4079198481295|4079349243523|150762228|1585926324|00487931
openmpi-slave1|4079686686452|4079852762446|166075994|1585926325|00493964
openmpi-slave1|4080214571876|4080359849318|145277442|1585926325|00520069
openmpi-slave1|4080703772298|4080853479918|149707620|1585926326|00481572
openmpi-slave1|4081200958772|4081330832721|129873949|1585926326|00491904
openmpi-slave1|4081685891328|4081823277836|137386508|1585926327|00491936
openmpi-slave1|4082170613716|4082323496562|152882846|1585926327|00499768
openmpi-slave1|4082677760832|4082810833564|133072732|1585926328|00483903
openmpi-slave1|4083153302935|4083309378872|156075937|1585926328|00487319
openmpi-slave1|4083641659346|4083774190656|132531310|1585926329|00478298
openmpi-slave1|4084105872745|4084250037434|144164689|1585926329|00477979
openmpi-slave1|4084599904361|4084747749050|147844689|1585926330|00500020
openmpi-slave1|4085126369264|4085288416297|162047033|1585926330|00523691
openmpi-slave1|4085636574664|4085784781756|148207092|1585926331|00496008
openmpi-slave1|4086129049490|4086281492659|152443169|1585926331|00507865
openmpi-slave1|4086630210684|4086766707944|136497260|1585926332|00485048
openmpi-slave1|4087114224150|4087257507949|143283799|1585926332|00478720
openmpi-slave1|4087609572301|4087759598906|150026605|1585926333|00511851
openmpi-slave1|4088101987247|4088248587031|146599784|1585926333|00478666
openmpi-slave1|4088582788392|4088723919048|141130656|1585926334|00489085
openmpi-slave1|4089070443128|4089218607210|148164082|1585926334|00485074
openmpi-slave1|4089553665158|4089699758708|146093550|1585926334|00490823
openmpi-slave1|4090052423557|4090201241583|148818026|1585926335|00491824
openmpi-slave1|4090571117514|4090703488246|132370732|1585926335|00509131
openmpi-slave1|4091054297222|4091197486002|143188780|1585926336|00490664
openmpi-slave1|4091543694755|4091684680885|140986130|1585926336|00476953
openmpi-slave1|4092028566206|4092181635016|153068810|1585926337|00498584
openmpi-slave1|4092532450460|4092672980663|140530203|1585926337|00495894
openmpi-slave1|4093025316037|4093179201953|153885916|1585926338|00511891
openmpi-slave1|4093549371322|4093696377535|147006213|1585926338|00507772
openmpi-slave1|4094045984925|4094196965136|150980211|1585926339|00499857
openmpi-slave1|4094564616472|4094712788903|148172431|1585926339|00513108
openmpi-slave1|4095058858539|4095209124164|150265625|1585926340|00498791
openmpi-slave1|4095573951155|4095725678618|151727463|1585926340|00521991
openmpi-slave1|4096071846296|4096244082175|172235879|1585926341|00509921
openmpi-slave1|4096586161467|4096729378009|143216542|1585926341|00489392
openmpi-slave1|4097067493295|4097212126389|144633094|1585926342|00486119
openmpi-slave1|4097546003249|4097722332342|176329093|1585926342|00507849
openmpi-slave1|4098105037537|4098247328232|142290695|1585926343|00531892
openmpi-slave1|4098631456120|4098800255639|168799519|1585926344|00540631
openmpi-slave1|4099149253838|4099291079008|141825170|1585926344|00503241
openmpi-slave1|4099636367750|4099770350538|133982788|1585926345|00475852
openmpi-slave1|4100125228197|4100255823886|130595689|1585926345|00492145
openmpi-slave1|4100606411093|4100778522300|172111207|1585926346|00515492
openmpi-slave1|4101153568020|4101309221720|155653700|1585926346|00523928
openmpi-slave1|4101666180654|4101812188381|146007727|1585926347|00503421
openmpi-slave1|4102160479924|4102313875631|153395707|1585926347|00500322
openmpi-slave1|4102658432613|4102816942443|158509830|1585926348|00507919
openmpi-slave1|4103168309948|4103308830043|140520095|1585926348|00495762
openmpi-slave1|4103665508151|4103824112525|158604374|1585926349|00507864
openmpi-slave1|4104162100777|4104313759686|151658909|1585926349|00499954
openmpi-slave1|4104700228257|4104838450696|138222439|1585926350|00515889
openmpi-slave1|4105162520970|4105314531664|152010694|1585926350|00471818
openmpi-slave1|4105664121392|4105802624568|138503176|1585926351|00496029
openmpi-slave1|4106151831355|4106290634980|138803625|1585926351|00491861
