1585489948-0000-000|1483886888514672|1483886889238667|723995|00010131
1585489948-0000-000|1483886944830223|1483886945517104|686881|00006122
1585489948-0000-000|1483887001241849|1483887001898301|656452|00006368
1585489948-0000-000|1483887057813950|1483887058518805|704855|00006369
1585489948-0000-000|1483887114933797|1483887115813592|879795|00007287
1585489948-0000-000|1483887171450788|1483887172139663|688875|00005936
1585489948-0000-000|1483887227747138|1483887228462890|715752|00006241
1585489948-0000-000|1483887284352317|1483887285003452|651135|00006408
1585489948-0000-000|1483887342661112|1483887343709318|1048206|00008606
1585489948-0000-000|1483887400992783|1483887401910348|917565|00008038
1585489948-0000-000|1483887459374800|1483887460387522|1012722|00008368
1585489948-0000-000|1483887516513868|1483887517239276|725408|00006436
1585489948-0000-000|1483887572629497|1483887573412273|782776|00006042
1585489948-0000-000|1483887629152751|1483887629840490|687739|00006383
1585489948-0000-000|1483887686347166|1483887687000894|653728|00006892
1585489948-0000-000|1483887742540421|1483887743218189|677768|00006005
1585489948-0000-000|1483887798863173|1483887799547540|684367|00006279
1585489948-0000-000|1483887855326859|1483887855989916|663057|00006234
1585489948-0000-000|1483887913478238|1483887914170283|692045|00008054
1585489948-0000-000|1483887970006978|1483887970708104|701126|00006483
1585489948-0000-000|1483888026321792|1483888026989358|667566|00005950
1585489948-0000-000|1483888082698172|1483888083368257|670085|00006168
1585489948-0000-000|1483888138762145|1483888139435921|673776|00005973
1585489948-0000-000|1483888195969165|1483888196826999|857834|00007298
1585489948-0000-000|1483888253002856|1483888253723287|720431|00006642
1585489948-0000-000|1483888310605565|1483888311448188|842623|00007710
1585489948-0000-000|1483888367199552|1483888367871913|672361|00006247
1585489948-0000-000|1483888424113839|1483888424894509|780670|00006860
1585489948-0000-000|1483888482428411|1483888483428046|999635|00008469
1585489948-0000-000|1483888539261754|1483888539927361|665607|00006168
1585489948-0000-000|1483888596824484|1483888597572370|747886|00007385
1585489948-0000-000|1483888652958380|1483888653627355|668975|00005871
1585489948-0000-000|1483888709363440|1483888710037324|673884|00006296
1585489948-0000-000|1483888765884613|1483888766561083|676470|00006390
1585489948-0000-000|1483888822156677|1483888822843700|687023|00006016
1585489948-0000-000|1483888878460948|1483888879128325|667377|00006192
1585489948-0000-000|1483888934991443|1483888935719753|728310|00006478
1585489948-0000-000|1483888993332061|1483888994317976|985915|00008486
1585489948-0000-000|1483889051738481|1483889052589230|850749|00008021
1585489948-0000-000|1483889107936936|1483889108646801|709865|00005831
1585489948-0000-000|1483889165190313|1483889166019933|829620|00007267
1585489948-0000-000|1483889221527805|1483889222240904|713099|00006071
1585489948-0000-000|1483889278814508|1483889279542896|728388|00007280
1585489948-0000-000|1483889337700563|1483889338405871|705308|00008603
1585489948-0000-000|1483889394295540|1483889395022072|726532|00006392
1585489948-0000-000|1483889450575899|1483889451262646|686747|00006086
1585489948-0000-000|1483889506893025|1483889507561610|668585|00006168
1585489948-0000-000|1483889563226193|1483889563943454|717261|00006258
1585489948-0000-000|1483889619529473|1483889620334021|804548|00006172
1585489948-0000-000|1483889675845591|1483889676541571|695980|00006044
1585489948-0000-000|1483889733335788|1483889734237603|901815|00007734
1585489948-0000-000|1483889790184416|1483889790861727|677311|00006284
1585489948-0000-000|1483889847623093|1483889848552548|929455|00007490
1585489948-0000-000|1483889903849037|1483889904580557|731520|00005920
1585489948-0000-000|1483889959895230|1483889960651924|756694|00005907
1585489948-0000-000|1483890016062204|1483890016747079|684875|00005942
1585489948-0000-000|1483890073004211|1483890073746129|741918|00006842
1585489948-0000-000|1483890129424554|1483890130080613|656059|00006153
1585489948-0000-000|1483890186091081|1483890186835213|744132|00006500
1585489948-0000-000|1483890242370908|1483890243164815|793907|00006173
1585489948-0000-000|1483890298662204|1483890299434188|771984|00006136
1585489948-0000-000|1483890355379041|1483890356552950|1173909|00006949
1585489948-0000-000|1483890411819252|1483890412510454|691202|00005722
1585489948-0000-000|1483890467794087|1483890468513063|718976|00005949
1585489948-0000-000|1483890524000505|1483890524925117|924612|00006188
1585489948-0000-000|1483890580485927|1483890581167264|681337|00006147
1585489948-0000-000|1483890637180051|1483890637890513|710462|00006562
1585489948-0000-000|1483890693365437|1483890694022889|657452|00005954
1585489948-0000-000|1483890749677687|1483890750329000|651313|00006133
1585489948-0000-000|1483890806039789|1483890806842409|802620|00006396
1585489948-0000-000|1483890862428461|1483890863102192|673731|00006083
1585489948-0000-000|1483890918607924|1483890919293806|685882|00005910
1585489948-0000-000|1483890974564727|1483890975312889|748162|00006001
1585489948-0000-000|1483891030976236|1483891031638647|662411|00006022
1585489948-0000-000|1483891087100662|1483891087834562|733900|00006238
1585489948-0000-000|1483891143785058|1483891144721910|936852|00006635
1585489948-0000-000|1483891200092210|1483891200788355|696145|00005868
1585489948-0000-000|1483891256723724|1483891257438141|714417|00006425
1585489948-0000-000|1483891312974717|1483891313851994|877277|00006378
1585489948-0000-000|1483891369378003|1483891370054372|676369|00005929
1585489948-0000-000|1483891425736286|1483891426399198|662912|00006262
1585489948-0000-000|1483891482040063|1483891482708711|668648|00006159
1585489948-0000-000|1483891538441054|1483891539130490|689436|00006187
1585489948-0000-000|1483891594981465|1483891595640831|659366|00006447
1585489948-0000-000|1483891651237031|1483891651909209|672178|00006126
1585489948-0000-000|1483891707773965|1483891708458389|684424|00006286
1585489948-0000-000|1483891763917428|1483891764627813|710385|00006014
1585489948-0000-000|1483891820441753|1483891821159032|717279|00006376
1585489948-0000-000|1483891877532888|1483891878193024|660136|00006968
1585489948-0000-000|1483891934548693|1483891935409017|860324|00007032
1585489948-0000-000|1483891990927786|1483891991686164|758378|00006063
1585489948-0000-000|1483892047703029|1483892048398607|695578|00006597
1585489948-0000-000|1483892103997490|1483892104826135|828645|00006406
1585489948-0000-000|1483892160646371|1483892161340630|694259|00006190
1585489948-0000-000|1483892216841716|1483892217506698|664982|00005946
1585489948-0000-000|1483892273293583|1483892273977476|683893|00006264
1585489948-0000-000|1483892331463632|1483892332193692|730060|00008184
1585489948-0000-000|1483892387981385|1483892388900472|919087|00006434
1585489948-0000-000|1483892444522915|1483892445197097|674182|00006211
1585489948-0000-000|1483892500656854|1483892501340286|683432|00005909
