openmpi-slave3|2860023840424|2860086754694|62914270|1585925114|00011106
openmpi-slave3|2860023840424|2860086754694|62914270|1585925114|00001141
openmpi-slave3|2860023840424|2860086754694|62914270|1585925114|00001079
openmpi-slave3|2860023840424|2860086754694|62914270|1585925114|00001596
openmpi-slave3|2860023840424|2860086754694|62914270|1585925114|00001278
openmpi-slave3|2860023840424|2860086754694|62914270|1585925114|00001199
openmpi-slave3|2860023840424|2860086754694|62914270|1585925114|00001511
openmpi-slave3|2860023840424|2860086754694|62914270|1585925114|00001424
openmpi-slave3|2860023840424|2860086754694|62914270|1585925114|00001067
openmpi-slave3|2860023840424|2860086754694|62914270|1585925114|00001251
openmpi-slave3|2860023840424|2860086754694|62914270|1585925114|00001560
openmpi-slave3|2860023840424|2860086754694|62914270|1585925114|00001165
openmpi-slave3|2860023840424|2860086754694|62914270|1585925114|00001383
openmpi-slave3|2860023840424|2860086754694|62914270|1585925114|00001528
openmpi-slave3|2860023840424|2860086754694|62914270|1585925114|00001795
openmpi-slave3|2860023840424|2860086754694|62914270|1585925114|00003001
openmpi-slave3|2860023840424|2860086754694|62914270|1585925114|00001148
openmpi-slave3|2860023840424|2860086754694|62914270|1585925114|00001447
openmpi-slave3|2860023840424|2860086754694|62914270|1585925114|00001267
openmpi-slave3|2860023840424|2860086754694|62914270|1585925114|00001475
openmpi-slave3|2860023840424|2860086754694|62914270|1585925114|00001177
openmpi-slave3|2860023840424|2860086754694|62914270|1585925114|00001728
openmpi-slave3|2860023840424|2860086754694|62914270|1585925114|00001224
openmpi-slave3|2860023840424|2860086754694|62914270|1585925114|00001364
openmpi-slave3|2860023840424|2860086754694|62914270|1585925114|00001214
openmpi-slave3|2860023840424|2860086754694|62914270|1585925114|00002597
openmpi-slave3|2860023840424|2860086754694|62914270|1585925114|00001490
openmpi-slave3|2860023840424|2860086754694|62914270|1585925114|00001198
openmpi-slave3|2860023840424|2860086754694|62914270|1585925114|00001042
openmpi-slave3|2860023840424|2860086754694|62914270|1585925114|00001411
openmpi-slave3|2860023840424|2860086754694|62914270|1585925114|00001308
openmpi-slave3|2860023840424|2860086754694|62914270|1585925114|00001147
openmpi-slave3|2860023840424|2860086754694|62914270|1585925114|00001191
openmpi-slave3|2860023840424|2860086754694|62914270|1585925114|00001422
openmpi-slave3|2860023840424|2860086754694|62914270|1585925114|00001519
openmpi-slave3|2860023840424|2860086754694|62914270|1585925114|00001497
openmpi-slave3|2860023840424|2860086754694|62914270|1585925114|00001424
openmpi-slave3|2860023840424|2860086754694|62914270|1585925114|00001220
openmpi-slave3|2860023840424|2860086754694|62914270|1585925114|00001328
openmpi-slave3|2860023840424|2860086754694|62914270|1585925114|00001544
openmpi-slave3|2860023840424|2860086754694|62914270|1585925114|00001220
openmpi-slave3|2860023840424|2860086754694|62914270|1585925114|00001115
openmpi-slave3|2860023840424|2860086754694|62914270|1585925114|00001339
openmpi-slave3|2860023840424|2860086754694|62914270|1585925114|00001623
openmpi-slave3|2860023840424|2860086754694|62914270|1585925114|00001520
openmpi-slave3|2860023840424|2860086754694|62914270|1585925114|00001299
openmpi-slave3|2860023840424|2860086754694|62914270|1585925114|00001036
openmpi-slave3|2860023840424|2860086754694|62914270|1585925114|00001494
openmpi-slave3|2860023840424|2860086754694|62914270|1585925114|00001175
openmpi-slave3|2860023840424|2860086754694|62914270|1585925114|00001341
openmpi-slave3|2860023840424|2860086754694|62914270|1585925114|00001330
openmpi-slave3|2860023840424|2860086754694|62914270|1585925114|00001425
openmpi-slave3|2860023840424|2860086754694|62914270|1585925114|00001535
openmpi-slave3|2860023840424|2860086754694|62914270|1585925114|00001269
openmpi-slave3|2860023840424|2860086754694|62914270|1585925114|00001770
openmpi-slave3|2860023840424|2860086754694|62914270|1585925114|00001153
openmpi-slave3|2860023840424|2860086754694|62914270|1585925114|00001332
openmpi-slave3|2860023840424|2860086754694|62914270|1585925114|00001372
openmpi-slave3|2860023840424|2860086754694|62914270|1585925114|00001801
openmpi-slave3|2860023840424|2860086754694|62914270|1585925114|00001089
openmpi-slave3|2860023840424|2860086754694|62914270|1585925114|00001860
openmpi-slave3|2860023840424|2860086754694|62914270|1585925114|00001366
openmpi-slave3|2860023840424|2860086754694|62914270|1585925114|00001171
openmpi-slave3|2860023840424|2860086754694|62914270|1585925114|00001228
openmpi-slave3|2860023840424|2860086754694|62914270|1585925114|00001187
openmpi-slave3|2860023840424|2860086754694|62914270|1585925114|00001159
openmpi-slave3|2860023840424|2860086754694|62914270|1585925114|00001209
openmpi-slave3|2860023840424|2860086754694|62914270|1585925114|00001652
openmpi-slave3|2860023840424|2860086754694|62914270|1585925114|00001159
openmpi-slave3|2860023840424|2860086754694|62914270|1585925114|00001459
openmpi-slave3|2860023840424|2860086754694|62914270|1585925114|00001514
openmpi-slave3|2860023840424|2860086754694|62914270|1585925114|00001253
openmpi-slave3|2860023840424|2860086754694|62914270|1585925114|00001661
openmpi-slave3|2860023840424|2860086754694|62914270|1585925114|00001615
openmpi-slave3|2860023840424|2860086754694|62914270|1585925114|00001229
openmpi-slave3|2860023840424|2860086754694|62914270|1585925114|00001305
openmpi-slave3|2860023840424|2860086754694|62914270|1585925114|00001129
openmpi-slave3|2860023840424|2860086754694|62914270|1585925114|00001264
openmpi-slave3|2860023840424|2860086754694|62914270|1585925114|00001528
openmpi-slave3|2860023840424|2860086754694|62914270|1585925114|00001038
openmpi-slave3|2860023840424|2860086754694|62914270|1585925114|00000989
openmpi-slave3|2860023840424|2860086754694|62914270|1585925114|00001312
openmpi-slave3|2860023840424|2860086754694|62914270|1585925114|00001235
openmpi-slave3|2860023840424|2860086754694|62914270|1585925114|00001242
openmpi-slave3|2860023840424|2860086754694|62914270|1585925114|00001492
openmpi-slave3|2860023840424|2860086754694|62914270|1585925114|00001395
openmpi-slave3|2860023840424|2860086754694|62914270|1585925114|00001087
openmpi-slave3|2860023840424|2860086754694|62914270|1585925114|00001231
openmpi-slave3|2860023840424|2860086754694|62914270|1585925114|00001190
openmpi-slave3|2860023840424|2860086754694|62914270|1585925114|00001318
openmpi-slave3|2860023840424|2860086754694|62914270|1585925114|00001294
openmpi-slave3|2860023840424|2860086754694|62914270|1585925114|00001306
openmpi-slave3|2860023840424|2860086754694|62914270|1585925114|00001163
openmpi-slave3|2860023840424|2860086754694|62914270|1585925114|00000909
openmpi-slave3|2860023840424|2860086754694|62914270|1585925114|00001030
openmpi-slave3|2860023840424|2860086754694|62914270|1585925114|00000981
openmpi-slave3|2860023840424|2860086754694|62914270|1585925114|00000992
openmpi-slave3|2860023840424|2860086754694|62914270|1585925114|00001226
openmpi-slave3|2860023840424|2860086754694|62914270|1585925114|00001117
openmpi-slave3|2860023840424|2860086754694|62914270|1585925114|00001138
