1585592816-0007-000|8069294658639|8069409295705|114637066|1585592816|00229959
1585592816-0007-000|8069294658639|8069409295705|114637066|1585592816|00001303
1585592816-0007-000|8069294658639|8069409295705|114637066|1585592816|00001241
1585592816-0007-000|8069294658639|8069409295705|114637066|1585592816|00001372
1585592816-0007-000|8069294658639|8069409295705|114637066|1585592816|00001155
1585592816-0007-000|8069294658639|8069409295705|114637066|1585592816|00001095
1585592816-0007-000|8069294658639|8069409295705|114637066|1585592816|00001096
1585592816-0007-000|8069294658639|8069409295705|114637066|1585592816|00001131
1585592816-0007-000|8069294658639|8069409295705|114637066|1585592816|00000942
1585592816-0007-000|8069294658639|8069409295705|114637066|1585592816|00001071
1585592816-0007-000|8069294658639|8069409295705|114637066|1585592816|00001066
1585592816-0007-000|8069294658639|8069409295705|114637066|1585592816|00001021
1585592816-0007-000|8069294658639|8069409295705|114637066|1585592816|00001084
1585592816-0007-000|8069294658639|8069409295705|114637066|1585592816|00001300
1585592816-0007-000|8069294658639|8069409295705|114637066|1585592816|00001092
1585592816-0007-000|8069294658639|8069409295705|114637066|1585592816|00001101
1585592816-0007-000|8069294658639|8069409295705|114637066|1585592816|00001152
1585592816-0007-000|8069294658639|8069409295705|114637066|1585592816|00000995
1585592816-0007-000|8069294658639|8069409295705|114637066|1585592816|00001154
1585592816-0007-000|8069294658639|8069409295705|114637066|1585592816|00001079
1585592816-0007-000|8069294658639|8069409295705|114637066|1585592816|00001200
1585592816-0007-000|8069294658639|8069409295705|114637066|1585592816|00001164
1585592816-0007-000|8069294658639|8069409295705|114637066|1585592816|00001388
1585592816-0007-000|8069294658639|8069409295705|114637066|1585592816|00001102
1585592816-0007-000|8069294658639|8069409295705|114637066|1585592816|00001240
1585592816-0007-000|8069294658639|8069409295705|114637066|1585592816|00001077
1585592816-0007-000|8069294658639|8069409295705|114637066|1585592816|00000992
1585592816-0007-000|8069294658639|8069409295705|114637066|1585592816|00001055
1585592816-0007-000|8069294658639|8069409295705|114637066|1585592816|00001060
1585592816-0007-000|8069294658639|8069409295705|114637066|1585592816|00001125
1585592816-0007-000|8069294658639|8069409295705|114637066|1585592816|00001096
1585592816-0007-000|8069294658639|8069409295705|114637066|1585592816|00001165
1585592816-0007-000|8069294658639|8069409295705|114637066|1585592816|00001042
1585592816-0007-000|8069294658639|8069409295705|114637066|1585592816|00001080
1585592816-0007-000|8069294658639|8069409295705|114637066|1585592816|00001014
1585592816-0007-000|8069294658639|8069409295705|114637066|1585592816|00001280
1585592816-0007-000|8069294658639|8069409295705|114637066|1585592816|00001136
1585592816-0007-000|8069294658639|8069409295705|114637066|1585592816|00001017
1585592816-0007-000|8069294658639|8069409295705|114637066|1585592816|00001039
1585592816-0007-000|8069294658639|8069409295705|114637066|1585592816|00001215
1585592816-0007-000|8069294658639|8069409295705|114637066|1585592816|00001069
1585592816-0007-000|8069294658639|8069409295705|114637066|1585592816|00001097
1585592816-0007-000|8069294658639|8069409295705|114637066|1585592816|00000977
1585592816-0007-000|8069294658639|8069409295705|114637066|1585592816|00000990
1585592816-0007-000|8069294658639|8069409295705|114637066|1585592816|00001065
1585592816-0007-000|8069294658639|8069409295705|114637066|1585592816|00001038
1585592816-0007-000|8069294658639|8069409295705|114637066|1585592816|00001114
1585592816-0007-000|8069294658639|8069409295705|114637066|1585592816|00001062
1585592816-0007-000|8069294658639|8069409295705|114637066|1585592816|00001141
1585592816-0007-000|8069294658639|8069409295705|114637066|1585592816|00001023
1585592816-0007-000|8069294658639|8069409295705|114637066|1585592816|00000994
1585592816-0007-000|8069294658639|8069409295705|114637066|1585592816|00001030
1585592816-0007-000|8069294658639|8069409295705|114637066|1585592816|00001080
1585592816-0007-000|8069294658639|8069409295705|114637066|1585592816|00001038
1585592816-0007-000|8069294658639|8069409295705|114637066|1585592816|00001236
1585592816-0007-000|8069294658639|8069409295705|114637066|1585592816|00001116
1585592816-0007-000|8069294658639|8069409295705|114637066|1585592816|00001416
1585592816-0007-000|8069294658639|8069409295705|114637066|1585592816|00001097
1585592816-0007-000|8069294658639|8069409295705|114637066|1585592816|00001120
1585592816-0007-000|8069294658639|8069409295705|114637066|1585592816|00001104
1585592816-0007-000|8069294658639|8069409295705|114637066|1585592816|00001128
1585592816-0007-000|8069294658639|8069409295705|114637066|1585592816|00001036
1585592816-0007-000|8069294658639|8069409295705|114637066|1585592816|00000996
1585592816-0007-000|8069294658639|8069409295705|114637066|1585592816|00001062
1585592816-0007-000|8069294658639|8069409295705|114637066|1585592816|00000965
1585592816-0007-000|8069294658639|8069409295705|114637066|1585592816|00001150
1585592816-0007-000|8069294658639|8069409295705|114637066|1585592816|00000880
1585592816-0007-000|8069294658639|8069409295705|114637066|1585592816|00000968
1585592816-0007-000|8069294658639|8069409295705|114637066|1585592816|00001055
1585592816-0007-000|8069294658639|8069409295705|114637066|1585592816|00001119
1585592816-0007-000|8069294658639|8069409295705|114637066|1585592816|00000990
1585592816-0007-000|8069294658639|8069409295705|114637066|1585592816|00001108
1585592816-0007-000|8069294658639|8069409295705|114637066|1585592816|00001064
1585592816-0007-000|8069294658639|8069409295705|114637066|1585592816|00001041
1585592816-0007-000|8069294658639|8069409295705|114637066|1585592816|00001565
1585592816-0007-000|8069294658639|8069409295705|114637066|1585592816|00000999
1585592816-0007-000|8069294658639|8069409295705|114637066|1585592816|00000969
1585592816-0007-000|8069294658639|8069409295705|114637066|1585592816|00001095
1585592816-0007-000|8069294658639|8069409295705|114637066|1585592816|00001253
1585592816-0007-000|8069294658639|8069409295705|114637066|1585592816|00001195
1585592816-0007-000|8069294658639|8069409295705|114637066|1585592816|00001089
1585592816-0007-000|8069294658639|8069409295705|114637066|1585592816|00001241
1585592816-0007-000|8069294658639|8069409295705|114637066|1585592816|00001204
1585592816-0007-000|8069294658639|8069409295705|114637066|1585592816|00001364
1585592816-0007-000|8069294658639|8069409295705|114637066|1585592816|00001064
1585592816-0007-000|8069294658639|8069409295705|114637066|1585592816|00001077
1585592816-0007-000|8069294658639|8069409295705|114637066|1585592816|00001240
1585592816-0007-000|8069294658639|8069409295705|114637066|1585592816|00001209
1585592816-0007-000|8069294658639|8069409295705|114637066|1585592816|00001085
1585592816-0007-000|8069294658639|8069409295705|114637066|1585592816|00001128
1585592816-0007-000|8069294658639|8069409295705|114637066|1585592816|00001143
1585592816-0007-000|8069294658639|8069409295705|114637066|1585592816|00001063
1585592816-0007-000|8069294658639|8069409295705|114637066|1585592816|00001395
1585592816-0007-000|8069294658639|8069409295705|114637066|1585592816|00001249
1585592816-0007-000|8069294658639|8069409295705|114637066|1585592816|00001147
1585592816-0007-000|8069294658639|8069409295705|114637066|1585592816|00001332
1585592816-0007-000|8069294658639|8069409295705|114637066|1585592816|00001148
1585592816-0007-000|8069294658639|8069409295705|114637066|1585592816|00001153
1585592816-0007-000|8069294658639|8069409295705|114637066|1585592816|00001505
1585592816-0007-000|8069294658639|8069409295705|114637066|1585592816|00001117
