1585584602-0007-000|1578542361112118|1578542517654438|156542320|1585584604|01855007
1585584602-0007-000|1578545988886802|1578546143403609|154516807|1585584607|02621000
1585584602-0007-000|1578549328425315|1578549480747116|152321801|1585584611|02338110
1585584602-0007-000|1578552660870792|1578552782857855|121987063|1585584614|02313535
1585584602-0007-000|1578555850600133|1578555992682910|142082777|1585584617|02198030
1585584602-0007-000|1578558969959484|1578559114040459|144080975|1585584620|02131810
1585584602-0007-000|1578562242244965|1578562389525965|147281000|1585584624|02263822
1585584602-0007-000|1578565299319541|1578565430098233|130778692|1585584627|02050232
1585584602-0007-000|1578568358325664|1578568499591924|141266260|1585584630|02068357
1585584602-0007-000|1578571541672150|1578571680270820|138598670|1585584633|02185025
1585584602-0007-000|1578574715651763|1578574858311216|142659453|1585584636|02167625
1585584602-0007-000|1578577943711922|1578578088302114|144590192|1585584639|02231696
1585584602-0007-000|1578581227857070|1578581390619040|162761970|1585584643|02294613
1585584602-0007-000|1578584457518993|1578584654508739|196989746|1585584646|02265130
1585584602-0007-000|1578587719825003|1578587871724604|151899601|1585584649|02217818
1585584602-0007-000|1578590902703570|1578591045413418|142709848|1585584652|02177785
1585584602-0007-000|1578594152399107|1578594300374598|147975491|1585584656|02249421
1585584602-0007-000|1578597497419212|1578597630226520|132807308|1585584659|02346296
1585584602-0007-000|1578600793391494|1578600977782958|184391464|1585584662|02339916
1585584602-0007-000|1578604488328329|1578604637140773|148812444|1585584666|02650331
1585584602-0007-000|1578607774584300|1578607918631022|144046722|1585584669|02291499
1585584602-0007-000|1578610973488065|1578611107860939|134372874|1585584672|02189785
1585584602-0007-000|1578614172895956|1578614306694626|133798670|1585584676|02191587
1585584602-0007-000|1578617332371102|1578617470014270|137643168|1585584679|02167635
1585584602-0007-000|1578620531454113|1578620689304934|157850821|1585584682|02215987
1585584602-0007-000|1578623831357129|1578623975616241|144259112|1585584685|02291845
1585584602-0007-000|1578627185232964|1578627318257725|133024761|1585584689|02345513
1585584602-0007-000|1578630506089322|1578630647618799|141529477|1585584692|02326128
1585584602-0007-000|1578633830114438|1578633992641227|162526789|1585584695|02339918
1585584602-0007-000|1578637292741652|1578637434009532|141267880|1585584699|02440911
1585584602-0007-000|1578640530525021|1578640667940692|137415671|1585584702|02242846
1585584602-0007-000|1578643955871125|1578644111312782|155441657|1585584705|02427042
1585584602-0007-000|1578647274662258|1578647411458841|136796583|1585584709|02308565
1585584602-0007-000|1578650510131697|1578650651601540|141469843|1585584712|02236798
1585584602-0007-000|1578653782032714|1578653946789790|164757076|1585584715|02302738
1585584602-0007-000|1578657179083439|1578657332569175|153485736|1585584719|02380925
1585584602-0007-000|1578660877587893|1578661062196944|184609051|1585584722|02731909
1585584602-0007-000|1578664659762783|1578664825503923|165741140|1585584726|02758532
1585584602-0007-000|1578668007309492|1578668146758231|139448739|1585584729|02324027
1585584602-0007-000|1578671211805079|1578671358025318|146220239|1585584733|02211700
1585584602-0007-000|1578674485004239|1578674618704053|133699814|1585584736|02263841
1585584602-0007-000|1578677706036943|1578677843744535|137707592|1585584739|02224870
1585584602-0007-000|1578680922316470|1578681077861653|155545183|1585584742|02221721
1585584602-0007-000|1578684141115323|1578684281878408|140763085|1585584746|02208616
1585584602-0007-000|1578687359807534|1578687511405233|151597699|1585584749|02228684
1585584602-0007-000|1578690514517126|1578690647421687|132904561|1585584752|02147049
1585584602-0007-000|1578693700065814|1578693841764425|141698611|1585584755|02180975
1585584602-0007-000|1578696943517691|1578697083221470|139703779|1585584758|02250734
1585584602-0007-000|1578700183671134|1578700329078943|145407809|1585584762|02233056
1585584602-0007-000|1578703466542707|1578703605599236|139056529|1585584765|02282468
1585584602-0007-000|1578706754179563|1578706896580103|142400540|1585584768|02288007
1585584602-0007-000|1578709926096250|1578710063624727|137528477|1585584771|02173317
1585584602-0007-000|1578713161007411|1578713327200091|166192680|1585584775|02254120
1585584602-0007-000|1578716798233068|1578716943258746|145025678|1585584778|02628983
1585584602-0007-000|1578720109092209|1578720253621327|144529118|1585584781|02310965
1585584602-0007-000|1578723775229116|1578723927757760|152528644|1585584785|02671708
1585584602-0007-000|1578727224715403|1578727380438142|155722739|1585584789|02443663
1585584602-0007-000|1578730522123531|1578730662200613|140077082|1585584792|02283929
1585584602-0007-000|1578733738240106|1578733871262574|133022468|1585584795|02211871
1585584602-0007-000|1578736986199251|1578737136888329|150689078|1585584798|02256773
1585584602-0007-000|1578740251880434|1578740392912012|141031578|1585584802|02258763
1585584602-0007-000|1578743509577984|1578743644531895|134953911|1585584805|02259651
1585584602-0007-000|1578746707209275|1578746858124046|150914771|1585584808|02209535
1585584602-0007-000|1578750094115883|1578750263407681|169291798|1585584811|02407327
1585584602-0007-000|1578753376790821|1578753525260344|148469523|1585584815|02258706
1585584602-0007-000|1578756754356511|1578756897638269|143281758|1585584818|02375893
1585584602-0007-000|1578760034850247|1578760185513583|150663336|1585584821|02283678
1585584602-0007-000|1578763366457898|1578763507347723|140889825|1585584825|02331986
1585584602-0007-000|1578766630621863|1578766780105849|149483986|1585584828|02256287
1585584602-0007-000|1578769922470135|1578770072479540|150009405|1585584831|02295347
1585584602-0007-000|1578773222932699|1578773370353063|147420364|1585584835|02295618
1585584602-0007-000|1578776454184514|1578776594815032|140630518|1585584838|02234804
1585584602-0007-000|1578779750555005|1578779891122022|140567017|1585584841|02294419
1585584602-0007-000|1578783540542393|1578783675805603|135263210|1585584845|02790491
1585584602-0007-000|1578786907007464|1578787058316653|151309189|1585584848|02370867
1585584602-0007-000|1578790193644983|1578790315894012|122249029|1585584852|02267091
1585584602-0007-000|1578793390258241|1578793527172225|136913984|1585584855|02209264
1585584602-0007-000|1578796570790651|1578796707465799|136675148|1585584858|02183930
1585584602-0007-000|1578799870507407|1578800006581605|136074198|1585584861|02291901
1585584602-0007-000|1578803287663000|1578803431547284|143884284|1585584865|02431691
1585584602-0007-000|1578806629765777|1578806780113281|150347504|1585584868|02332051
1585584602-0007-000|1578809995099410|1578810146506877|151407467|1585584871|02367733
1585584602-0007-000|1578813406405213|1578813552581827|146176614|1585584875|02411618
1585584602-0007-000|1578816754724032|1578816906702972|151978940|1585584878|02347706
1585584602-0007-000|1578820067432587|1578820229452458|162019871|1585584881|02327369
1585584602-0007-000|1578823464606564|1578823597118043|132511479|1585584885|02369570
1585584602-0007-000|1578826763557355|1578826916781643|153224288|1585584888|02318684
1585584602-0007-000|1578830003338960|1578830169360466|166021506|1585584891|02255820
1585584602-0007-000|1578833375896639|1578833528562326|152665687|1585584895|02348590
1585584602-0007-000|1578836831957351|1578836995478453|163521102|1585584898|02483225
1585584602-0007-000|1578840593238933|1578840764976012|171737079|1585584902|02759796
1585584602-0007-000|1578844531533008|1578844693691462|162158454|1585584906|02925145
1585584602-0007-000|1578848039137900|1578848187179692|148041792|1585584909|02502443
1585584602-0007-000|1578851335755753|1578851480640378|144884625|1585584913|02285901
1585584602-0007-000|1578854576709090|1578854713458329|136749239|1585584916|02235574
1585584602-0007-000|1578857841668106|1578858017354133|175686027|1585584919|02301709
1585584602-0007-000|1578861174698209|1578861330183358|155485149|1585584923|02306296
1585584602-0007-000|1578864406998159|1578864555259651|148261492|1585584926|02239564
1585584602-0007-000|1578867670964447|1578867814563398|143598951|1585584929|02261762
1585584602-0007-000|1578870951766028|1578871086664013|134897985|1585584932|02262425
