1585584602-0061-000|1578543877479540|1578544027222010|149742470|1585584605|03313141
1585584602-0061-000|1578547351590137|1578547500811351|149221214|1585584609|02469162
1585584602-0061-000|1578550651182229|1578550790720722|139538493|1585584612|02292822
1585584602-0061-000|1578553960753707|1578554093931353|133177646|1585584615|02306834
1585584602-0061-000|1578557173617434|1578557312696814|139079380|1585584619|02205615
1585584602-0061-000|1578560390714867|1578560545383940|154669073|1585584622|02227664
1585584602-0061-000|1578563607277349|1578563742540948|135263599|1585584625|02206133
1585584602-0061-000|1578566680557493|1578566807494216|126936723|1585584628|02059479
1585584602-0061-000|1578569733884071|1578569886319568|152435497|1585584631|02084135
1585584602-0061-000|1578572883468550|1578573019925209|136456659|1585584634|02131947
1585584602-0061-000|1578576039538093|1578576180676810|141138717|1585584637|02155686
1585584602-0061-000|1578579228827853|1578579411036823|182208970|1585584641|02243933
1585584602-0061-000|1578582581432919|1578582707750325|126317406|1585584644|02295729
1585584602-0061-000|1578585835510142|1578585998511592|163001450|1585584647|02275860
1585584602-0061-000|1578589023726085|1578589170175194|146449109|1585584650|02185461
1585584602-0061-000|1578592241906883|1578592382568273|140661390|1585584654|02206102
1585584602-0061-000|1578595606797356|1578595746871991|140074635|1585584657|02371908
1585584602-0061-000|1578598897141079|1578599037421582|140280503|1585584660|02281426
1585584602-0061-000|1578602362974612|1578602511963727|148989115|1585584664|02484931
1585584602-0061-000|1578605915710606|1578606063262408|147551802|1585584667|02535022
1585584602-0061-000|1578609175695027|1578609331023154|155328127|1585584671|02281957
1585584602-0061-000|1578612398450890|1578612544492046|146041156|1585584674|02196502
1585584602-0061-000|1578615572884572|1578615712896934|140012362|1585584677|02175003
1585584602-0061-000|1578618749958511|1578618891135959|141177448|1585584680|02171928
1585584602-0061-000|1578622021387748|1578622156788573|135400825|1585584683|02271820
1585584602-0061-000|1578625246775783|1578625394412450|147636667|1585584687|02244031
1585584602-0061-000|1578628633773090|1578628767420375|133647285|1585584690|02367532
1585584602-0061-000|1578631952328580|1578632097376556|145047976|1585584693|02327983
1585584602-0061-000|1578635366798651|1578635507989408|141190757|1585584697|02420251
1585584602-0061-000|1578638743872245|1578638890350025|146477780|1585584700|02376446
1585584602-0061-000|1578642083384753|1578642227291628|143906875|1585584703|02331888
1585584602-0061-000|1578645336787722|1578645474866238|138078516|1585584707|02254813
1585584602-0061-000|1578648647990768|1578648785619744|137628976|1585584710|02311759
1585584602-0061-000|1578651883319402|1578652019375888|136056486|1585584713|02231797
1585584602-0061-000|1578655285564527|1578655426081894|140517367|1585584717|02401835
1585584602-0061-000|1578658797831534|1578658941982245|144150711|1585584720|02517783
1585584602-0061-000|1578662687052906|1578662852691796|165638890|1585584724|02906181
1585584602-0061-000|1578666037798917|1578666193722851|155923934|1585584727|02341340
1585584602-0061-000|1578669331123748|1578669459759064|128635316|1585584731|02272958
1585584602-0061-000|1578672565738584|1578672702747711|137009127|1585584734|02242798
1585584602-0061-000|1578675821643460|1578675960429338|138785878|1585584737|02247777
1585584602-0061-000|1578679049617000|1578679190700179|141083179|1585584740|02231777
1585584602-0061-000|1578682303404683|1578682446432716|143028033|1585584744|02259834
1585584602-0061-000|1578685510809508|1578685672353527|161544019|1585584747|02216383
1585584602-0061-000|1578688747123494|1578688894627573|147504079|1585584750|02227137
1585584602-0061-000|1578691907344430|1578692046619160|139274730|1585584753|02153448
1585584602-0061-000|1578695166177332|1578695317445163|151267831|1585584757|02266309
1585584602-0061-000|1578698354299901|1578698505109792|150809891|1585584760|02187763
1585584602-0061-000|1578701624593676|1578701768336870|143743194|1585584763|02260382
1585584602-0061-000|1578704928898383|1578705066833052|137934669|1585584766|02307221
1585584602-0061-000|1578708199047365|1578708341617999|142570634|1585584770|02275965
1585584602-0061-000|1578711370339788|1578711513970197|143630409|1585584773|02175747
1585584602-0061-000|1578714646554736|1578714844159933|197605197|1585584776|02334554
1585584602-0061-000|1578718231288448|1578718379904462|148616014|1585584780|02521078
1585584602-0061-000|1578721752294770|1578721906224248|153929478|1585584783|02527992
1585584602-0061-000|1578725318562794|1578725486090989|167528195|1585584787|02591834
1585584602-0061-000|1578728696399953|1578728826699235|130299282|1585584790|02331668
1585584602-0061-000|1578732014318779|1578732158410621|144091842|1585584793|02332954
1585584602-0061-000|1578735225817053|1578735365392539|139575486|1585584797|02199521
1585584602-0061-000|1578738497784605|1578738641983343|144198738|1585584800|02273207
1585584602-0061-000|1578741757827127|1578741902467702|144640575|1585584803|02260370
1585584602-0061-000|1578744978096279|1578745121192919|143096640|1585584806|02224748
1585584602-0061-000|1578748266642888|1578748437729299|171086411|1585584810|02314945
1585584602-0061-000|1578751670439405|1578751813623538|143184133|1585584813|02373084
1585584602-0061-000|1578754947049805|1578755104737652|157687847|1585584816|02294437
1585584602-0061-000|1578758338659517|1578758478679602|140020085|1585584820|02384805
1585584602-0061-000|1578761585201209|1578761726635445|141434236|1585584823|02235773
1585584602-0061-000|1578764914592308|1578765058616663|144024355|1585584826|02332039
1585584602-0061-000|1578768164055236|1578768305310912|141255676|1585584830|02253575
1585584602-0061-000|1578771480944898|1578771615701732|134756834|1585584833|02309714
1585584602-0061-000|1578774700870846|1578774831961107|131090261|1585584836|02223847
1585584602-0061-000|1578777910130745|1578778039277667|129146922|1585584839|02197674
1585584602-0061-000|1578781525208211|1578781685356077|160147866|1585584843|02641990
1585584602-0061-000|1578785063494319|1578785214028903|150534584|1585584846|02527771
1585584602-0061-000|1578788427840004|1578788584324033|156484029|1585584850|02364418
1585584602-0061-000|1578791651489129|1578791787494505|136005376|1585584853|02223365
1585584602-0061-000|1578794895029600|1578795025889047|130859447|1585584856|02235725
1585584602-0061-000|1578798136503998|1578798276615785|140111787|1585584859|02235847
1585584602-0061-000|1578801399202225|1578801535453992|136251767|1585584863|02275738
1585584602-0061-000|1578804853514863|1578804998534842|145019979|1585584866|02446636
1585584602-0061-000|1578808161886188|1578808312281149|150394961|1585584870|02313151
1585584602-0061-000|1578811523883341|1578811667636644|143753303|1585584873|02367895
1585584602-0061-000|1578815006841265|1578815174486028|167644763|1585584876|02503829
1585584602-0061-000|1578818372300651|1578818533249629|160948978|1585584880|02347709
1585584602-0061-000|1578821675688284|1578821851664687|175976403|1585584883|02326527
1585584602-0061-000|1578825066656804|1578825213379605|146722801|1585584886|02353107
1585584602-0061-000|1578828365074520|1578828491502237|126427717|1585584890|02285390
1585584602-0061-000|1578831638606472|1578831782762053|144155581|1585584893|02291245
1585584602-0061-000|1578835059894521|1578835227067969|167173448|1585584896|02445642
1585584602-0061-000|1578838632043349|1578838759912042|127868693|1585584900|02537194
1585584602-0061-000|1578842505142227|1578842675085530|169943303|1585584904|02898911
1585584602-0061-000|1578846263498098|1578846421191220|157693122|1585584908|02746062
1585584602-0061-000|1578849705221755|1578849860838257|155616502|1585584911|02446292
1585584602-0061-000|1578852961869989|1578853110621798|148751809|1585584914|02249637
1585584602-0061-000|1578856161822440|1578856311128922|149306482|1585584918|02193233
1585584602-0061-000|1578859468416533|1578859610298032|141881499|1585584921|02307019
1585584602-0061-000|1578862727614633|1578862875798722|148184089|1585584924|02265332
1585584602-0061-000|1578865931924247|1578866070070559|138146312|1585584927|02197699
1585584602-0061-000|1578869158548700|1578869307259083|148710383|1585584931|02232337
1585584602-0061-000|1578872438350913|1578872578548668|140197755|1585584934|02273327
