1585584602-0083-000|1578540789314144|1578540903404115|114089971|1585584602|00295138
1585584602-0083-000|1578544590736633|1578544764461260|173724627|1585584606|02858877
1585584602-0083-000|1578547991433220|1578548137354418|145921198|1585584609|02384239
1585584602-0083-000|1578551339514239|1578551493018446|153504207|1585584613|02346614
1585584602-0083-000|1578554574022929|1578554710340861|136317932|1585584616|02219868
1585584602-0083-000|1578557738201853|1578557873796980|135595127|1585584619|02163812
1585584602-0083-000|1578560926659582|1578561064997668|138338086|1585584622|02191908
1585584602-0083-000|1578564058376703|1578564191631017|133254314|1585584625|02129529
1585584602-0083-000|1578567118323514|1578567257893736|139570222|1585584628|02063418
1585584602-0083-000|1578570221461047|1578570352860403|131399356|1585584632|02093141
1585584602-0083-000|1578573351445010|1578573509461266|158016256|1585584635|02151125
1585584602-0083-000|1578576498164000|1578576631901377|133737377|1585584638|02137785
1585584602-0083-000|1578579800900163|1578579950780493|149880330|1585584641|02319751
1585584602-0083-000|1578582995459186|1578583149212378|153753192|1585584644|02193212
1585584602-0083-000|1578586306444220|1578586453862353|147418133|1585584648|02302432
1585584602-0083-000|1578589474967025|1578589614499140|139532115|1585584651|02163748
1585584602-0083-000|1578592679497125|1578592825243784|145746659|1585584654|02203811
1585584602-0083-000|1578596024498343|1578596168178498|143680155|1585584657|02336223
1585584602-0083-000|1578599295794034|1578599453199636|157405602|1585584661|02299461
1585584602-0083-000|1578602806774838|1578602956560627|149785789|1585584664|02492758
1585584602-0083-000|1578606303493861|1578606435777356|132283495|1585584668|02490810
1585584602-0083-000|1578609551245678|1578609700832656|149586978|1585584671|02251973
1585584602-0083-000|1578612798269390|1578612935541733|137272343|1585584674|02245524
1585584602-0083-000|1578616010691844|1578616154143246|143451402|1585584677|02213987
1585584602-0083-000|1578619218169455|1578619360907625|142738170|1585584681|02206763
1585584602-0083-000|1578622505442679|1578622660882565|155439886|1585584684|02291507
1585584602-0083-000|1578625755406927|1578625922686388|167279461|1585584687|02277269
1585584602-0083-000|1578629128538951|1578629270592105|142053154|1585584690|02339881
1585584602-0083-000|1578632435921999|1578632585265095|149343096|1585584694|02311836
1585584602-0083-000|1578635887232127|1578636031934703|144702576|1585584697|02456030
1585584602-0083-000|1578639230671042|1578639382073461|151402419|1585584701|02336330
1585584602-0083-000|1578642569556618|1578642713989090|144432472|1585584704|02329099
1585584602-0083-000|1578645822429030|1578645976232198|153803168|1585584707|02263539
1585584602-0083-000|1578649119652478|1578649262979264|143326786|1585584710|02293995
1585584602-0083-000|1578652363572663|1578652529125467|165552804|1585584714|02259773
1585584602-0083-000|1578655778459270|1578655927070784|148611514|1585584717|02406857
1585584602-0083-000|1578659290860950|1578659466298207|175437257|1585584721|02532882
1585584602-0083-000|1578663265103742|1578663419958525|154854783|1585584725|02956189
1585584602-0083-000|1578666527737969|1578666659886551|132148582|1585584728|02247369
1585584602-0083-000|1578669811105587|1578669961809501|150703914|1585584731|02289656
1585584602-0083-000|1578673060324646|1578673202670297|142345651|1585584734|02237449
1585584602-0083-000|1578676290734643|1578676442433993|151699350|1585584738|02248381
1585584602-0083-000|1578679545802748|1578679696440277|150637529|1585584741|02247777
1585584602-0083-000|1578682786977664|1578682932711902|145734238|1585584744|02239902
1585584602-0083-000|1578685999675910|1578686161918041|162242131|1585584747|02235659
1585584602-0083-000|1578689222385448|1578689365526527|143141079|1585584751|02189557
1585584602-0083-000|1578692371593654|1578692517345196|145751542|1585584754|02154177
1585584602-0083-000|1578695658087971|1578695793678036|135590065|1585584757|02279795
1585584602-0083-000|1578698839918079|1578698983383604|143465525|1585584760|02195937
1585584602-0083-000|1578702103099331|1578702250465345|147366014|1585584763|02267707
1585584602-0083-000|1578705383316859|1578705539293206|155976347|1585584767|02286058
1585584602-0083-000|1578708658133864|1578708797012549|138878685|1585584770|02250385
1585584602-0083-000|1578711857838195|1578712008270146|150431951|1585584773|02209587
1585584602-0083-000|1578715459499427|1578715675315471|215816044|1585584777|02667285
1585584602-0083-000|1578718714010407|1578718867162951|153152544|1585584780|02201679
1585584602-0083-000|1578722361111227|1578722509120044|148008817|1585584784|02631980
1585584602-0083-000|1578725890712370|1578726029168919|138456549|1585584787|02520688
1585584602-0083-000|1578729224103715|1578729349181438|125077723|1585584791|02322819
1585584602-0083-000|1578732486035936|1578732630775388|144739452|1585584794|02275758
1585584602-0083-000|1578735682850698|1578735828970487|146119789|1585584797|02203825
1585584602-0083-000|1578738956410982|1578739105211870|148800888|1585584800|02271892
1585584602-0083-000|1578742226123585|1578742370702759|144579174|1585584804|02279132
1585584602-0083-000|1578745489359998|1578745629616580|140256582|1585584807|02246764
1585584602-0083-000|1578748806522433|1578748961441772|154919339|1585584810|02327129
1585584602-0083-000|1578752168631743|1578752302397422|133765679|1585584814|02349751
1585584602-0083-000|1578755435280264|1578755579053648|143773384|1585584817|02277383
1585584602-0083-000|1578758831679510|1578758970904592|139225082|1585584820|02390627
1585584602-0083-000|1578762077467307|1578762228279239|150811932|1585584823|02248403
1585584602-0083-000|1578765395217509|1578765558328969|163111460|1585584827|02335077
1585584602-0083-000|1578768639014852|1578768785000871|145986019|1585584830|02225833
1585584602-0083-000|1578771950447007|1578772089229430|138782423|1585584833|02309957
1585584602-0083-000|1578775174278312|1578775311763536|137485224|1585584837|02223810
1585584602-0083-000|1578778382449975|1578778522153009|139703034|1585584840|02211772
1585584602-0083-000|1578782111067298|1578782280711990|169644692|1585584844|02744834
1585584602-0083-000|1578785595235539|1578785749486230|154250691|1585584847|02473854
1585584602-0083-000|1578788972799561|1578789113163502|140363941|1585584850|02368792
1585584602-0083-000|1578792186796088|1578792329753135|142957047|1585584854|02210247
1585584602-0083-000|1578795395369829|1578795535044892|139675063|1585584857|02213352
1585584602-0083-000|1578798631867296|1578798792112554|160245258|1585584860|02244198
1585584602-0083-000|1578801913590160|1578802097911213|184321053|1585584863|02319469
1585584602-0083-000|1578805400143793|1578805537128872|136985079|1585584867|02431829
1585584602-0083-000|1578808760944562|1578808901404109|140459547|1585584870|02367804
1585584602-0083-000|1578812156628084|1578812323041269|166413185|1585584874|02427710
1585584602-0083-000|1578815593460714|1578815740071623|146610909|1585584877|02403811
1585584602-0083-000|1578818895890881|1578819056263129|160372248|1585584880|02312545
1585584602-0083-000|1578822274407079|1578822428778853|154371774|1585584884|02372183
1585584602-0083-000|1578825573680004|1578825707790876|134110872|1585584887|02294906
1585584602-0083-000|1578828833557741|1578828968683967|135126226|1585584890|02251566
1585584602-0083-000|1578832127639494|1578832285006897|157367403|1585584894|02309985
1585584602-0083-000|1578835602805769|1578835754070704|151264935|1585584897|02477706
1585584602-0083-000|1578839116162581|1578839261524699|145362118|1585584900|02499796
1585584602-0083-000|1578843027101017|1578843216868274|189767257|1585584904|02953074
1585584602-0083-000|1578846793058088|1578846953859050|160800962|1585584908|02746636
1585584602-0083-000|1578850201181651|1578850348080411|146898760|1585584912|02384180
1585584602-0083-000|1578853443984437|1578853583969403|139984966|1585584915|02247582
1585584602-0083-000|1578856635786956|1578856792694312|156907356|1585584918|02196548
1585584602-0083-000|1578859947849292|1578860135797051|187947759|1585584921|02359272
1585584602-0083-000|1578863210613851|1578863355906502|145292651|1585584925|02219413
1585584602-0083-000|1578866416660390|1578866546343438|129683048|1585584928|02184519
1585584602-0083-000|1578869651474660|1578869807925888|156451228|1585584931|02262610
