1585593127-0081-000|8381684430243|8381798132732|113702489|1585593128|00596888
1585593127-0081-000|8381684430243|8381798132732|113702489|1585593128|03025158
1585593127-0081-000|8381684430243|8381798132732|113702489|1585593128|00004243
1585593127-0081-000|8381684430243|8381798132732|113702489|1585593128|00028260
1585593127-0081-000|8381684430243|8381798132732|113702489|1585593128|01022754
1585593127-0081-000|8381684430243|8381798132732|113702489|1585593128|01025910
1585593127-0081-000|8381684430243|8381798132732|113702489|1585593128|00001314
1585593127-0081-000|8381684430243|8381798132732|113702489|1585593128|00001622
1585593127-0081-000|8381684430243|8381798132732|113702489|1585593128|00000969
1585593127-0081-000|8381684430243|8381798132732|113702489|1585593128|01017794
1585593127-0081-000|8381684430243|8381798132732|113702489|1585593128|00001397
1585593127-0081-000|8381684430243|8381798132732|113702489|1585593128|00001316
1585593127-0081-000|8381684430243|8381798132732|113702489|1585593128|00001410
1585593127-0081-000|8381684430243|8381798132732|113702489|1585593128|00001104
1585593127-0081-000|8381684430243|8381798132732|113702489|1585593128|00001001
1585593127-0081-000|8381684430243|8381798132732|113702489|1585593128|00001139
1585593127-0081-000|8381684430243|8381798132732|113702489|1585593128|00001360
1585593127-0081-000|8381684430243|8381798132732|113702489|1585593128|00001193
1585593127-0081-000|8381684430243|8381798132732|113702489|1585593128|00001239
1585593127-0081-000|8381684430243|8381798132732|113702489|1585593128|00001330
1585593127-0081-000|8381684430243|8381798132732|113702489|1585593128|00001182
1585593127-0081-000|8381684430243|8381798132732|113702489|1585593128|00001264
1585593127-0081-000|8381684430243|8381798132732|113702489|1585593128|00001215
1585593127-0081-000|8381684430243|8381798132732|113702489|1585593128|00001105
1585593127-0081-000|8381684430243|8381798132732|113702489|1585593128|00001290
1585593127-0081-000|8381684430243|8381798132732|113702489|1585593128|00001556
1585593127-0081-000|8381684430243|8381798132732|113702489|1585593128|00001385
1585593127-0081-000|8381684430243|8381798132732|113702489|1585593128|00001103
1585593127-0081-000|8381684430243|8381798132732|113702489|1585593128|00001430
1585593127-0081-000|8381684430243|8381798132732|113702489|1585593128|00001069
1585593127-0081-000|8381684430243|8381798132732|113702489|1585593128|00001332
1585593127-0081-000|8381684430243|8381798132732|113702489|1585593128|00001110
1585593127-0081-000|8381684430243|8381798132732|113702489|1585593128|00001856
1585593127-0081-000|8381684430243|8381798132732|113702489|1585593128|00001607
1585593127-0081-000|8381684430243|8381798132732|113702489|1585593128|00002043
1585593127-0081-000|8381684430243|8381798132732|113702489|1585593128|00001503
1585593127-0081-000|8381684430243|8381798132732|113702489|1585593128|00001428
1585593127-0081-000|8381684430243|8381798132732|113702489|1585593128|00001134
1585593127-0081-000|8381684430243|8381798132732|113702489|1585593128|00000957
1585593127-0081-000|8381684430243|8381798132732|113702489|1585593128|00001235
1585593127-0081-000|8381684430243|8381798132732|113702489|1585593128|00001049
1585593127-0081-000|8381684430243|8381798132732|113702489|1585593128|01013175
1585593127-0081-000|8381684430243|8381798132732|113702489|1585593128|00001098
1585593127-0081-000|8381684430243|8381798132732|113702489|1585593128|00001181
1585593127-0081-000|8381684430243|8381798132732|113702489|1585593128|00001195
1585593127-0081-000|8381684430243|8381798132732|113702489|1585593128|00001073
1585593127-0081-000|8381684430243|8381798132732|113702489|1585593128|00001130
1585593127-0081-000|8381684430243|8381798132732|113702489|1585593128|00000960
1585593127-0081-000|8381684430243|8381798132732|113702489|1585593128|00001392
1585593127-0081-000|8381684430243|8381798132732|113702489|1585593128|00001144
1585593127-0081-000|8381684430243|8381798132732|113702489|1585593128|00001400
1585593127-0081-000|8381684430243|8381798132732|113702489|1585593128|00001374
1585593127-0081-000|8381684430243|8381798132732|113702489|1585593128|00001070
1585593127-0081-000|8381684430243|8381798132732|113702489|1585593128|00001124
1585593127-0081-000|8381684430243|8381798132732|113702489|1585593128|00001385
1585593127-0081-000|8381684430243|8381798132732|113702489|1585593128|00001141
1585593127-0081-000|8381684430243|8381798132732|113702489|1585593128|00001214
1585593127-0081-000|8381684430243|8381798132732|113702489|1585593128|00001328
1585593127-0081-000|8381684430243|8381798132732|113702489|1585593128|00001240
1585593127-0081-000|8381684430243|8381798132732|113702489|1585593128|00000963
1585593127-0081-000|8381684430243|8381798132732|113702489|1585593128|00000984
1585593127-0081-000|8381684430243|8381798132732|113702489|1585593128|00001240
1585593127-0081-000|8381684430243|8381798132732|113702489|1585593128|00000992
1585593127-0081-000|8381684430243|8381798132732|113702489|1585593128|00000998
1585593127-0081-000|8381684430243|8381798132732|113702489|1585593128|00001060
1585593127-0081-000|8381684430243|8381798132732|113702489|1585593128|00001267
1585593127-0081-000|8381684430243|8381798132732|113702489|1585593128|00001180
1585593127-0081-000|8381684430243|8381798132732|113702489|1585593128|00001090
1585593127-0081-000|8381684430243|8381798132732|113702489|1585593128|00001280
1585593127-0081-000|8381684430243|8381798132732|113702489|1585593128|00001266
1585593127-0081-000|8381684430243|8381798132732|113702489|1585593128|00001926
1585593127-0081-000|8381684430243|8381798132732|113702489|1585593128|00001189
1585593127-0081-000|8381684430243|8381798132732|113702489|1585593128|00001683
1585593127-0081-000|8381684430243|8381798132732|113702489|1585593128|00001668
1585593127-0081-000|8381684430243|8381798132732|113702489|1585593128|00001322
1585593127-0081-000|8381684430243|8381798132732|113702489|1585593128|00001039
1585593127-0081-000|8381684430243|8381798132732|113702489|1585593128|00001124
1585593127-0081-000|8381684430243|8381798132732|113702489|1585593128|00001150
1585593127-0081-000|8381684430243|8381798132732|113702489|1585593128|03025972
1585593127-0081-000|8381684430243|8381798132732|113702489|1585593128|00004224
1585593127-0081-000|8381684430243|8381798132732|113702489|1585593128|00001280
1585593127-0081-000|8381684430243|8381798132732|113702489|1585593128|00002905
1585593127-0081-000|8381684430243|8381798132732|113702489|1585593128|00003564
1585593127-0081-000|8381684430243|8381798132732|113702489|1585593128|00004427
1585593127-0081-000|8381684430243|8381798132732|113702489|1585593128|00003034
1585593127-0081-000|8392082678805|8392126583043|43904238|1585593139|01003533
1585593127-0081-000|8392082678805|8392126583043|43904238|1585593139|00004700
1585593127-0081-000|8392082678805|8392126583043|43904238|1585593139|00001211
1585593127-0081-000|8392082678805|8392126583043|43904238|1585593139|00001406
1585593127-0081-000|8392082678805|8392126583043|43904238|1585593139|00001360
1585593127-0081-000|8392082678805|8392126583043|43904238|1585593139|00003271
1585593127-0081-000|8392082678805|8392126583043|43904238|1585593139|00003037
1585593127-0081-000|8392082678805|8392126583043|43904238|1585593139|00001890
1585593127-0081-000|8392082678805|8392126583043|43904238|1585593139|00003032
1585593127-0081-000|8392082678805|8392126583043|43904238|1585593139|00004237
1585593127-0081-000|8392082678805|8392126583043|43904238|1585593139|00001289
1585593127-0081-000|8392082678805|8392126583043|43904238|1585593139|00001003
1585593127-0081-000|8392082678805|8392126583043|43904238|1585593139|00005501
1585593127-0081-000|8392082678805|8392126583043|43904238|1585593139|00001703
1585593127-0081-000|8392082678805|8392126583043|43904238|1585593139|00006801
