1585593127-0018-000|8382090830681|8382195001043|104170362|1585593129|00973086
1585593127-0018-000|8382090830681|8382195001043|104170362|1585593129|00001314
1585593127-0018-000|8382090830681|8382195001043|104170362|1585593129|00001069
1585593127-0018-000|8382090830681|8382195001043|104170362|1585593129|00001441
1585593127-0018-000|8382090830681|8382195001043|104170362|1585593129|00000980
1585593127-0018-000|8382090830681|8382195001043|104170362|1585593129|00001163
1585593127-0018-000|8382090830681|8382195001043|104170362|1585593129|00001014
1585593127-0018-000|8382090830681|8382195001043|104170362|1585593129|00000992
1585593127-0018-000|8382090830681|8382195001043|104170362|1585593129|00001004
1585593127-0018-000|8382090830681|8382195001043|104170362|1585593129|00001279
1585593127-0018-000|8382090830681|8382195001043|104170362|1585593129|00001153
1585593127-0018-000|8382090830681|8382195001043|104170362|1585593129|00001008
1585593127-0018-000|8382090830681|8382195001043|104170362|1585593129|00000983
1585593127-0018-000|8382090830681|8382195001043|104170362|1585593129|00000922
1585593127-0018-000|8382090830681|8382195001043|104170362|1585593129|00000979
1585593127-0018-000|8382090830681|8382195001043|104170362|1585593129|00000859
1585593127-0018-000|8382090830681|8382195001043|104170362|1585593129|00000900
1585593127-0018-000|8382090830681|8382195001043|104170362|1585593129|00001126
1585593127-0018-000|8382090830681|8382195001043|104170362|1585593129|00001223
1585593127-0018-000|8382090830681|8382195001043|104170362|1585593129|00000934
1585593127-0018-000|8382090830681|8382195001043|104170362|1585593129|00000981
1585593127-0018-000|8382090830681|8382195001043|104170362|1585593129|00001181
1585593127-0018-000|8382090830681|8382195001043|104170362|1585593129|00001087
1585593127-0018-000|8382090830681|8382195001043|104170362|1585593129|00001063
1585593127-0018-000|8382090830681|8382195001043|104170362|1585593129|00000980
1585593127-0018-000|8382090830681|8382195001043|104170362|1585593129|00000936
1585593127-0018-000|8382090830681|8382195001043|104170362|1585593129|00001023
1585593127-0018-000|8382090830681|8382195001043|104170362|1585593129|00001160
1585593127-0018-000|8382090830681|8382195001043|104170362|1585593129|00001192
1585593127-0018-000|8382090830681|8382195001043|104170362|1585593129|01026686
1585593127-0018-000|8382090830681|8382195001043|104170362|1585593129|00001346
1585593127-0018-000|8382090830681|8382195001043|104170362|1585593129|00009219
1585593127-0018-000|8382090830681|8382195001043|104170362|1585593129|00001004
1585593127-0018-000|8382090830681|8382195001043|104170362|1585593129|01011250
1585593127-0018-000|8382090830681|8382195001043|104170362|1585593129|00001373
1585593127-0018-000|8382090830681|8382195001043|104170362|1585593129|00001109
1585593127-0018-000|8382090830681|8382195001043|104170362|1585593129|00001365
1585593127-0018-000|8382090830681|8382195001043|104170362|1585593129|00001352
1585593127-0018-000|8382090830681|8382195001043|104170362|1585593129|00003991
1585593127-0018-000|8382090830681|8382195001043|104170362|1585593129|00001111
1585593127-0018-000|8382090830681|8382195001043|104170362|1585593129|00002322
1585593127-0018-000|8382090830681|8382195001043|104170362|1585593129|00004156
1585593127-0018-000|8382090830681|8382195001043|104170362|1585593129|00001271
1585593127-0018-000|8382090830681|8382195001043|104170362|1585593129|00002122
1585593127-0018-000|8382090830681|8382195001043|104170362|1585593129|00005330
1585593127-0018-000|8382090830681|8382195001043|104170362|1585593129|00007842
1585593127-0018-000|8382090830681|8382195001043|104170362|1585593129|00002653
1585593127-0018-000|8382090830681|8382195001043|104170362|1585593129|00004362
1585593127-0018-000|8382090830681|8382195001043|104170362|1585593129|00003470
1585593127-0018-000|8382090830681|8382195001043|104170362|1585593129|00001469
1585593127-0018-000|8382090830681|8382195001043|104170362|1585593129|01008856
1585593127-0018-000|8382090830681|8382195001043|104170362|1585593129|00001312
1585593127-0018-000|8382090830681|8382195001043|104170362|1585593129|00001111
1585593127-0018-000|8382090830681|8382195001043|104170362|1585593129|00001325
1585593127-0018-000|8382090830681|8382195001043|104170362|1585593129|00001459
1585593127-0018-000|8382090830681|8382195001043|104170362|1585593129|00004045
1585593127-0018-000|8382090830681|8382195001043|104170362|1585593129|00001359
1585593127-0018-000|8382090830681|8382195001043|104170362|1585593129|00002144
1585593127-0018-000|8382090830681|8382195001043|104170362|1585593129|00004652
1585593127-0018-000|8382090830681|8382195001043|104170362|1585593129|00001679
1585593127-0018-000|8382090830681|8382195001043|104170362|1585593129|00005806
1585593127-0018-000|8382090830681|8382195001043|104170362|1585593129|00001991
1585593127-0018-000|8382090830681|8382195001043|104170362|1585593129|00001595
1585593127-0018-000|8382090830681|8382195001043|104170362|1585593129|00003929
1585593127-0018-000|8382090830681|8382195001043|104170362|1585593129|00001272
1585593127-0018-000|8382090830681|8382195001043|104170362|1585593129|00001048
1585593127-0018-000|8382090830681|8382195001043|104170362|1585593129|00001319
1585593127-0018-000|8382090830681|8382195001043|104170362|1585593129|00003963
1585593127-0018-000|8382090830681|8382195001043|104170362|1585593129|00001515
1585593127-0018-000|8382090830681|8382195001043|104170362|1585593129|00009261
1585593127-0018-000|8382090830681|8382195001043|104170362|1585593129|01003081
1585593127-0018-000|8382090830681|8382195001043|104170362|1585593129|00001055
1585593127-0018-000|8382090830681|8382195001043|104170362|1585593129|00000920
1585593127-0018-000|8382090830681|8382195001043|104170362|1585593129|00001003
1585593127-0018-000|8382090830681|8382195001043|104170362|1585593129|00000977
1585593127-0018-000|8382090830681|8382195001043|104170362|1585593129|00000989
1585593127-0018-000|8382090830681|8382195001043|104170362|1585593129|00001448
1585593127-0018-000|8382090830681|8382195001043|104170362|1585593129|00001317
1585593127-0018-000|8382090830681|8382195001043|104170362|1585593129|00001077
1585593127-0018-000|8382090830681|8382195001043|104170362|1585593129|00003111
1585593127-0018-000|8382090830681|8382195001043|104170362|1585593129|00002134
1585593127-0018-000|8382090830681|8382195001043|104170362|1585593129|00002964
1585593127-0018-000|8382090830681|8382195001043|104170362|1585593129|00004122
1585593127-0018-000|8382090830681|8382195001043|104170362|1585593129|00001418
1585593127-0018-000|8382090830681|8382195001043|104170362|1585593129|00006703
1585593127-0018-000|8382090830681|8382195001043|104170362|1585593129|00005566
1585593127-0018-000|8382090830681|8382195001043|104170362|1585593129|01019893
1585593127-0018-000|8382090830681|8382195001043|104170362|1585593129|00001455
1585593127-0018-000|8382090830681|8382195001043|104170362|1585593129|00001377
1585593127-0018-000|8382090830681|8382195001043|104170362|1585593129|00001808
1585593127-0018-000|8382090830681|8382195001043|104170362|1585593129|00001199
1585593127-0018-000|8382090830681|8382195001043|104170362|1585593129|00001097
1585593127-0018-000|8382090830681|8382195001043|104170362|1585593129|00002703
1585593127-0018-000|8382090830681|8382195001043|104170362|1585593129|00004596
1585593127-0018-000|8382090830681|8382195001043|104170362|1585593129|00001300
1585593127-0018-000|8382090830681|8382195001043|104170362|1585593129|00002897
1585593127-0018-000|8382090830681|8382195001043|104170362|1585593129|00001676
1585593127-0018-000|8382090830681|8382195001043|104170362|1585593129|00000908
1585593127-0018-000|8382090830681|8382195001043|104170362|1585593129|00000998
1585593127-0018-000|8382090830681|8382195001043|104170362|1585593129|03049103
