1585593127-0030-000|8383294035159|8383432187240|138152081|1585593130|02211728
1585593127-0030-000|8383294035159|8383432187240|138152081|1585593130|00001148
1585593127-0030-000|8383294035159|8383432187240|138152081|1585593130|00001040
1585593127-0030-000|8383294035159|8383432187240|138152081|1585593130|00001059
1585593127-0030-000|8383294035159|8383432187240|138152081|1585593130|00001158
1585593127-0030-000|8383294035159|8383432187240|138152081|1585593130|00001058
1585593127-0030-000|8383294035159|8383432187240|138152081|1585593130|00001055
1585593127-0030-000|8383294035159|8383432187240|138152081|1585593130|00001044
1585593127-0030-000|8383294035159|8383432187240|138152081|1585593130|01029554
1585593127-0030-000|8383294035159|8383432187240|138152081|1585593130|00001130
1585593127-0030-000|8383294035159|8383432187240|138152081|1585593130|00001314
1585593127-0030-000|8383294035159|8383432187240|138152081|1585593130|00001136
1585593127-0030-000|8383294035159|8383432187240|138152081|1585593130|00001154
1585593127-0030-000|8383294035159|8383432187240|138152081|1585593130|00001189
1585593127-0030-000|8383294035159|8383432187240|138152081|1585593130|00001278
1585593127-0030-000|8383294035159|8383432187240|138152081|1585593130|00001053
1585593127-0030-000|8383294035159|8383432187240|138152081|1585593130|00003872
1585593127-0030-000|8383294035159|8383432187240|138152081|1585593130|00001694
1585593127-0030-000|8383294035159|8383432187240|138152081|1585593130|00001065
1585593127-0030-000|8383294035159|8383432187240|138152081|1585593130|00001123
1585593127-0030-000|8383294035159|8383432187240|138152081|1585593130|00004161
1585593127-0030-000|8383294035159|8383432187240|138152081|1585593130|00001437
1585593127-0030-000|8383294035159|8383432187240|138152081|1585593130|00001145
1585593127-0030-000|8383294035159|8383432187240|138152081|1585593130|00003840
1585593127-0030-000|8383294035159|8383432187240|138152081|1585593130|00001448
1585593127-0030-000|8383294035159|8383432187240|138152081|1585593130|00003833
1585593127-0030-000|8383294035159|8383432187240|138152081|1585593130|01022382
1585593127-0030-000|8383294035159|8383432187240|138152081|1585593130|07171751
1585593127-0030-000|8383294035159|8383432187240|138152081|1585593130|00001365
1585593127-0030-000|8383294035159|8383432187240|138152081|1585593130|00001087
1585593127-0030-000|8383294035159|8383432187240|138152081|1585593130|00001299
1585593127-0030-000|8383294035159|8383432187240|138152081|1585593130|00001126
1585593127-0030-000|8383294035159|8383432187240|138152081|1585593130|00001175
1585593127-0030-000|8383294035159|8383432187240|138152081|1585593130|00001087
1585593127-0030-000|8383294035159|8383432187240|138152081|1585593130|00001017
1585593127-0030-000|8383294035159|8383432187240|138152081|1585593130|00001176
1585593127-0030-000|8383294035159|8383432187240|138152081|1585593130|00001346
1585593127-0030-000|8383294035159|8383432187240|138152081|1585593130|00000991
1585593127-0030-000|8383294035159|8383432187240|138152081|1585593130|00001192
1585593127-0030-000|8383294035159|8383432187240|138152081|1585593130|00001032
1585593127-0030-000|8383294035159|8383432187240|138152081|1585593130|00001118
1585593127-0030-000|8383294035159|8383432187240|138152081|1585593130|00001050
1585593127-0030-000|8383294035159|8383432187240|138152081|1585593130|00001227
1585593127-0030-000|8383294035159|8383432187240|138152081|1585593130|00000967
1585593127-0030-000|8383294035159|8383432187240|138152081|1585593130|00000907
1585593127-0030-000|8383294035159|8383432187240|138152081|1585593130|00000900
1585593127-0030-000|8383294035159|8383432187240|138152081|1585593130|00000921
1585593127-0030-000|8383294035159|8383432187240|138152081|1585593130|00000993
1585593127-0030-000|8383294035159|8383432187240|138152081|1585593130|00000994
1585593127-0030-000|8383294035159|8383432187240|138152081|1585593130|00001147
1585593127-0030-000|8383294035159|8383432187240|138152081|1585593130|00000975
1585593127-0030-000|8383294035159|8383432187240|138152081|1585593130|00001060
1585593127-0030-000|8383294035159|8383432187240|138152081|1585593130|00001050
1585593127-0030-000|8383294035159|8383432187240|138152081|1585593130|00000963
1585593127-0030-000|8383294035159|8383432187240|138152081|1585593130|00000944
1585593127-0030-000|8383294035159|8383432187240|138152081|1585593130|00001354
1585593127-0030-000|8383294035159|8383432187240|138152081|1585593130|00000962
1585593127-0030-000|8383294035159|8383432187240|138152081|1585593130|00001134
1585593127-0030-000|8383294035159|8383432187240|138152081|1585593130|00001056
1585593127-0030-000|8383294035159|8383432187240|138152081|1585593130|00001003
1585593127-0030-000|8383294035159|8383432187240|138152081|1585593130|00001009
1585593127-0030-000|8383294035159|8383432187240|138152081|1585593130|00001137
1585593127-0030-000|8383294035159|8383432187240|138152081|1585593130|00001112
1585593127-0030-000|8383294035159|8383432187240|138152081|1585593130|00001077
1585593127-0030-000|8383294035159|8383432187240|138152081|1585593130|00001142
1585593127-0030-000|8383294035159|8383432187240|138152081|1585593130|00001175
1585593127-0030-000|8383294035159|8383432187240|138152081|1585593130|00001006
1585593127-0030-000|8383294035159|8383432187240|138152081|1585593130|00001100
1585593127-0030-000|8383294035159|8383432187240|138152081|1585593130|00000985
1585593127-0030-000|8383294035159|8383432187240|138152081|1585593130|00001192
1585593127-0030-000|8383294035159|8383432187240|138152081|1585593130|00001022
1585593127-0030-000|8383294035159|8383432187240|138152081|1585593130|00001127
1585593127-0030-000|8383294035159|8383432187240|138152081|1585593130|00000974
1585593127-0030-000|8383294035159|8383432187240|138152081|1585593130|00001005
1585593127-0030-000|8383294035159|8383432187240|138152081|1585593130|00001082
1585593127-0030-000|8383294035159|8383432187240|138152081|1585593130|00001063
1585593127-0030-000|8383294035159|8383432187240|138152081|1585593130|00001172
1585593127-0030-000|8383294035159|8383432187240|138152081|1585593130|00000901
1585593127-0030-000|8383294035159|8383432187240|138152081|1585593130|00000896
1585593127-0030-000|8383294035159|8383432187240|138152081|1585593130|00000913
1585593127-0030-000|8383294035159|8383432187240|138152081|1585593130|00001151
1585593127-0030-000|8383294035159|8383432187240|138152081|1585593130|00001228
1585593127-0030-000|8383294035159|8383432187240|138152081|1585593130|00000857
1585593127-0030-000|8383294035159|8383432187240|138152081|1585593130|00000868
1585593127-0030-000|8383294035159|8383432187240|138152081|1585593130|00000962
1585593127-0030-000|8383294035159|8383432187240|138152081|1585593130|00001001
1585593127-0030-000|8383294035159|8383432187240|138152081|1585593130|00001071
1585593127-0030-000|8383294035159|8383432187240|138152081|1585593130|00001012
1585593127-0030-000|8383294035159|8383432187240|138152081|1585593130|00001109
1585593127-0030-000|8383294035159|8383432187240|138152081|1585593130|00001107
1585593127-0030-000|8383294035159|8383432187240|138152081|1585593130|00001162
1585593127-0030-000|8383294035159|8383432187240|138152081|1585593130|00000974
1585593127-0030-000|8383294035159|8383432187240|138152081|1585593130|00001189
1585593127-0030-000|8383294035159|8383432187240|138152081|1585593130|00000947
1585593127-0030-000|8383294035159|8383432187240|138152081|1585593130|00001006
1585593127-0030-000|8383294035159|8383432187240|138152081|1585593130|00001116
1585593127-0030-000|8383294035159|8383432187240|138152081|1585593130|00001036
1585593127-0030-000|8383294035159|8383432187240|138152081|1585593130|00001060
1585593127-0030-000|8383294035159|8383432187240|138152081|1585593130|00001172
1585593127-0030-000|8383294035159|8383432187240|138152081|1585593130|00000962
