1585593127-0098-000|8385054932230|8385207798845|152866615|1585593132|03944966
1585593127-0098-000|8385054932230|8385207798845|152866615|1585593132|00004372
1585593127-0098-000|8385054932230|8385207798845|152866615|1585593132|00002852
1585593127-0098-000|8385054932230|8385207798845|152866615|1585593132|00001405
1585593127-0098-000|8385054932230|8385207798845|152866615|1585593132|00002228
1585593127-0098-000|8385054932230|8385207798845|152866615|1585593132|00001202
1585593127-0098-000|8385054932230|8385207798845|152866615|1585593132|00002769
1585593127-0098-000|8385054932230|8385207798845|152866615|1585593132|00004312
1585593127-0098-000|8385054932230|8385207798845|152866615|1585593132|01023630
1585593127-0098-000|8385054932230|8385207798845|152866615|1585593132|00001649
1585593127-0098-000|8385054932230|8385207798845|152866615|1585593132|01018075
1585593127-0098-000|8385054932230|8385207798845|152866615|1585593132|00002343
1585593127-0098-000|8385054932230|8385207798845|152866615|1585593132|00001470
1585593127-0098-000|8385054932230|8385207798845|152866615|1585593132|00004596
1585593127-0098-000|8385054932230|8385207798845|152866615|1585593132|00001523
1585593127-0098-000|8385054932230|8385207798845|152866615|1585593132|00002080
1585593127-0098-000|8385054932230|8385207798845|152866615|1585593132|00001552
1585593127-0098-000|8385054932230|8385207798845|152866615|1585593132|00001082
1585593127-0098-000|8385054932230|8385207798845|152866615|1585593132|00002188
1585593127-0098-000|8385054932230|8385207798845|152866615|1585593132|00001430
1585593127-0098-000|8385054932230|8385207798845|152866615|1585593132|01002987
1585593127-0098-000|8385054932230|8385207798845|152866615|1585593132|00001083
1585593127-0098-000|8385054932230|8385207798845|152866615|1585593132|00000991
1585593127-0098-000|8385054932230|8385207798845|152866615|1585593132|00001145
1585593127-0098-000|8385054932230|8385207798845|152866615|1585593132|00001567
1585593127-0098-000|8385054932230|8385207798845|152866615|1585593132|00001490
1585593127-0098-000|8385054932230|8385207798845|152866615|1585593132|00001054
1585593127-0098-000|8385054932230|8385207798845|152866615|1585593132|00000909
1585593127-0098-000|8385054932230|8385207798845|152866615|1585593132|00001327
1585593127-0098-000|8385054932230|8385207798845|152866615|1585593132|00001563
1585593127-0098-000|8385054932230|8385207798845|152866615|1585593132|00001653
1585593127-0098-000|8385054932230|8385207798845|152866615|1585593132|00001176
1585593127-0098-000|8385054932230|8385207798845|152866615|1585593132|00001427
1585593127-0098-000|8385054932230|8385207798845|152866615|1585593132|00001266
1585593127-0098-000|8385054932230|8385207798845|152866615|1585593132|00001075
1585593127-0098-000|8385054932230|8385207798845|152866615|1585593132|01005033
1585593127-0098-000|8385054932230|8385207798845|152866615|1585593132|07200334
1585593127-0098-000|8385054932230|8385207798845|152866615|1585593132|00001074
1585593127-0098-000|8385054932230|8385207798845|152866615|1585593132|00001233
1585593127-0098-000|8385054932230|8385207798845|152866615|1585593132|00001131
1585593127-0098-000|8385054932230|8385207798845|152866615|1585593132|00000884
1585593127-0098-000|8385054932230|8385207798845|152866615|1585593132|00000989
1585593127-0098-000|8385054932230|8385207798845|152866615|1585593132|00000961
1585593127-0098-000|8385054932230|8385207798845|152866615|1585593132|00000887
1585593127-0098-000|8385054932230|8385207798845|152866615|1585593132|00001111
1585593127-0098-000|8385054932230|8385207798845|152866615|1585593132|00000955
1585593127-0098-000|8385054932230|8385207798845|152866615|1585593132|00001143
1585593127-0098-000|8385054932230|8385207798845|152866615|1585593132|00001018
1585593127-0098-000|8385054932230|8385207798845|152866615|1585593132|00000979
1585593127-0098-000|8385054932230|8385207798845|152866615|1585593132|00000933
1585593127-0098-000|8385054932230|8385207798845|152866615|1585593132|00000898
1585593127-0098-000|8385054932230|8385207798845|152866615|1585593132|00000859
1585593127-0098-000|8385054932230|8385207798845|152866615|1585593132|00001074
1585593127-0098-000|8385054932230|8385207798845|152866615|1585593132|00001011
1585593127-0098-000|8385054932230|8385207798845|152866615|1585593132|00000952
1585593127-0098-000|8385054932230|8385207798845|152866615|1585593132|00000947
1585593127-0098-000|8385054932230|8385207798845|152866615|1585593132|00000922
1585593127-0098-000|8385054932230|8385207798845|152866615|1585593132|00001123
1585593127-0098-000|8385054932230|8385207798845|152866615|1585593132|00000845
1585593127-0098-000|8385054932230|8385207798845|152866615|1585593132|00000943
1585593127-0098-000|8385054932230|8385207798845|152866615|1585593132|00001026
1585593127-0098-000|8385054932230|8385207798845|152866615|1585593132|00000913
1585593127-0098-000|8385054932230|8385207798845|152866615|1585593132|00001016
1585593127-0098-000|8385054932230|8385207798845|152866615|1585593132|00000895
1585593127-0098-000|8385054932230|8385207798845|152866615|1585593132|00000895
1585593127-0098-000|8385054932230|8385207798845|152866615|1585593132|00000947
1585593127-0098-000|8385054932230|8385207798845|152866615|1585593132|00001052
1585593127-0098-000|8385054932230|8385207798845|152866615|1585593132|00000924
1585593127-0098-000|8385054932230|8385207798845|152866615|1585593132|00000959
1585593127-0098-000|8385054932230|8385207798845|152866615|1585593132|00001076
1585593127-0098-000|8385054932230|8385207798845|152866615|1585593132|00001030
1585593127-0098-000|8385054932230|8385207798845|152866615|1585593132|00000900
1585593127-0098-000|8385054932230|8385207798845|152866615|1585593132|00000996
1585593127-0098-000|8385054932230|8385207798845|152866615|1585593132|00000978
1585593127-0098-000|8385054932230|8385207798845|152866615|1585593132|00000993
1585593127-0098-000|8385054932230|8385207798845|152866615|1585593132|00001054
1585593127-0098-000|8385054932230|8385207798845|152866615|1585593132|00001088
1585593127-0098-000|8385054932230|8385207798845|152866615|1585593132|00000925
1585593127-0098-000|8385054932230|8385207798845|152866615|1585593132|00000996
1585593127-0098-000|8385054932230|8385207798845|152866615|1585593132|00001105
1585593127-0098-000|8385054932230|8385207798845|152866615|1585593132|00002416
1585593127-0098-000|8385054932230|8385207798845|152866615|1585593132|00001100
1585593127-0098-000|8385054932230|8385207798845|152866615|1585593132|00001263
1585593127-0098-000|8385054932230|8385207798845|152866615|1585593132|00001203
1585593127-0098-000|8385054932230|8385207798845|152866615|1585593132|00001054
1585593127-0098-000|8385054932230|8385207798845|152866615|1585593132|00001033
1585593127-0098-000|8385054932230|8385207798845|152866615|1585593132|00000994
1585593127-0098-000|8385054932230|8385207798845|152866615|1585593132|00001064
1585593127-0098-000|8385054932230|8385207798845|152866615|1585593132|00001030
1585593127-0098-000|8385054932230|8385207798845|152866615|1585593132|00001142
1585593127-0098-000|8396548494946|8396599214529|50719583|1585593143|00001115
1585593127-0098-000|8396548494946|8396599214529|50719583|1585593143|00001041
1585593127-0098-000|8396548494946|8396599214529|50719583|1585593143|00001036
1585593127-0098-000|8396548494946|8396599214529|50719583|1585593143|00001149
1585593127-0098-000|8396548494946|8396599214529|50719583|1585593143|00001185
1585593127-0098-000|8396548494946|8396599214529|50719583|1585593143|00001076
1585593127-0098-000|8396548494946|8396599214529|50719583|1585593143|00001193
1585593127-0098-000|8396548494946|8396599214529|50719583|1585593143|00001128
1585593127-0098-000|8396548494946|8396599214529|50719583|1585593143|00001006
1585593127-0098-000|8396548494946|8396599214529|50719583|1585593143|00000954
