1585593127-0108-000|8385847503500|8386014765569|167262069|1585593132|04706723
1585593127-0108-000|8385847503500|8386014765569|167262069|1585593132|00001194
1585593127-0108-000|8385847503500|8386014765569|167262069|1585593132|00000952
1585593127-0108-000|8385847503500|8386014765569|167262069|1585593132|00001045
1585593127-0108-000|8385847503500|8386014765569|167262069|1585593132|00001022
1585593127-0108-000|8385847503500|8386014765569|167262069|1585593132|00001076
1585593127-0108-000|8385847503500|8386014765569|167262069|1585593132|00001110
1585593127-0108-000|8385847503500|8386014765569|167262069|1585593132|00001048
1585593127-0108-000|8385847503500|8386014765569|167262069|1585593132|00001260
1585593127-0108-000|8385847503500|8386014765569|167262069|1585593132|00001520
1585593127-0108-000|8385847503500|8386014765569|167262069|1585593132|00001425
1585593127-0108-000|8385847503500|8386014765569|167262069|1585593132|00003568
1585593127-0108-000|8385847503500|8386014765569|167262069|1585593132|00001965
1585593127-0108-000|8385847503500|8386014765569|167262069|1585593132|00001177
1585593127-0108-000|8385847503500|8386014765569|167262069|1585593132|00003007
1585593127-0108-000|8385847503500|8386014765569|167262069|1585593132|00001978
1585593127-0108-000|8385847503500|8386014765569|167262069|1585593132|00003459
1585593127-0108-000|8385847503500|8386014765569|167262069|1585593132|00001036
1585593127-0108-000|8385847503500|8386014765569|167262069|1585593132|00001632
1585593127-0108-000|8385847503500|8386014765569|167262069|1585593132|00005448
1585593127-0108-000|8385847503500|8386014765569|167262069|1585593132|00001321
1585593127-0108-000|8385847503500|8386014765569|167262069|1585593132|00001090
1585593127-0108-000|8385847503500|8386014765569|167262069|1585593132|00005252
1585593127-0108-000|8385847503500|8386014765569|167262069|1585593132|01025835
1585593127-0108-000|8385847503500|8386014765569|167262069|1585593132|00001686
1585593127-0108-000|8385847503500|8386014765569|167262069|1585593132|00001226
1585593127-0108-000|8385847503500|8386014765569|167262069|1585593132|00001288
1585593127-0108-000|8385847503500|8386014765569|167262069|1585593132|00000931
1585593127-0108-000|8385847503500|8386014765569|167262069|1585593132|00001077
1585593127-0108-000|8385847503500|8386014765569|167262069|1585593132|00001101
1585593127-0108-000|8385847503500|8386014765569|167262069|1585593132|00000958
1585593127-0108-000|8385847503500|8386014765569|167262069|1585593132|00001064
1585593127-0108-000|8385847503500|8386014765569|167262069|1585593132|00001307
1585593127-0108-000|8385847503500|8386014765569|167262069|1585593132|00001831
1585593127-0108-000|8385847503500|8386014765569|167262069|1585593132|00001529
1585593127-0108-000|8385847503500|8386014765569|167262069|1585593132|00001120
1585593127-0108-000|8385847503500|8386014765569|167262069|1585593132|01008723
1585593127-0108-000|8385847503500|8386014765569|167262069|1585593132|00001027
1585593127-0108-000|8385847503500|8386014765569|167262069|1585593132|00001255
1585593127-0108-000|8385847503500|8386014765569|167262069|1585593132|00001433
1585593127-0108-000|8385847503500|8386014765569|167262069|1585593132|00001000
1585593127-0108-000|8385847503500|8386014765569|167262069|1585593132|00001154
1585593127-0108-000|8385847503500|8386014765569|167262069|1585593132|00000959
1585593127-0108-000|8385847503500|8386014765569|167262069|1585593132|00000996
1585593127-0108-000|8385847503500|8386014765569|167262069|1585593132|00001164
1585593127-0108-000|8385847503500|8386014765569|167262069|1585593132|00001016
1585593127-0108-000|8385847503500|8386014765569|167262069|1585593132|00002325
1585593127-0108-000|8385847503500|8386014765569|167262069|1585593132|00002260
1585593127-0108-000|8385847503500|8386014765569|167262069|1585593132|00001715
1585593127-0108-000|8385847503500|8386014765569|167262069|1585593132|00001942
1585593127-0108-000|8385847503500|8386014765569|167262069|1585593132|00001367
1585593127-0108-000|8385847503500|8386014765569|167262069|1585593132|00001783
1585593127-0108-000|8385847503500|8386014765569|167262069|1585593132|00001127
1585593127-0108-000|8385847503500|8386014765569|167262069|1585593132|00001292
1585593127-0108-000|8385847503500|8386014765569|167262069|1585593132|00001418
1585593127-0108-000|8385847503500|8386014765569|167262069|1585593132|01028197
1585593127-0108-000|8385847503500|8386014765569|167262069|1585593132|00001524
1585593127-0108-000|8385847503500|8386014765569|167262069|1585593132|00001442
1585593127-0108-000|8385847503500|8386014765569|167262069|1585593132|00003595
1585593127-0108-000|8385847503500|8386014765569|167262069|1585593132|00001685
1585593127-0108-000|8385847503500|8386014765569|167262069|1585593132|00001324
1585593127-0108-000|8385847503500|8386014765569|167262069|1585593132|00001539
1585593127-0108-000|8385847503500|8386014765569|167262069|1585593132|00001965
1585593127-0108-000|8385847503500|8386014765569|167262069|1585593132|01013974
1585593127-0108-000|8385847503500|8386014765569|167262069|1585593132|00000928
1585593127-0108-000|8385847503500|8386014765569|167262069|1585593132|00001371
1585593127-0108-000|8385847503500|8386014765569|167262069|1585593132|00001476
1585593127-0108-000|8385847503500|8386014765569|167262069|1585593132|00001128
1585593127-0108-000|8385847503500|8386014765569|167262069|1585593132|00001773
1585593127-0108-000|8385847503500|8386014765569|167262069|1585593132|00005378
1585593127-0108-000|8385847503500|8386014765569|167262069|1585593132|00001209
1585593127-0108-000|8385847503500|8386014765569|167262069|1585593132|00001254
1585593127-0108-000|8385847503500|8386014765569|167262069|1585593132|00000968
1585593127-0108-000|8385847503500|8386014765569|167262069|1585593132|00007109
1585593127-0108-000|8385847503500|8386014765569|167262069|1585593132|03046041
1585593127-0108-000|8385847503500|8386014765569|167262069|1585593132|00010718
1585593127-0108-000|8385847503500|8386014765569|167262069|1585593132|00004057
1585593127-0108-000|8385847503500|8386014765569|167262069|1585593132|01007563
1585593127-0108-000|8385847503500|8386014765569|167262069|1585593132|00001156
1585593127-0108-000|8385847503500|8386014765569|167262069|1585593132|00006308
1585593127-0108-000|8385847503500|8386014765569|167262069|1585593132|00006645
1585593127-0108-000|8385847503500|8386014765569|167262069|1585593132|00001319
1585593127-0108-000|8385847503500|8386014765569|167262069|1585593132|00014815
1585593127-0108-000|8385847503500|8386014765569|167262069|1585593132|00002517
1585593127-0108-000|8385847503500|8386014765569|167262069|1585593132|00002492
1585593127-0108-000|8385847503500|8386014765569|167262069|1585593132|01019444
1585593127-0108-000|8385847503500|8386014765569|167262069|1585593132|00001929
1585593127-0108-000|8385847503500|8386014765569|167262069|1585593132|00000960
1585593127-0108-000|8385847503500|8386014765569|167262069|1585593132|00003179
1585593127-0108-000|8385847503500|8386014765569|167262069|1585593132|00003428
1585593127-0108-000|8385847503500|8386014765569|167262069|1585593132|00001387
1585593127-0108-000|8385847503500|8386014765569|167262069|1585593132|00003147
1585593127-0108-000|8385847503500|8386014765569|167262069|1585593132|00003204
1585593127-0108-000|8385847503500|8386014765569|167262069|1585593132|00002020
1585593127-0108-000|8385847503500|8386014765569|167262069|1585593132|00001864
1585593127-0108-000|8385847503500|8386014765569|167262069|1585593132|00003851
1585593127-0108-000|8385847503500|8386014765569|167262069|1585593132|00002311
1585593127-0108-000|8385847503500|8386014765569|167262069|1585593132|00003186
1585593127-0108-000|8385847503500|8386014765569|167262069|1585593132|01024683
1585593127-0108-000|8396492880247|8396564715347|71835100|1585593143|01024534
