1585593127-0049-000|8386092887348|8386205985352|113098004|1585593133|04884465
1585593127-0049-000|8386092887348|8386205985352|113098004|1585593133|00001025
1585593127-0049-000|8386092887348|8386205985352|113098004|1585593133|00001334
1585593127-0049-000|8386092887348|8386205985352|113098004|1585593133|00001236
1585593127-0049-000|8386092887348|8386205985352|113098004|1585593133|00001334
1585593127-0049-000|8386092887348|8386205985352|113098004|1585593133|00001093
1585593127-0049-000|8386092887348|8386205985352|113098004|1585593133|00001263
1585593127-0049-000|8386092887348|8386205985352|113098004|1585593133|00001450
1585593127-0049-000|8386092887348|8386205985352|113098004|1585593133|00001572
1585593127-0049-000|8386092887348|8386205985352|113098004|1585593133|00001092
1585593127-0049-000|8386092887348|8386205985352|113098004|1585593133|00001080
1585593127-0049-000|8386092887348|8386205985352|113098004|1585593133|00001186
1585593127-0049-000|8386092887348|8386205985352|113098004|1585593133|00001078
1585593127-0049-000|8386092887348|8386205985352|113098004|1585593133|00001090
1585593127-0049-000|8386092887348|8386205985352|113098004|1585593133|00001772
1585593127-0049-000|8386092887348|8386205985352|113098004|1585593133|00001854
1585593127-0049-000|8386092887348|8386205985352|113098004|1585593133|00001638
1585593127-0049-000|8386092887348|8386205985352|113098004|1585593133|00002343
1585593127-0049-000|8386092887348|8386205985352|113098004|1585593133|00001202
1585593127-0049-000|8386092887348|8386205985352|113098004|1585593133|00001515
1585593127-0049-000|8386092887348|8386205985352|113098004|1585593133|00004627
1585593127-0049-000|8386092887348|8386205985352|113098004|1585593133|00000929
1585593127-0049-000|8386092887348|8386205985352|113098004|1585593133|00001051
1585593127-0049-000|8386092887348|8386205985352|113098004|1585593133|00001760
1585593127-0049-000|8386092887348|8386205985352|113098004|1585593133|00001515
1585593127-0049-000|8386092887348|8386205985352|113098004|1585593133|00002456
1585593127-0049-000|8386092887348|8386205985352|113098004|1585593133|00001750
1585593127-0049-000|8386092887348|8386205985352|113098004|1585593133|00001571
1585593127-0049-000|8386092887348|8386205985352|113098004|1585593133|00001482
1585593127-0049-000|8386092887348|8386205985352|113098004|1585593133|00002909
1585593127-0049-000|8386092887348|8386205985352|113098004|1585593133|00008757
1585593127-0049-000|8386092887348|8386205985352|113098004|1585593133|01007105
1585593127-0049-000|8386092887348|8386205985352|113098004|1585593133|00001274
1585593127-0049-000|8386092887348|8386205985352|113098004|1585593133|00001369
1585593127-0049-000|8386092887348|8386205985352|113098004|1585593133|00001349
1585593127-0049-000|8386092887348|8386205985352|113098004|1585593133|00007964
1585593127-0049-000|8386092887348|8386205985352|113098004|1585593133|00002139
1585593127-0049-000|8386092887348|8386205985352|113098004|1585593133|00001776
1585593127-0049-000|8386092887348|8386205985352|113098004|1585593133|00003702
1585593127-0049-000|8386092887348|8386205985352|113098004|1585593133|00001692
1585593127-0049-000|8386092887348|8386205985352|113098004|1585593133|00002473
1585593127-0049-000|8386092887348|8386205985352|113098004|1585593133|00001448
1585593127-0049-000|8386092887348|8386205985352|113098004|1585593133|00001265
1585593127-0049-000|8386092887348|8386205985352|113098004|1585593133|00001787
1585593127-0049-000|8386092887348|8386205985352|113098004|1585593133|01025763
1585593127-0049-000|8386092887348|8386205985352|113098004|1585593133|01026703
1585593127-0049-000|8386092887348|8386205985352|113098004|1585593133|00001580
1585593127-0049-000|8386092887348|8386205985352|113098004|1585593133|00001290
1585593127-0049-000|8386092887348|8386205985352|113098004|1585593133|00001734
1585593127-0049-000|8386092887348|8386205985352|113098004|1585593133|00001311
1585593127-0049-000|8386092887348|8386205985352|113098004|1585593133|00002011
1585593127-0049-000|8386092887348|8386205985352|113098004|1585593133|00001564
1585593127-0049-000|8386092887348|8386205985352|113098004|1585593133|00007086
1585593127-0049-000|8386092887348|8386205985352|113098004|1585593133|01004422
1585593127-0049-000|8386092887348|8386205985352|113098004|1585593133|00001080
1585593127-0049-000|8386092887348|8386205985352|113098004|1585593133|00000952
1585593127-0049-000|8386092887348|8386205985352|113098004|1585593133|00001160
1585593127-0049-000|8386092887348|8386205985352|113098004|1585593133|00001074
1585593127-0049-000|8386092887348|8386205985352|113098004|1585593133|00000969
1585593127-0049-000|8386092887348|8386205985352|113098004|1585593133|00001066
1585593127-0049-000|8386092887348|8386205985352|113098004|1585593133|00000951
1585593127-0049-000|8386092887348|8386205985352|113098004|1585593133|00001243
1585593127-0049-000|8386092887348|8386205985352|113098004|1585593133|00000994
1585593127-0049-000|8386092887348|8386205985352|113098004|1585593133|00001009
1585593127-0049-000|8386092887348|8386205985352|113098004|1585593133|00000916
1585593127-0049-000|8386092887348|8386205985352|113098004|1585593133|00001303
1585593127-0049-000|8386092887348|8386205985352|113098004|1585593133|00001055
1585593127-0049-000|8386092887348|8386205985352|113098004|1585593133|00002317
1585593127-0049-000|8386092887348|8386205985352|113098004|1585593133|00000847
1585593127-0049-000|8386092887348|8386205985352|113098004|1585593133|00001220
1585593127-0049-000|8386092887348|8386205985352|113098004|1585593133|00000981
1585593127-0049-000|8386092887348|8386205985352|113098004|1585593133|00000940
1585593127-0049-000|8386092887348|8386205985352|113098004|1585593133|00000955
1585593127-0049-000|8386092887348|8386205985352|113098004|1585593133|00001123
1585593127-0049-000|8386092887348|8386205985352|113098004|1585593133|00001382
1585593127-0049-000|8386092887348|8386205985352|113098004|1585593133|00001754
1585593127-0049-000|8386092887348|8386205985352|113098004|1585593133|00001680
1585593127-0049-000|8386092887348|8386205985352|113098004|1585593133|00001843
1585593127-0049-000|8386092887348|8386205985352|113098004|1585593133|00001061
1585593127-0049-000|8386092887348|8386205985352|113098004|1585593133|00001218
1585593127-0049-000|8386092887348|8386205985352|113098004|1585593133|00002216
1585593127-0049-000|8386092887348|8386205985352|113098004|1585593133|00001835
1585593127-0049-000|8386092887348|8386205985352|113098004|1585593133|01018579
1585593127-0049-000|8386092887348|8386205985352|113098004|1585593133|00001242
1585593127-0049-000|8386092887348|8386205985352|113098004|1585593133|00001525
1585593127-0049-000|8386092887348|8386205985352|113098004|1585593133|00001957
1585593127-0049-000|8386092887348|8386205985352|113098004|1585593133|00001411
1585593127-0049-000|8386092887348|8386205985352|113098004|1585593133|00001418
1585593127-0049-000|8386092887348|8386205985352|113098004|1585593133|00001333
1585593127-0049-000|8386092887348|8386205985352|113098004|1585593133|00001695
1585593127-0049-000|8386092887348|8386205985352|113098004|1585593133|00001450
1585593127-0049-000|8386092887348|8386205985352|113098004|1585593133|00001821
1585593127-0049-000|8386092887348|8386205985352|113098004|1585593133|00001554
1585593127-0049-000|8386092887348|8386205985352|113098004|1585593133|00002018
1585593127-0049-000|8386092887348|8386205985352|113098004|1585593133|01009183
1585593127-0049-000|8386092887348|8386205985352|113098004|1585593133|00000970
1585593127-0049-000|8386092887348|8386205985352|113098004|1585593133|00001034
1585593127-0049-000|8386092887348|8386205985352|113098004|1585593133|00001198
1585593127-0049-000|8386092887348|8386205985352|113098004|1585593133|00000891
1585593127-0049-000|8386092887348|8386205985352|113098004|1585593133|00001738
