1585593165-0029-000|8422958358483|8423162411917|204053434|1585593170|04324583
1585593165-0029-000|8422958358483|8423162411917|204053434|1585593170|00001382
1585593165-0029-000|8422958358483|8423162411917|204053434|1585593170|00001063
1585593165-0029-000|8422958358483|8423162411917|204053434|1585593170|00001111
1585593165-0029-000|8422958358483|8423162411917|204053434|1585593170|00001111
1585593165-0029-000|8422958358483|8423162411917|204053434|1585593170|00000972
1585593165-0029-000|8422958358483|8423162411917|204053434|1585593170|00001032
1585593165-0029-000|8422958358483|8423162411917|204053434|1585593170|00001045
1585593165-0029-000|8422958358483|8423162411917|204053434|1585593170|00000965
1585593165-0029-000|8422958358483|8423162411917|204053434|1585593170|00001083
1585593165-0029-000|8422958358483|8423162411917|204053434|1585593170|00001139
1585593165-0029-000|8422958358483|8423162411917|204053434|1585593170|00000880
1585593165-0029-000|8422958358483|8423162411917|204053434|1585593170|00001141
1585593165-0029-000|8422958358483|8423162411917|204053434|1585593170|00000957
1585593165-0029-000|8422958358483|8423162411917|204053434|1585593170|00000904
1585593165-0029-000|8422958358483|8423162411917|204053434|1585593170|00000866
1585593165-0029-000|8422958358483|8423162411917|204053434|1585593170|00000949
1585593165-0029-000|8422958358483|8423162411917|204053434|1585593170|00000948
1585593165-0029-000|8422958358483|8423162411917|204053434|1585593170|00003541
1585593165-0029-000|8422958358483|8423162411917|204053434|1585593170|00001830
1585593165-0029-000|8422958358483|8423162411917|204053434|1585593170|00001229
1585593165-0029-000|8422958358483|8423162411917|204053434|1585593170|00001108
1585593165-0029-000|8422958358483|8423162411917|204053434|1585593170|00001028
1585593165-0029-000|8422958358483|8423162411917|204053434|1585593170|00001173
1585593165-0029-000|8422958358483|8423162411917|204053434|1585593170|00001086
1585593165-0029-000|8422958358483|8423162411917|204053434|1585593170|00000963
1585593165-0029-000|8422958358483|8423162411917|204053434|1585593170|00000949
1585593165-0029-000|8422958358483|8423162411917|204053434|1585593170|00000887
1585593165-0029-000|8422958358483|8423162411917|204053434|1585593170|00000854
1585593165-0029-000|8422958358483|8423162411917|204053434|1585593170|00001040
1585593165-0029-000|8422958358483|8423162411917|204053434|1585593170|00000922
1585593165-0029-000|8422958358483|8423162411917|204053434|1585593170|00001080
1585593165-0029-000|8422958358483|8423162411917|204053434|1585593170|00001010
1585593165-0029-000|8422958358483|8423162411917|204053434|1585593170|00000924
1585593165-0029-000|8422958358483|8423162411917|204053434|1585593170|00000861
1585593165-0029-000|8422958358483|8423162411917|204053434|1585593170|00000916
1585593165-0029-000|8422958358483|8423162411917|204053434|1585593170|00001026
1585593165-0029-000|8422958358483|8423162411917|204053434|1585593170|00000994
1585593165-0029-000|8422958358483|8423162411917|204053434|1585593170|00000868
1585593165-0029-000|8422958358483|8423162411917|204053434|1585593170|00001060
1585593165-0029-000|8422958358483|8423162411917|204053434|1585593170|00000999
1585593165-0029-000|8422958358483|8423162411917|204053434|1585593170|00000956
1585593165-0029-000|8422958358483|8423162411917|204053434|1585593170|00001016
1585593165-0029-000|8422958358483|8423162411917|204053434|1585593170|00000994
1585593165-0029-000|8422958358483|8423162411917|204053434|1585593170|00001238
1585593165-0029-000|8422958358483|8423162411917|204053434|1585593170|00001067
1585593165-0029-000|8422958358483|8423162411917|204053434|1585593170|00000926
1585593165-0029-000|8422958358483|8423162411917|204053434|1585593170|00000866
1585593165-0029-000|8422958358483|8423162411917|204053434|1585593170|00001120
1585593165-0029-000|8422958358483|8423162411917|204053434|1585593170|00001286
1585593165-0029-000|8422958358483|8423162411917|204053434|1585593170|00000989
1585593165-0029-000|8422958358483|8423162411917|204053434|1585593170|00000820
1585593165-0029-000|8422958358483|8423162411917|204053434|1585593170|00000987
1585593165-0029-000|8422958358483|8423162411917|204053434|1585593170|00001344
1585593165-0029-000|8422958358483|8423162411917|204053434|1585593170|00001099
1585593165-0029-000|8422958358483|8423162411917|204053434|1585593170|00001027
1585593165-0029-000|8422958358483|8423162411917|204053434|1585593170|00000996
1585593165-0029-000|8422958358483|8423162411917|204053434|1585593170|00001045
1585593165-0029-000|8422958358483|8423162411917|204053434|1585593170|00000950
1585593165-0029-000|8422958358483|8423162411917|204053434|1585593170|00001010
1585593165-0029-000|8422958358483|8423162411917|204053434|1585593170|00001143
1585593165-0029-000|8422958358483|8423162411917|204053434|1585593170|00001128
1585593165-0029-000|8422958358483|8423162411917|204053434|1585593170|00000918
1585593165-0029-000|8422958358483|8423162411917|204053434|1585593170|00001273
1585593165-0029-000|8422958358483|8423162411917|204053434|1585593170|00001681
1585593165-0029-000|8422958358483|8423162411917|204053434|1585593170|00001250
1585593165-0029-000|8422958358483|8423162411917|204053434|1585593170|00001081
1585593165-0029-000|8422958358483|8423162411917|204053434|1585593170|00001174
1585593165-0029-000|8422958358483|8423162411917|204053434|1585593170|01016582
1585593165-0029-000|8422958358483|8423162411917|204053434|1585593170|00001046
1585593165-0029-000|8422958358483|8423162411917|204053434|1585593170|00001008
1585593165-0029-000|8422958358483|8423162411917|204053434|1585593170|00001562
1585593165-0029-000|8422958358483|8423162411917|204053434|1585593170|00001108
1585593165-0029-000|8422958358483|8423162411917|204053434|1585593170|00000885
1585593165-0029-000|8422958358483|8423162411917|204053434|1585593170|00001313
1585593165-0029-000|8422958358483|8423162411917|204053434|1585593170|00001185
1585593165-0029-000|8422958358483|8423162411917|204053434|1585593170|00002080
1585593165-0029-000|8422958358483|8423162411917|204053434|1585593170|01009378
1585593165-0029-000|8422958358483|8423162411917|204053434|1585593170|00001123
1585593165-0029-000|8422958358483|8423162411917|204053434|1585593170|00001135
1585593165-0029-000|8422958358483|8423162411917|204053434|1585593170|00000949
1585593165-0029-000|8422958358483|8423162411917|204053434|1585593170|00000937
1585593165-0029-000|8422958358483|8423162411917|204053434|1585593170|00001049
1585593165-0029-000|8422958358483|8423162411917|204053434|1585593170|00001222
1585593165-0029-000|8422958358483|8423162411917|204053434|1585593170|00001065
1585593165-0029-000|8422958358483|8423162411917|204053434|1585593170|00001067
1585593165-0029-000|8422958358483|8423162411917|204053434|1585593170|00001100
1585593165-0029-000|8422958358483|8423162411917|204053434|1585593170|00001154
1585593165-0029-000|8422958358483|8423162411917|204053434|1585593170|00001009
1585593165-0029-000|8422958358483|8423162411917|204053434|1585593170|00000997
1585593165-0029-000|8422958358483|8423162411917|204053434|1585593170|00002396
1585593165-0029-000|8422958358483|8423162411917|204053434|1585593170|00001667
1585593165-0029-000|8422958358483|8423162411917|204053434|1585593170|00002718
1585593165-0029-000|8422958358483|8423162411917|204053434|1585593170|00001346
1585593165-0029-000|8422958358483|8423162411917|204053434|1585593170|00001040
1585593165-0029-000|8422958358483|8423162411917|204053434|1585593170|00001138
1585593165-0029-000|8422958358483|8423162411917|204053434|1585593170|00004532
1585593165-0029-000|8422958358483|8423162411917|204053434|1585593170|00000857
1585593165-0029-000|8422958358483|8423162411917|204053434|1585593170|00001217
1585593165-0029-000|8422958358483|8423162411917|204053434|1585593170|00001277
