1585593165-0121-000|8423973736536|8424211281614|237545078|1585593171|05343293
1585593165-0121-000|8423973736536|8424211281614|237545078|1585593171|00001166
1585593165-0121-000|8423973736536|8424211281614|237545078|1585593171|00001015
1585593165-0121-000|8423973736536|8424211281614|237545078|1585593171|00001217
1585593165-0121-000|8423973736536|8424211281614|237545078|1585593171|00001200
1585593165-0121-000|8423973736536|8424211281614|237545078|1585593171|00001270
1585593165-0121-000|8423973736536|8424211281614|237545078|1585593171|00001389
1585593165-0121-000|8423973736536|8424211281614|237545078|1585593171|00001107
1585593165-0121-000|8423973736536|8424211281614|237545078|1585593171|00001128
1585593165-0121-000|8423973736536|8424211281614|237545078|1585593171|00000999
1585593165-0121-000|8423973736536|8424211281614|237545078|1585593171|00001233
1585593165-0121-000|8423973736536|8424211281614|237545078|1585593171|00001036
1585593165-0121-000|8423973736536|8424211281614|237545078|1585593171|00001292
1585593165-0121-000|8423973736536|8424211281614|237545078|1585593171|00001068
1585593165-0121-000|8423973736536|8424211281614|237545078|1585593171|00001186
1585593165-0121-000|8423973736536|8424211281614|237545078|1585593171|00001083
1585593165-0121-000|8423973736536|8424211281614|237545078|1585593171|00001192
1585593165-0121-000|8423973736536|8424211281614|237545078|1585593171|00000994
1585593165-0121-000|8423973736536|8424211281614|237545078|1585593171|00001089
1585593165-0121-000|8423973736536|8424211281614|237545078|1585593171|00001216
1585593165-0121-000|8423973736536|8424211281614|237545078|1585593171|00001133
1585593165-0121-000|8423973736536|8424211281614|237545078|1585593171|00001083
1585593165-0121-000|8423973736536|8424211281614|237545078|1585593171|00013073
1585593165-0121-000|8423973736536|8424211281614|237545078|1585593171|00001108
1585593165-0121-000|8423973736536|8424211281614|237545078|1585593171|00001171
1585593165-0121-000|8423973736536|8424211281614|237545078|1585593171|00001062
1585593165-0121-000|8423973736536|8424211281614|237545078|1585593171|00001137
1585593165-0121-000|8423973736536|8424211281614|237545078|1585593171|00001072
1585593165-0121-000|8423973736536|8424211281614|237545078|1585593171|00001039
1585593165-0121-000|8423973736536|8424211281614|237545078|1585593171|00000949
1585593165-0121-000|8423973736536|8424211281614|237545078|1585593171|00001019
1585593165-0121-000|8423973736536|8424211281614|237545078|1585593171|00001172
1585593165-0121-000|8423973736536|8424211281614|237545078|1585593171|00000851
1585593165-0121-000|8423973736536|8424211281614|237545078|1585593171|00001236
1585593165-0121-000|8423973736536|8424211281614|237545078|1585593171|00001253
1585593165-0121-000|8423973736536|8424211281614|237545078|1585593171|00001072
1585593165-0121-000|8423973736536|8424211281614|237545078|1585593171|00001265
1585593165-0121-000|8423973736536|8424211281614|237545078|1585593171|00001211
1585593165-0121-000|8423973736536|8424211281614|237545078|1585593171|00001162
1585593165-0121-000|8423973736536|8424211281614|237545078|1585593171|00001121
1585593165-0121-000|8423973736536|8424211281614|237545078|1585593171|00001266
1585593165-0121-000|8423973736536|8424211281614|237545078|1585593171|00001597
1585593165-0121-000|8423973736536|8424211281614|237545078|1585593171|00001166
1585593165-0121-000|8423973736536|8424211281614|237545078|1585593171|00001751
1585593165-0121-000|8423973736536|8424211281614|237545078|1585593171|00001292
1585593165-0121-000|8423973736536|8424211281614|237545078|1585593171|00001199
1585593165-0121-000|8423973736536|8424211281614|237545078|1585593171|00001877
1585593165-0121-000|8423973736536|8424211281614|237545078|1585593171|01025194
1585593165-0121-000|8423973736536|8424211281614|237545078|1585593171|00002402
1585593165-0121-000|8423973736536|8424211281614|237545078|1585593171|00002119
1585593165-0121-000|8423973736536|8424211281614|237545078|1585593171|00001149
1585593165-0121-000|8423973736536|8424211281614|237545078|1585593171|00001157
1585593165-0121-000|8423973736536|8424211281614|237545078|1585593171|00001532
1585593165-0121-000|8423973736536|8424211281614|237545078|1585593171|00004187
1585593165-0121-000|8423973736536|8424211281614|237545078|1585593171|00001224
1585593165-0121-000|8423973736536|8424211281614|237545078|1585593171|00001115
1585593165-0121-000|8423973736536|8424211281614|237545078|1585593171|00001409
1585593165-0121-000|8423973736536|8424211281614|237545078|1585593171|00001526
1585593165-0121-000|8423973736536|8424211281614|237545078|1585593171|00001481
1585593165-0121-000|8423973736536|8424211281614|237545078|1585593171|00002067
1585593165-0121-000|8423973736536|8424211281614|237545078|1585593171|00000934
1585593165-0121-000|8423973736536|8424211281614|237545078|1585593171|03048172
1585593165-0121-000|8423973736536|8424211281614|237545078|1585593171|00001059
1585593165-0121-000|8423973736536|8424211281614|237545078|1585593171|00001130
1585593165-0121-000|8423973736536|8424211281614|237545078|1585593171|00001068
1585593165-0121-000|8423973736536|8424211281614|237545078|1585593171|00001012
1585593165-0121-000|8423973736536|8424211281614|237545078|1585593171|00001023
1585593165-0121-000|8423973736536|8424211281614|237545078|1585593171|00001099
1585593165-0121-000|8423973736536|8424211281614|237545078|1585593171|00001159
1585593165-0121-000|8423973736536|8424211281614|237545078|1585593171|00001259
1585593165-0121-000|8423973736536|8424211281614|237545078|1585593171|00002618
1585593165-0121-000|8423973736536|8424211281614|237545078|1585593171|00001400
1585593165-0121-000|8423973736536|8424211281614|237545078|1585593171|00001249
1585593165-0121-000|8423973736536|8424211281614|237545078|1585593171|00001108
1585593165-0121-000|8423973736536|8424211281614|237545078|1585593171|00000994
1585593165-0121-000|8423973736536|8424211281614|237545078|1585593171|00001091
1585593165-0121-000|8423973736536|8424211281614|237545078|1585593171|00001136
1585593165-0121-000|8423973736536|8424211281614|237545078|1585593171|00001413
1585593165-0121-000|8423973736536|8424211281614|237545078|1585593171|00001166
1585593165-0121-000|8423973736536|8424211281614|237545078|1585593171|00001133
1585593165-0121-000|8423973736536|8424211281614|237545078|1585593171|00001434
1585593165-0121-000|8423973736536|8424211281614|237545078|1585593171|00001289
1585593165-0121-000|8423973736536|8424211281614|237545078|1585593171|00000996
1585593165-0121-000|8423973736536|8424211281614|237545078|1585593171|00000933
1585593165-0121-000|8423973736536|8424211281614|237545078|1585593171|00001175
1585593165-0121-000|8423973736536|8424211281614|237545078|1585593171|00001195
1585593165-0121-000|8423973736536|8424211281614|237545078|1585593171|00001316
1585593165-0121-000|8423973736536|8424211281614|237545078|1585593171|00001124
1585593165-0121-000|8423973736536|8424211281614|237545078|1585593171|00001103
1585593165-0121-000|8423973736536|8424211281614|237545078|1585593171|01021460
1585593165-0121-000|8423973736536|8424211281614|237545078|1585593171|00001202
1585593165-0121-000|8423973736536|8424211281614|237545078|1585593171|00001096
1585593165-0121-000|8423973736536|8424211281614|237545078|1585593171|00001151
1585593165-0121-000|8423973736536|8424211281614|237545078|1585593171|00001190
1585593165-0121-000|8423973736536|8424211281614|237545078|1585593171|00001154
1585593165-0121-000|8423973736536|8424211281614|237545078|1585593171|00001180
1585593165-0121-000|8423973736536|8424211281614|237545078|1585593171|00001071
1585593165-0121-000|8423973736536|8424211281614|237545078|1585593171|00001208
1585593165-0121-000|8423973736536|8424211281614|237545078|1585593171|00001080
1585593165-0121-000|8423973736536|8424211281614|237545078|1585593171|00000954
