1585593165-0130-000|8418931078434|8419207828819|276750385|1585593166|00517520
1585593165-0130-000|8418931078434|8419207828819|276750385|1585593166|00001022
1585593165-0130-000|8418931078434|8419207828819|276750385|1585593166|00001313
1585593165-0130-000|8418931078434|8419207828819|276750385|1585593166|00001591
1585593165-0130-000|8418931078434|8419207828819|276750385|1585593166|00001331
1585593165-0130-000|8418931078434|8419207828819|276750385|1585593166|00001564
1585593165-0130-000|8418931078434|8419207828819|276750385|1585593166|00001720
1585593165-0130-000|8418931078434|8419207828819|276750385|1585593166|00004290
1585593165-0130-000|8418931078434|8419207828819|276750385|1585593166|00001727
1585593165-0130-000|8418931078434|8419207828819|276750385|1585593166|00003333
1585593165-0130-000|8418931078434|8419207828819|276750385|1585593166|00002800
1585593165-0130-000|8418931078434|8419207828819|276750385|1585593166|00003383
1585593165-0130-000|8418931078434|8419207828819|276750385|1585593166|00001420
1585593165-0130-000|8418931078434|8419207828819|276750385|1585593166|00005108
1585593165-0130-000|8418931078434|8419207828819|276750385|1585593166|00001274
1585593165-0130-000|8418931078434|8419207828819|276750385|1585593166|00001562
1585593165-0130-000|8418931078434|8419207828819|276750385|1585593166|00001257
1585593165-0130-000|8418931078434|8419207828819|276750385|1585593166|00004433
1585593165-0130-000|8418931078434|8419207828819|276750385|1585593166|00001027
1585593165-0130-000|8418931078434|8419207828819|276750385|1585593166|00001180
1585593165-0130-000|8418931078434|8419207828819|276750385|1585593166|00001330
1585593165-0130-000|8418931078434|8419207828819|276750385|1585593166|00004357
1585593165-0130-000|8418931078434|8419207828819|276750385|1585593166|00001267
1585593165-0130-000|8418931078434|8419207828819|276750385|1585593166|00001187
1585593165-0130-000|8418931078434|8419207828819|276750385|1585593166|00001381
1585593165-0130-000|8418931078434|8419207828819|276750385|1585593166|00001111
1585593165-0130-000|8418931078434|8419207828819|276750385|1585593166|00001213
1585593165-0130-000|8418931078434|8419207828819|276750385|1585593166|00001709
1585593165-0130-000|8418931078434|8419207828819|276750385|1585593166|00003554
1585593165-0130-000|8418931078434|8419207828819|276750385|1585593166|00001277
1585593165-0130-000|8418931078434|8419207828819|276750385|1585593166|00000831
1585593165-0130-000|8418931078434|8419207828819|276750385|1585593166|00001484
1585593165-0130-000|8418931078434|8419207828819|276750385|1585593166|00004057
1585593165-0130-000|8418931078434|8419207828819|276750385|1585593166|00001015
1585593165-0130-000|8418931078434|8419207828819|276750385|1585593166|00001228
1585593165-0130-000|8418931078434|8419207828819|276750385|1585593166|00001573
1585593165-0130-000|8418931078434|8419207828819|276750385|1585593166|00002179
1585593165-0130-000|8418931078434|8419207828819|276750385|1585593166|00005749
1585593165-0130-000|8418931078434|8419207828819|276750385|1585593166|00001766
1585593165-0130-000|8418931078434|8419207828819|276750385|1585593166|00001136
1585593165-0130-000|8418931078434|8419207828819|276750385|1585593166|00005291
1585593165-0130-000|8418931078434|8419207828819|276750385|1585593166|00001232
1585593165-0130-000|8418931078434|8419207828819|276750385|1585593166|00001073
1585593165-0130-000|8418931078434|8419207828819|276750385|1585593166|00001390
1585593165-0130-000|8418931078434|8419207828819|276750385|1585593166|00001500
1585593165-0130-000|8418931078434|8419207828819|276750385|1585593166|00001673
1585593165-0130-000|8418931078434|8419207828819|276750385|1585593166|00003745
1585593165-0130-000|8418931078434|8419207828819|276750385|1585593166|00001096
1585593165-0130-000|8418931078434|8419207828819|276750385|1585593166|00001571
1585593165-0130-000|8418931078434|8419207828819|276750385|1585593166|00001406
1585593165-0130-000|8418931078434|8419207828819|276750385|1585593166|00001019
1585593165-0130-000|8418931078434|8419207828819|276750385|1585593166|00002523
1585593165-0130-000|8418931078434|8419207828819|276750385|1585593166|00001295
1585593165-0130-000|8418931078434|8419207828819|276750385|1585593166|00001211
1585593165-0130-000|8418931078434|8419207828819|276750385|1585593166|00001327
1585593165-0130-000|8418931078434|8419207828819|276750385|1585593166|00001386
1585593165-0130-000|8418931078434|8419207828819|276750385|1585593166|00002264
1585593165-0130-000|8418931078434|8419207828819|276750385|1585593166|00001161
1585593165-0130-000|8418931078434|8419207828819|276750385|1585593166|00001490
1585593165-0130-000|8418931078434|8419207828819|276750385|1585593166|00001327
1585593165-0130-000|8418931078434|8419207828819|276750385|1585593166|00004018
1585593165-0130-000|8418931078434|8419207828819|276750385|1585593166|00001508
1585593165-0130-000|8418931078434|8419207828819|276750385|1585593166|00001392
1585593165-0130-000|8418931078434|8419207828819|276750385|1585593166|00005294
1585593165-0130-000|8418931078434|8419207828819|276750385|1585593166|00001686
1585593165-0130-000|8418931078434|8419207828819|276750385|1585593166|00001633
1585593165-0130-000|8418931078434|8419207828819|276750385|1585593166|00003833
1585593165-0130-000|8418931078434|8419207828819|276750385|1585593166|00001216
1585593165-0130-000|8418931078434|8419207828819|276750385|1585593166|00000970
1585593165-0130-000|8418931078434|8419207828819|276750385|1585593166|00001700
1585593165-0130-000|8418931078434|8419207828819|276750385|1585593166|00003711
1585593165-0130-000|8418931078434|8419207828819|276750385|1585593166|00001904
1585593165-0130-000|8418931078434|8419207828819|276750385|1585593166|00001828
1585593165-0130-000|8418931078434|8419207828819|276750385|1585593166|00001347
1585593165-0130-000|8418931078434|8419207828819|276750385|1585593166|00001679
1585593165-0130-000|8418931078434|8419207828819|276750385|1585593166|00004782
1585593165-0130-000|8418931078434|8419207828819|276750385|1585593166|00001528
1585593165-0130-000|8418931078434|8419207828819|276750385|1585593166|00002589
1585593165-0130-000|8418931078434|8419207828819|276750385|1585593166|00001541
1585593165-0130-000|8418931078434|8419207828819|276750385|1585593166|00001260
1585593165-0130-000|8418931078434|8419207828819|276750385|1585593166|00002101
1585593165-0130-000|8418931078434|8419207828819|276750385|1585593166|00002604
1585593165-0130-000|8418931078434|8419207828819|276750385|1585593166|00004286
1585593165-0130-000|8418931078434|8419207828819|276750385|1585593166|00001868
1585593165-0130-000|8418931078434|8419207828819|276750385|1585593166|00001068
1585593165-0130-000|8418931078434|8419207828819|276750385|1585593166|00000922
1585593165-0130-000|8418931078434|8419207828819|276750385|1585593166|00003411
1585593165-0130-000|8418931078434|8419207828819|276750385|1585593166|00001312
1585593165-0130-000|8418931078434|8419207828819|276750385|1585593166|00001509
1585593165-0130-000|8418931078434|8419207828819|276750385|1585593166|00004802
1585593165-0130-000|8418931078434|8419207828819|276750385|1585593166|00001102
1585593165-0130-000|8418931078434|8419207828819|276750385|1585593166|00001255
1585593165-0130-000|8418931078434|8419207828819|276750385|1585593166|00007388
1585593165-0130-000|8418931078434|8419207828819|276750385|1585593166|00001300
1585593165-0130-000|8418931078434|8419207828819|276750385|1585593166|00001164
1585593165-0130-000|8418931078434|8419207828819|276750385|1585593166|00001225
1585593165-0130-000|8418931078434|8419207828819|276750385|1585593166|00003917
1585593165-0130-000|8418931078434|8419207828819|276750385|1585593166|00001151
1585593165-0130-000|8418931078434|8419207828819|276750385|1585593166|00001169
1585593165-0130-000|8418931078434|8419207828819|276750385|1585593166|00001017
