1585593165-0149-000|8425213428302|8425374956372|161528070|1585593172|06486248
1585593165-0149-000|8425213428302|8425374956372|161528070|1585593172|00001092
1585593165-0149-000|8425213428302|8425374956372|161528070|1585593172|00000882
1585593165-0149-000|8425213428302|8425374956372|161528070|1585593172|00000980
1585593165-0149-000|8425213428302|8425374956372|161528070|1585593172|00000950
1585593165-0149-000|8425213428302|8425374956372|161528070|1585593172|00000951
1585593165-0149-000|8425213428302|8425374956372|161528070|1585593172|00001107
1585593165-0149-000|8425213428302|8425374956372|161528070|1585593172|00001055
1585593165-0149-000|8425213428302|8425374956372|161528070|1585593172|00000906
1585593165-0149-000|8425213428302|8425374956372|161528070|1585593172|00001022
1585593165-0149-000|8425213428302|8425374956372|161528070|1585593172|00000993
1585593165-0149-000|8425213428302|8425374956372|161528070|1585593172|00001131
1585593165-0149-000|8425213428302|8425374956372|161528070|1585593172|00000958
1585593165-0149-000|8425213428302|8425374956372|161528070|1585593172|00000967
1585593165-0149-000|8425213428302|8425374956372|161528070|1585593172|00001028
1585593165-0149-000|8425213428302|8425374956372|161528070|1585593172|00000981
1585593165-0149-000|8425213428302|8425374956372|161528070|1585593172|00000988
1585593165-0149-000|8425213428302|8425374956372|161528070|1585593172|00001038
1585593165-0149-000|8425213428302|8425374956372|161528070|1585593172|00001053
1585593165-0149-000|8425213428302|8425374956372|161528070|1585593172|00001126
1585593165-0149-000|8425213428302|8425374956372|161528070|1585593172|00001011
1585593165-0149-000|8425213428302|8425374956372|161528070|1585593172|00001280
1585593165-0149-000|8425213428302|8425374956372|161528070|1585593172|00000964
1585593165-0149-000|8425213428302|8425374956372|161528070|1585593172|00000927
1585593165-0149-000|8425213428302|8425374956372|161528070|1585593172|00001048
1585593165-0149-000|8425213428302|8425374956372|161528070|1585593172|00000993
1585593165-0149-000|8425213428302|8425374956372|161528070|1585593172|00001004
1585593165-0149-000|8425213428302|8425374956372|161528070|1585593172|00001027
1585593165-0149-000|8425213428302|8425374956372|161528070|1585593172|00001445
1585593165-0149-000|8425213428302|8425374956372|161528070|1585593172|00001141
1585593165-0149-000|8425213428302|8425374956372|161528070|1585593172|00001028
1585593165-0149-000|8425213428302|8425374956372|161528070|1585593172|00001221
1585593165-0149-000|8425213428302|8425374956372|161528070|1585593172|00001228
1585593165-0149-000|8425213428302|8425374956372|161528070|1585593172|00001200
1585593165-0149-000|8425213428302|8425374956372|161528070|1585593172|00000886
1585593165-0149-000|8425213428302|8425374956372|161528070|1585593172|00001277
1585593165-0149-000|8425213428302|8425374956372|161528070|1585593172|00000962
1585593165-0149-000|8425213428302|8425374956372|161528070|1585593172|00000939
1585593165-0149-000|8425213428302|8425374956372|161528070|1585593172|00001148
1585593165-0149-000|8425213428302|8425374956372|161528070|1585593172|07298582
1585593165-0149-000|8425213428302|8425374956372|161528070|1585593172|00001413
1585593165-0149-000|8425213428302|8425374956372|161528070|1585593172|00001245
1585593165-0149-000|8425213428302|8425374956372|161528070|1585593172|00001072
1585593165-0149-000|8425213428302|8425374956372|161528070|1585593172|00001075
1585593165-0149-000|8425213428302|8425374956372|161528070|1585593172|00000967
1585593165-0149-000|8425213428302|8425374956372|161528070|1585593172|00001115
1585593165-0149-000|8425213428302|8425374956372|161528070|1585593172|00001080
1585593165-0149-000|8425213428302|8425374956372|161528070|1585593172|00001088
1585593165-0149-000|8425213428302|8425374956372|161528070|1585593172|00001054
1585593165-0149-000|8425213428302|8425374956372|161528070|1585593172|00000941
1585593165-0149-000|8425213428302|8425374956372|161528070|1585593172|00001102
1585593165-0149-000|8425213428302|8425374956372|161528070|1585593172|00001131
1585593165-0149-000|8425213428302|8425374956372|161528070|1585593172|00001150
1585593165-0149-000|8425213428302|8425374956372|161528070|1585593172|00001335
1585593165-0149-000|8425213428302|8425374956372|161528070|1585593172|00001150
1585593165-0149-000|8425213428302|8425374956372|161528070|1585593172|00001151
1585593165-0149-000|8425213428302|8425374956372|161528070|1585593172|00000994
1585593165-0149-000|8425213428302|8425374956372|161528070|1585593172|00000952
1585593165-0149-000|8425213428302|8425374956372|161528070|1585593172|00001191
1585593165-0149-000|8425213428302|8425374956372|161528070|1585593172|00001023
1585593165-0149-000|8425213428302|8425374956372|161528070|1585593172|00001061
1585593165-0149-000|8425213428302|8425374956372|161528070|1585593172|00001128
1585593165-0149-000|8425213428302|8425374956372|161528070|1585593172|00001057
1585593165-0149-000|8425213428302|8425374956372|161528070|1585593172|00001111
1585593165-0149-000|8425213428302|8425374956372|161528070|1585593172|00001194
1585593165-0149-000|8425213428302|8425374956372|161528070|1585593172|00000953
1585593165-0149-000|8425213428302|8425374956372|161528070|1585593172|00001240
1585593165-0149-000|8425213428302|8425374956372|161528070|1585593172|00001206
1585593165-0149-000|8425213428302|8425374956372|161528070|1585593172|00001140
1585593165-0149-000|8425213428302|8425374956372|161528070|1585593172|00001113
1585593165-0149-000|8425213428302|8425374956372|161528070|1585593172|00001092
1585593165-0149-000|8425213428302|8425374956372|161528070|1585593172|00001256
1585593165-0149-000|8425213428302|8425374956372|161528070|1585593172|00000996
1585593165-0149-000|8425213428302|8425374956372|161528070|1585593172|00001236
1585593165-0149-000|8425213428302|8425374956372|161528070|1585593172|00001048
1585593165-0149-000|8425213428302|8425374956372|161528070|1585593172|00001206
1585593165-0149-000|8425213428302|8425374956372|161528070|1585593172|00001203
1585593165-0149-000|8425213428302|8425374956372|161528070|1585593172|00001042
1585593165-0149-000|8425213428302|8425374956372|161528070|1585593172|00001047
1585593165-0149-000|8425213428302|8425374956372|161528070|1585593172|00001054
1585593165-0149-000|8425213428302|8425374956372|161528070|1585593172|00001115
1585593165-0149-000|8425213428302|8425374956372|161528070|1585593172|00001063
1585593165-0149-000|8425213428302|8425374956372|161528070|1585593172|00001065
1585593165-0149-000|8425213428302|8425374956372|161528070|1585593172|00001113
1585593165-0149-000|8425213428302|8425374956372|161528070|1585593172|00001114
1585593165-0149-000|8425213428302|8425374956372|161528070|1585593172|00001010
1585593165-0149-000|8425213428302|8425374956372|161528070|1585593172|00001004
1585593165-0149-000|8425213428302|8425374956372|161528070|1585593172|00001043
1585593165-0149-000|8425213428302|8425374956372|161528070|1585593172|00000959
1585593165-0149-000|8425213428302|8425374956372|161528070|1585593172|00001041
1585593165-0149-000|8425213428302|8425374956372|161528070|1585593172|00001105
1585593165-0149-000|8425213428302|8425374956372|161528070|1585593172|00001100
1585593165-0149-000|8425213428302|8425374956372|161528070|1585593172|00001167
1585593165-0149-000|8425213428302|8425374956372|161528070|1585593172|00001042
1585593165-0149-000|8425213428302|8425374956372|161528070|1585593172|00000964
1585593165-0149-000|8425213428302|8425374956372|161528070|1585593172|00001147
1585593165-0149-000|8425213428302|8425374956372|161528070|1585593172|00001081
1585593165-0149-000|8425213428302|8425374956372|161528070|1585593172|00001038
1585593165-0149-000|8425213428302|8425374956372|161528070|1585593172|00001174
1585593165-0149-000|8425213428302|8425374956372|161528070|1585593172|00000991
