1585593165-0144-000|8424423297168|8424646452613|223155445|1585593171|05775013
1585593165-0144-000|8424423297168|8424646452613|223155445|1585593171|00000835
1585593165-0144-000|8424423297168|8424646452613|223155445|1585593171|00001135
1585593165-0144-000|8424423297168|8424646452613|223155445|1585593171|00000958
1585593165-0144-000|8424423297168|8424646452613|223155445|1585593171|00001082
1585593165-0144-000|8424423297168|8424646452613|223155445|1585593171|00000970
1585593165-0144-000|8424423297168|8424646452613|223155445|1585593171|00001055
1585593165-0144-000|8424423297168|8424646452613|223155445|1585593171|00000973
1585593165-0144-000|8424423297168|8424646452613|223155445|1585593171|00000867
1585593165-0144-000|8424423297168|8424646452613|223155445|1585593171|00001050
1585593165-0144-000|8424423297168|8424646452613|223155445|1585593171|00001117
1585593165-0144-000|8424423297168|8424646452613|223155445|1585593171|00000896
1585593165-0144-000|8424423297168|8424646452613|223155445|1585593171|00001121
1585593165-0144-000|8424423297168|8424646452613|223155445|1585593171|00001046
1585593165-0144-000|8424423297168|8424646452613|223155445|1585593171|00001323
1585593165-0144-000|8424423297168|8424646452613|223155445|1585593171|00001130
1585593165-0144-000|8424423297168|8424646452613|223155445|1585593171|00001143
1585593165-0144-000|8424423297168|8424646452613|223155445|1585593171|00001125
1585593165-0144-000|8424423297168|8424646452613|223155445|1585593171|00001077
1585593165-0144-000|8424423297168|8424646452613|223155445|1585593171|00001077
1585593165-0144-000|8424423297168|8424646452613|223155445|1585593171|00001121
1585593165-0144-000|8424423297168|8424646452613|223155445|1585593171|00001031
1585593165-0144-000|8424423297168|8424646452613|223155445|1585593171|00000875
1585593165-0144-000|8424423297168|8424646452613|223155445|1585593171|00001225
1585593165-0144-000|8424423297168|8424646452613|223155445|1585593171|00001269
1585593165-0144-000|8424423297168|8424646452613|223155445|1585593171|00001237
1585593165-0144-000|8424423297168|8424646452613|223155445|1585593171|00001015
1585593165-0144-000|8424423297168|8424646452613|223155445|1585593171|00001370
1585593165-0144-000|8424423297168|8424646452613|223155445|1585593171|00000961
1585593165-0144-000|8424423297168|8424646452613|223155445|1585593171|00000998
1585593165-0144-000|8424423297168|8424646452613|223155445|1585593171|00001001
1585593165-0144-000|8424423297168|8424646452613|223155445|1585593171|00003714
1585593165-0144-000|8424423297168|8424646452613|223155445|1585593171|00001192
1585593165-0144-000|8424423297168|8424646452613|223155445|1585593171|00001385
1585593165-0144-000|8424423297168|8424646452613|223155445|1585593171|00001002
1585593165-0144-000|8424423297168|8424646452613|223155445|1585593171|00001059
1585593165-0144-000|8424423297168|8424646452613|223155445|1585593171|00001028
1585593165-0144-000|8424423297168|8424646452613|223155445|1585593171|00000990
1585593165-0144-000|8424423297168|8424646452613|223155445|1585593171|00001257
1585593165-0144-000|8424423297168|8424646452613|223155445|1585593171|00001195
1585593165-0144-000|8424423297168|8424646452613|223155445|1585593171|00001234
1585593165-0144-000|8424423297168|8424646452613|223155445|1585593171|00001022
1585593165-0144-000|8424423297168|8424646452613|223155445|1585593171|00001016
1585593165-0144-000|8424423297168|8424646452613|223155445|1585593171|00000906
1585593165-0144-000|8424423297168|8424646452613|223155445|1585593171|00001174
1585593165-0144-000|8424423297168|8424646452613|223155445|1585593171|00001018
1585593165-0144-000|8424423297168|8424646452613|223155445|1585593171|00000959
1585593165-0144-000|8424423297168|8424646452613|223155445|1585593171|00001165
1585593165-0144-000|8424423297168|8424646452613|223155445|1585593171|00000961
1585593165-0144-000|8424423297168|8424646452613|223155445|1585593171|00001819
1585593165-0144-000|8424423297168|8424646452613|223155445|1585593171|00001360
1585593165-0144-000|8424423297168|8424646452613|223155445|1585593171|00001168
1585593165-0144-000|8424423297168|8424646452613|223155445|1585593171|00001515
1585593165-0144-000|8424423297168|8424646452613|223155445|1585593171|00001512
1585593165-0144-000|8424423297168|8424646452613|223155445|1585593171|01023709
1585593165-0144-000|8424423297168|8424646452613|223155445|1585593171|00000974
1585593165-0144-000|8424423297168|8424646452613|223155445|1585593171|00000992
1585593165-0144-000|8424423297168|8424646452613|223155445|1585593171|00001077
1585593165-0144-000|8424423297168|8424646452613|223155445|1585593171|00001070
1585593165-0144-000|8424423297168|8424646452613|223155445|1585593171|00001051
1585593165-0144-000|8424423297168|8424646452613|223155445|1585593171|00000899
1585593165-0144-000|8424423297168|8424646452613|223155445|1585593171|00000937
1585593165-0144-000|8424423297168|8424646452613|223155445|1585593171|00000975
1585593165-0144-000|8424423297168|8424646452613|223155445|1585593171|00001013
1585593165-0144-000|8424423297168|8424646452613|223155445|1585593171|00001245
1585593165-0144-000|8424423297168|8424646452613|223155445|1585593171|00001075
1585593165-0144-000|8424423297168|8424646452613|223155445|1585593171|00001080
1585593165-0144-000|8424423297168|8424646452613|223155445|1585593171|00001164
1585593165-0144-000|8424423297168|8424646452613|223155445|1585593171|00000946
1585593165-0144-000|8424423297168|8424646452613|223155445|1585593171|00001382
1585593165-0144-000|8424423297168|8424646452613|223155445|1585593171|00000931
1585593165-0144-000|8424423297168|8424646452613|223155445|1585593171|00001768
1585593165-0144-000|8424423297168|8424646452613|223155445|1585593171|00001048
1585593165-0144-000|8424423297168|8424646452613|223155445|1585593171|00000985
1585593165-0144-000|8424423297168|8424646452613|223155445|1585593171|00003184
1585593165-0144-000|8424423297168|8424646452613|223155445|1585593171|00000972
1585593165-0144-000|8424423297168|8424646452613|223155445|1585593171|00002424
1585593165-0144-000|8424423297168|8424646452613|223155445|1585593171|00001028
1585593165-0144-000|8424423297168|8424646452613|223155445|1585593171|00000958
1585593165-0144-000|8424423297168|8424646452613|223155445|1585593171|00001454
1585593165-0144-000|8424423297168|8424646452613|223155445|1585593171|00001612
1585593165-0144-000|8424423297168|8424646452613|223155445|1585593171|00002469
1585593165-0144-000|8424423297168|8424646452613|223155445|1585593171|00001088
1585593165-0144-000|8424423297168|8424646452613|223155445|1585593171|00000992
1585593165-0144-000|8424423297168|8424646452613|223155445|1585593171|00001786
1585593165-0144-000|8424423297168|8424646452613|223155445|1585593171|00004358
1585593165-0144-000|8424423297168|8424646452613|223155445|1585593171|01011021
1585593165-0144-000|8424423297168|8424646452613|223155445|1585593171|00001193
1585593165-0144-000|8424423297168|8424646452613|223155445|1585593171|00001088
1585593165-0144-000|8424423297168|8424646452613|223155445|1585593171|00001406
1585593165-0144-000|8424423297168|8424646452613|223155445|1585593171|00001311
1585593165-0144-000|8424423297168|8424646452613|223155445|1585593171|00001446
1585593165-0144-000|8424423297168|8424646452613|223155445|1585593171|00001074
1585593165-0144-000|8424423297168|8424646452613|223155445|1585593171|00001910
1585593165-0144-000|8424423297168|8424646452613|223155445|1585593171|00001244
1585593165-0144-000|8424423297168|8424646452613|223155445|1585593171|00002611
1585593165-0144-000|8424423297168|8424646452613|223155445|1585593171|00001362
1585593165-0144-000|8424423297168|8424646452613|223155445|1585593171|00001287
1585593165-0144-000|8424423297168|8424646452613|223155445|1585593171|03023295
1585593165-0144-000|8424423297168|8424646452613|223155445|1585593171|00001084
