1585593218-0012-000|8475963996362|8476108584840|144588478|1585593223|04579556
1585593218-0012-000|8475963996362|8476108584840|144588478|1585593223|00001144
1585593218-0012-000|8475963996362|8476108584840|144588478|1585593223|00000976
1585593218-0012-000|8475963996362|8476108584840|144588478|1585593223|00001052
1585593218-0012-000|8475963996362|8476108584840|144588478|1585593223|00001021
1585593218-0012-000|8475963996362|8476108584840|144588478|1585593223|00001426
1585593218-0012-000|8475963996362|8476108584840|144588478|1585593223|00002760
1585593218-0012-000|8475963996362|8476108584840|144588478|1585593223|00001302
1585593218-0012-000|8475963996362|8476108584840|144588478|1585593223|00001433
1585593218-0012-000|8475963996362|8476108584840|144588478|1585593223|00005116
1585593218-0012-000|8475963996362|8476108584840|144588478|1585593223|00001165
1585593218-0012-000|8475963996362|8476108584840|144588478|1585593223|00001418
1585593218-0012-000|8475963996362|8476108584840|144588478|1585593223|00001059
1585593218-0012-000|8475963996362|8476108584840|144588478|1585593223|00001073
1585593218-0012-000|8475963996362|8476108584840|144588478|1585593223|00002363
1585593218-0012-000|8475963996362|8476108584840|144588478|1585593223|00001154
1585593218-0012-000|8475963996362|8476108584840|144588478|1585593223|00002242
1585593218-0012-000|8475963996362|8476108584840|144588478|1585593223|00001223
1585593218-0012-000|8475963996362|8476108584840|144588478|1585593223|00003971
1585593218-0012-000|8475963996362|8476108584840|144588478|1585593223|00001389
1585593218-0012-000|8475963996362|8476108584840|144588478|1585593223|00005814
1585593218-0012-000|8475963996362|8476108584840|144588478|1585593223|00001872
1585593218-0012-000|8475963996362|8476108584840|144588478|1585593223|00001740
1585593218-0012-000|8475963996362|8476108584840|144588478|1585593223|00001130
1585593218-0012-000|8475963996362|8476108584840|144588478|1585593223|00001013
1585593218-0012-000|8475963996362|8476108584840|144588478|1585593223|00001308
1585593218-0012-000|8475963996362|8476108584840|144588478|1585593223|00004363
1585593218-0012-000|8475963996362|8476108584840|144588478|1585593223|00001911
1585593218-0012-000|8475963996362|8476108584840|144588478|1585593223|00001454
1585593218-0012-000|8475963996362|8476108584840|144588478|1585593223|00002243
1585593218-0012-000|8475963996362|8476108584840|144588478|1585593223|00001776
1585593218-0012-000|8475963996362|8476108584840|144588478|1585593223|00001264
1585593218-0012-000|8475963996362|8476108584840|144588478|1585593223|00002815
1585593218-0012-000|8475963996362|8476108584840|144588478|1585593223|01011421
1585593218-0012-000|8475963996362|8476108584840|144588478|1585593223|00001611
1585593218-0012-000|8475963996362|8476108584840|144588478|1585593223|00002361
1585593218-0012-000|8475963996362|8476108584840|144588478|1585593223|00001486
1585593218-0012-000|8475963996362|8476108584840|144588478|1585593223|00002815
1585593218-0012-000|8475963996362|8476108584840|144588478|1585593223|00003463
1585593218-0012-000|8475963996362|8476108584840|144588478|1585593223|00001256
1585593218-0012-000|8475963996362|8476108584840|144588478|1585593223|01010625
1585593218-0012-000|8475963996362|8476108584840|144588478|1585593223|00001520
1585593218-0012-000|8475963996362|8476108584840|144588478|1585593223|00002822
1585593218-0012-000|8475963996362|8476108584840|144588478|1585593223|00003768
1585593218-0012-000|8475963996362|8476108584840|144588478|1585593223|00001179
1585593218-0012-000|8475963996362|8476108584840|144588478|1585593223|00008243
1585593218-0012-000|8475963996362|8476108584840|144588478|1585593223|00006975
1585593218-0012-000|8475963996362|8476108584840|144588478|1585593223|00007718
1585593218-0012-000|8475963996362|8476108584840|144588478|1585593223|00001882
1585593218-0012-000|8475963996362|8476108584840|144588478|1585593223|00006393
1585593218-0012-000|8475963996362|8476108584840|144588478|1585593223|00001434
1585593218-0012-000|8475963996362|8476108584840|144588478|1585593223|00005488
1585593218-0012-000|8475963996362|8476108584840|144588478|1585593223|00002642
1585593218-0012-000|8475963996362|8476108584840|144588478|1585593223|00005537
1585593218-0012-000|8475963996362|8476108584840|144588478|1585593223|00002157
1585593218-0012-000|8475963996362|8476108584840|144588478|1585593223|01028782
1585593218-0012-000|8475963996362|8476108584840|144588478|1585593223|00011650
1585593218-0012-000|8475963996362|8476108584840|144588478|1585593223|00005112
1585593218-0012-000|8475963996362|8476108584840|144588478|1585593223|00001531
1585593218-0012-000|8475963996362|8476108584840|144588478|1585593223|00007609
1585593218-0012-000|8475963996362|8476108584840|144588478|1585593223|00001564
1585593218-0012-000|8475963996362|8476108584840|144588478|1585593223|00004640
1585593218-0012-000|8475963996362|8476108584840|144588478|1585593223|00002799
1585593218-0012-000|8475963996362|8476108584840|144588478|1585593223|00005088
1585593218-0012-000|8475963996362|8476108584840|144588478|1585593223|00001578
1585593218-0012-000|8475963996362|8476108584840|144588478|1585593223|00005594
1585593218-0012-000|8475963996362|8476108584840|144588478|1585593223|01006891
1585593218-0012-000|8475963996362|8476108584840|144588478|1585593223|00001355
1585593218-0012-000|8475963996362|8476108584840|144588478|1585593223|00001074
1585593218-0012-000|8475963996362|8476108584840|144588478|1585593223|00001169
1585593218-0012-000|8475963996362|8476108584840|144588478|1585593223|00001085
1585593218-0012-000|8475963996362|8476108584840|144588478|1585593223|00001063
1585593218-0012-000|8475963996362|8476108584840|144588478|1585593223|00001178
1585593218-0012-000|8475963996362|8476108584840|144588478|1585593223|00001274
1585593218-0012-000|8475963996362|8476108584840|144588478|1585593223|00001147
1585593218-0012-000|8475963996362|8476108584840|144588478|1585593223|00001431
1585593218-0012-000|8475963996362|8476108584840|144588478|1585593223|00001167
1585593218-0012-000|8475963996362|8476108584840|144588478|1585593223|00001223
1585593218-0012-000|8475963996362|8476108584840|144588478|1585593223|00001186
1585593218-0012-000|8475963996362|8476108584840|144588478|1585593223|00001352
1585593218-0012-000|8475963996362|8476108584840|144588478|1585593223|00001302
1585593218-0012-000|8475963996362|8476108584840|144588478|1585593223|00001448
1585593218-0012-000|8475963996362|8476108584840|144588478|1585593223|00004344
1585593218-0012-000|8475963996362|8476108584840|144588478|1585593223|01031926
1585593218-0012-000|8475963996362|8476108584840|144588478|1585593223|00001190
1585593218-0012-000|8475963996362|8476108584840|144588478|1585593223|00001427
1585593218-0012-000|8475963996362|8476108584840|144588478|1585593223|00001342
1585593218-0012-000|8475963996362|8476108584840|144588478|1585593223|00001079
1585593218-0012-000|8475963996362|8476108584840|144588478|1585593223|00001293
1585593218-0012-000|8475963996362|8476108584840|144588478|1585593223|00001378
1585593218-0012-000|8475963996362|8476108584840|144588478|1585593223|00001067
1585593218-0012-000|8475963996362|8476108584840|144588478|1585593223|00001260
1585593218-0012-000|8475963996362|8476108584840|144588478|1585593223|00000962
1585593218-0012-000|8475963996362|8476108584840|144588478|1585593223|00001164
1585593218-0012-000|8475963996362|8476108584840|144588478|1585593223|00001371
1585593218-0012-000|8475963996362|8476108584840|144588478|1585593223|00001155
1585593218-0012-000|8475963996362|8476108584840|144588478|1585593223|00001673
1585593218-0012-000|8475963996362|8476108584840|144588478|1585593223|00001146
1585593218-0012-000|8475963996362|8476108584840|144588478|1585593223|00003530
1585593218-0012-000|8475963996362|8476108584840|144588478|1585593223|00001321
