<html>
<head><title>502 Bad Gateway</title></head>
<body bgcolor="white">
<center><h1>502 Bad Gateway</h1></center>
<hr><center>nginx/1.10.3 (Ubuntu)</center>
</body>
</html>
|00030910
<html>
<head><title>502 Bad Gateway</title></head>
<body bgcolor="white">
<center><h1>502 Bad Gateway</h1></center>
<hr><center>nginx/1.10.3 (Ubuntu)</center>
</body>
</html>
|02569019
1585593218-0132-000|8479914974059|8480081387335|166413276|1585593227|05881905
1585593218-0132-000|8479914974059|8480081387335|166413276|1585593227|00001149
1585593218-0132-000|8479914974059|8480081387335|166413276|1585593227|00001142
1585593218-0132-000|8479914974059|8480081387335|166413276|1585593227|00001029
1585593218-0132-000|8479914974059|8480081387335|166413276|1585593227|00001107
1585593218-0132-000|8479914974059|8480081387335|166413276|1585593227|00001226
1585593218-0132-000|8479914974059|8480081387335|166413276|1585593227|00001320
1585593218-0132-000|8479914974059|8480081387335|166413276|1585593227|00000981
1585593218-0132-000|8479914974059|8480081387335|166413276|1585593227|00001333
1585593218-0132-000|8479914974059|8480081387335|166413276|1585593227|00001223
1585593218-0132-000|8479914974059|8480081387335|166413276|1585593227|00001132
1585593218-0132-000|8479914974059|8480081387335|166413276|1585593227|00001196
1585593218-0132-000|8479914974059|8480081387335|166413276|1585593227|00001066
1585593218-0132-000|8479914974059|8480081387335|166413276|1585593227|00001005
1585593218-0132-000|8479914974059|8480081387335|166413276|1585593227|00001137
1585593218-0132-000|8479914974059|8480081387335|166413276|1585593227|00001638
1585593218-0132-000|8479914974059|8480081387335|166413276|1585593227|00001103
1585593218-0132-000|8479914974059|8480081387335|166413276|1585593227|00001200
1585593218-0132-000|8479914974059|8480081387335|166413276|1585593227|00001138
1585593218-0132-000|8479914974059|8480081387335|166413276|1585593227|00001130
1585593218-0132-000|8479914974059|8480081387335|166413276|1585593227|00001311
1585593218-0132-000|8479914974059|8480081387335|166413276|1585593227|00001102
1585593218-0132-000|8479914974059|8480081387335|166413276|1585593227|00001127
1585593218-0132-000|8479914974059|8480081387335|166413276|1585593227|00001427
1585593218-0132-000|8479914974059|8480081387335|166413276|1585593227|00001320
1585593218-0132-000|8479914974059|8480081387335|166413276|1585593227|00001087
1585593218-0132-000|8479914974059|8480081387335|166413276|1585593227|00001351
1585593218-0132-000|8479914974059|8480081387335|166413276|1585593227|00001099
1585593218-0132-000|8479914974059|8480081387335|166413276|1585593227|00001136
1585593218-0132-000|8479914974059|8480081387335|166413276|1585593227|00001017
1585593218-0132-000|8479914974059|8480081387335|166413276|1585593227|00001208
1585593218-0132-000|8479914974059|8480081387335|166413276|1585593227|00000910
1585593218-0132-000|8479914974059|8480081387335|166413276|1585593227|00000974
1585593218-0132-000|8479914974059|8480081387335|166413276|1585593227|00001455
1585593218-0132-000|8479914974059|8480081387335|166413276|1585593227|00001440
1585593218-0132-000|8479914974059|8480081387335|166413276|1585593227|00002037
1585593218-0132-000|8479914974059|8480081387335|166413276|1585593227|00001655
1585593218-0132-000|8479914974059|8480081387335|166413276|1585593227|00001007
1585593218-0132-000|8479914974059|8480081387335|166413276|1585593227|00002947
1585593218-0132-000|8479914974059|8480081387335|166413276|1585593227|00000996
1585593218-0132-000|8479914974059|8480081387335|166413276|1585593227|00001212
1585593218-0132-000|8479914974059|8480081387335|166413276|1585593227|00001080
1585593218-0132-000|8479914974059|8480081387335|166413276|1585593227|00001034
1585593218-0132-000|8479914974059|8480081387335|166413276|1585593227|00001395
1585593218-0132-000|8479914974059|8480081387335|166413276|1585593227|00000925
1585593218-0132-000|8479914974059|8480081387335|166413276|1585593227|00000911
1585593218-0132-000|8479914974059|8480081387335|166413276|1585593227|01017387
1585593218-0132-000|8479914974059|8480081387335|166413276|1585593227|00001052
1585593218-0132-000|8479914974059|8480081387335|166413276|1585593227|00001097
1585593218-0132-000|8479914974059|8480081387335|166413276|1585593227|00001107
1585593218-0132-000|8479914974059|8480081387335|166413276|1585593227|00001154
1585593218-0132-000|8479914974059|8480081387335|166413276|1585593227|00001201
1585593218-0132-000|8479914974059|8480081387335|166413276|1585593227|00001194
1585593218-0132-000|8479914974059|8480081387335|166413276|1585593227|00001315
1585593218-0132-000|8479914974059|8480081387335|166413276|1585593227|00001422
1585593218-0132-000|8479914974059|8480081387335|166413276|1585593227|00001029
1585593218-0132-000|8479914974059|8480081387335|166413276|1585593227|00000951
1585593218-0132-000|8479914974059|8480081387335|166413276|1585593227|00001000
1585593218-0132-000|8479914974059|8480081387335|166413276|1585593227|00001024
1585593218-0132-000|8479914974059|8480081387335|166413276|1585593227|00001073
1585593218-0132-000|8479914974059|8480081387335|166413276|1585593227|00000980
1585593218-0132-000|8479914974059|8480081387335|166413276|1585593227|00001277
1585593218-0132-000|8479914974059|8480081387335|166413276|1585593227|00001187
1585593218-0132-000|8479914974059|8480081387335|166413276|1585593227|00001075
1585593218-0132-000|8479914974059|8480081387335|166413276|1585593227|00001894
1585593218-0132-000|8479914974059|8480081387335|166413276|1585593227|00000973
1585593218-0132-000|8479914974059|8480081387335|166413276|1585593227|00001141
1585593218-0132-000|8479914974059|8480081387335|166413276|1585593227|00001336
1585593218-0132-000|8479914974059|8480081387335|166413276|1585593227|00001137
1585593218-0132-000|8479914974059|8480081387335|166413276|1585593227|00001005
1585593218-0132-000|8479914974059|8480081387335|166413276|1585593227|00001219
1585593218-0132-000|8479914974059|8480081387335|166413276|1585593227|00003783
1585593218-0132-000|8479914974059|8480081387335|166413276|1585593227|03037692
1585593218-0132-000|8479914974059|8480081387335|166413276|1585593227|00001419
1585593218-0132-000|8479914974059|8480081387335|166413276|1585593227|00001443
1585593218-0132-000|8479914974059|8480081387335|166413276|1585593227|00001094
1585593218-0132-000|8479914974059|8480081387335|166413276|1585593227|00000994
1585593218-0132-000|8479914974059|8480081387335|166413276|1585593227|00001156
1585593218-0132-000|8479914974059|8480081387335|166413276|1585593227|00000988
1585593218-0132-000|8479914974059|8480081387335|166413276|1585593227|00001154
1585593218-0132-000|8479914974059|8480081387335|166413276|1585593227|00001270
1585593218-0132-000|8479914974059|8480081387335|166413276|1585593227|00001512
1585593218-0132-000|8479914974059|8480081387335|166413276|1585593227|00001121
1585593218-0132-000|8479914974059|8480081387335|166413276|1585593227|00001124
1585593218-0132-000|8479914974059|8480081387335|166413276|1585593227|00001812
1585593218-0132-000|8479914974059|8480081387335|166413276|1585593227|00001544
1585593218-0132-000|8479914974059|8480081387335|166413276|1585593227|00001409
1585593218-0132-000|8479914974059|8480081387335|166413276|1585593227|00001875
1585593218-0132-000|8479914974059|8480081387335|166413276|1585593227|00001199
1585593218-0132-000|8479914974059|8480081387335|166413276|1585593227|00001301
1585593218-0132-000|8479914974059|8480081387335|166413276|1585593227|00001292
1585593218-0132-000|8479914974059|8480081387335|166413276|1585593227|00001644
1585593218-0132-000|8479914974059|8480081387335|166413276|1585593227|00001188
1585593218-0132-000|8479914974059|8480081387335|166413276|1585593227|00001114
1585593218-0132-000|8479914974059|8480081387335|166413276|1585593227|00001980
1585593218-0132-000|8479914974059|8480081387335|166413276|1585593227|00001330
1585593218-0132-000|8479914974059|8480081387335|166413276|1585593227|00001460
1585593218-0132-000|8479914974059|8480081387335|166413276|1585593227|01022581
