1585593218-0066-000|8477412373141|8477527144462|114771321|1585593224|05972027
1585593218-0066-000|8477412373141|8477527144462|114771321|1585593224|00001319
1585593218-0066-000|8477412373141|8477527144462|114771321|1585593224|00001085
1585593218-0066-000|8477412373141|8477527144462|114771321|1585593224|00001118
1585593218-0066-000|8477412373141|8477527144462|114771321|1585593224|00001398
1585593218-0066-000|8477412373141|8477527144462|114771321|1585593224|00001413
1585593218-0066-000|8477412373141|8477527144462|114771321|1585593224|00001322
1585593218-0066-000|8477412373141|8477527144462|114771321|1585593224|00001279
1585593218-0066-000|8477412373141|8477527144462|114771321|1585593224|00001282
1585593218-0066-000|8477412373141|8477527144462|114771321|1585593224|00002401
1585593218-0066-000|8477412373141|8477527144462|114771321|1585593224|00001524
1585593218-0066-000|8477412373141|8477527144462|114771321|1585593224|00001122
1585593218-0066-000|8477412373141|8477527144462|114771321|1585593224|00001156
1585593218-0066-000|8477412373141|8477527144462|114771321|1585593224|00001051
1585593218-0066-000|8477412373141|8477527144462|114771321|1585593224|00001098
1585593218-0066-000|8477412373141|8477527144462|114771321|1585593224|00001580
1585593218-0066-000|8477412373141|8477527144462|114771321|1585593224|00001019
1585593218-0066-000|8477412373141|8477527144462|114771321|1585593224|00001071
1585593218-0066-000|8477412373141|8477527144462|114771321|1585593224|00001043
1585593218-0066-000|8477412373141|8477527144462|114771321|1585593224|00001812
1585593218-0066-000|8477412373141|8477527144462|114771321|1585593224|00002679
1585593218-0066-000|8477412373141|8477527144462|114771321|1585593224|00001449
1585593218-0066-000|8477412373141|8477527144462|114771321|1585593224|00001080
1585593218-0066-000|8477412373141|8477527144462|114771321|1585593224|00001191
1585593218-0066-000|8477412373141|8477527144462|114771321|1585593224|00004033
1585593218-0066-000|8477412373141|8477527144462|114771321|1585593224|00001162
1585593218-0066-000|8477412373141|8477527144462|114771321|1585593224|00001206
1585593218-0066-000|8477412373141|8477527144462|114771321|1585593224|00001147
1585593218-0066-000|8477412373141|8477527144462|114771321|1585593224|00004168
1585593218-0066-000|8477412373141|8477527144462|114771321|1585593224|00001707
1585593218-0066-000|8477412373141|8477527144462|114771321|1585593224|00001303
1585593218-0066-000|8477412373141|8477527144462|114771321|1585593224|00001374
1585593218-0066-000|8477412373141|8477527144462|114771321|1585593224|00003167
1585593218-0066-000|8477412373141|8477527144462|114771321|1585593224|00001508
1585593218-0066-000|8477412373141|8477527144462|114771321|1585593224|00001256
1585593218-0066-000|8477412373141|8477527144462|114771321|1585593224|00001069
1585593218-0066-000|8477412373141|8477527144462|114771321|1585593224|01023969
1585593218-0066-000|8477412373141|8477527144462|114771321|1585593224|00001523
1585593218-0066-000|8477412373141|8477527144462|114771321|1585593224|00000991
1585593218-0066-000|8477412373141|8477527144462|114771321|1585593224|00004797
1585593218-0066-000|8477412373141|8477527144462|114771321|1585593224|00001388
1585593218-0066-000|8477412373141|8477527144462|114771321|1585593224|00001508
1585593218-0066-000|8477412373141|8477527144462|114771321|1585593224|00005347
1585593218-0066-000|8477412373141|8477527144462|114771321|1585593224|00020580
1585593218-0066-000|8477412373141|8477527144462|114771321|1585593224|00001219
1585593218-0066-000|8477412373141|8477527144462|114771321|1585593224|00001237
1585593218-0066-000|8477412373141|8477527144462|114771321|1585593224|01015417
1585593218-0066-000|8477412373141|8477527144462|114771321|1585593224|00001278
1585593218-0066-000|8477412373141|8477527144462|114771321|1585593224|00001990
1585593218-0066-000|8477412373141|8477527144462|114771321|1585593224|00004775
1585593218-0066-000|8477412373141|8477527144462|114771321|1585593224|00001454
1585593218-0066-000|8477412373141|8477527144462|114771321|1585593224|00008574
1585593218-0066-000|8477412373141|8477527144462|114771321|1585593224|00003113
1585593218-0066-000|8477412373141|8477527144462|114771321|1585593224|00003514
1585593218-0066-000|8477412373141|8477527144462|114771321|1585593224|00009781
1585593218-0066-000|8477412373141|8477527144462|114771321|1585593224|00018114
1585593218-0066-000|8477412373141|8477527144462|114771321|1585593224|00003670
1585593218-0066-000|8477412373141|8477527144462|114771321|1585593224|00003419
1585593218-0066-000|8477412373141|8477527144462|114771321|1585593224|00012348
1585593218-0066-000|8477412373141|8477527144462|114771321|1585593224|00007872
1585593218-0066-000|8477412373141|8477527144462|114771321|1585593224|00003866
1585593218-0066-000|8477412373141|8477527144462|114771321|1585593224|01027728
1585593218-0066-000|8477412373141|8477527144462|114771321|1585593224|01032877
1585593218-0066-000|8477412373141|8477527144462|114771321|1585593224|00001465
1585593218-0066-000|8477412373141|8477527144462|114771321|1585593224|00001737
1585593218-0066-000|8477412373141|8477527144462|114771321|1585593224|01022822
1585593218-0066-000|8477412373141|8477527144462|114771321|1585593224|00001112
1585593218-0066-000|8477412373141|8477527144462|114771321|1585593224|00001669
1585593218-0066-000|8477412373141|8477527144462|114771321|1585593224|00001199
1585593218-0066-000|8477412373141|8477527144462|114771321|1585593224|00001423
1585593218-0066-000|8477412373141|8477527144462|114771321|1585593224|01015380
1585593218-0066-000|8477412373141|8477527144462|114771321|1585593224|00001505
1585593218-0066-000|8477412373141|8477527144462|114771321|1585593224|00002264
1585593218-0066-000|8477412373141|8477527144462|114771321|1585593224|00001225
1585593218-0066-000|8477412373141|8477527144462|114771321|1585593224|00001501
1585593218-0066-000|8477412373141|8477527144462|114771321|1585593224|00002105
1585593218-0066-000|8477412373141|8477527144462|114771321|1585593224|00005061
1585593218-0066-000|8477412373141|8477527144462|114771321|1585593224|00001227
1585593218-0066-000|8477412373141|8477527144462|114771321|1585593224|00001308
1585593218-0066-000|8477412373141|8477527144462|114771321|1585593224|00001304
1585593218-0066-000|8477412373141|8477527144462|114771321|1585593224|00001217
1585593218-0066-000|8477412373141|8477527144462|114771321|1585593224|00001394
1585593218-0066-000|8477412373141|8477527144462|114771321|1585593224|00002623
1585593218-0066-000|8477412373141|8477527144462|114771321|1585593224|00002191
1585593218-0066-000|8477412373141|8477527144462|114771321|1585593224|01029673
1585593218-0066-000|8477412373141|8477527144462|114771321|1585593224|00002237
1585593218-0066-000|8477412373141|8477527144462|114771321|1585593224|00005266
1585593218-0066-000|8477412373141|8477527144462|114771321|1585593224|00001471
1585593218-0066-000|8477412373141|8477527144462|114771321|1585593224|00001805
1585593218-0066-000|8477412373141|8477527144462|114771321|1585593224|00004657
1585593218-0066-000|8477412373141|8477527144462|114771321|1585593224|00001882
1585593218-0066-000|8477412373141|8477527144462|114771321|1585593224|00006041
1585593218-0066-000|8477412373141|8477527144462|114771321|1585593224|00001495
1585593218-0066-000|8477412373141|8477527144462|114771321|1585593224|00007366
1585593218-0066-000|8477412373141|8477527144462|114771321|1585593224|00007103
1585593218-0066-000|8477412373141|8477527144462|114771321|1585593224|00001100
1585593218-0066-000|8477412373141|8477527144462|114771321|1585593224|01013659
1585593218-0066-000|8477412373141|8477527144462|114771321|1585593224|00001517
1585593218-0066-000|8477412373141|8477527144462|114771321|1585593224|00001058
1585593218-0066-000|8477412373141|8477527144462|114771321|1585593224|00001030
