1585593218-0072-000|8478023891697|8478187103082|163211385|1585593225|06608876
1585593218-0072-000|8478023891697|8478187103082|163211385|1585593225|00001010
1585593218-0072-000|8478023891697|8478187103082|163211385|1585593225|00000989
1585593218-0072-000|8478023891697|8478187103082|163211385|1585593225|00001107
1585593218-0072-000|8478023891697|8478187103082|163211385|1585593225|00000974
1585593218-0072-000|8478023891697|8478187103082|163211385|1585593225|00001234
1585593218-0072-000|8478023891697|8478187103082|163211385|1585593225|00001020
1585593218-0072-000|8478023891697|8478187103082|163211385|1585593225|00001009
1585593218-0072-000|8478023891697|8478187103082|163211385|1585593225|00000993
1585593218-0072-000|8478023891697|8478187103082|163211385|1585593225|00000983
1585593218-0072-000|8478023891697|8478187103082|163211385|1585593225|00001049
1585593218-0072-000|8478023891697|8478187103082|163211385|1585593225|00001193
1585593218-0072-000|8478023891697|8478187103082|163211385|1585593225|00001230
1585593218-0072-000|8478023891697|8478187103082|163211385|1585593225|00001022
1585593218-0072-000|8478023891697|8478187103082|163211385|1585593225|00001076
1585593218-0072-000|8478023891697|8478187103082|163211385|1585593225|00002739
1585593218-0072-000|8478023891697|8478187103082|163211385|1585593225|00003813
1585593218-0072-000|8478023891697|8478187103082|163211385|1585593225|00001853
1585593218-0072-000|8478023891697|8478187103082|163211385|1585593225|00001987
1585593218-0072-000|8478023891697|8478187103082|163211385|1585593225|00004968
1585593218-0072-000|8478023891697|8478187103082|163211385|1585593225|00001761
1585593218-0072-000|8478023891697|8478187103082|163211385|1585593225|00005568
1585593218-0072-000|8478023891697|8478187103082|163211385|1585593225|00008910
1585593218-0072-000|8478023891697|8478187103082|163211385|1585593225|00007517
1585593218-0072-000|8478023891697|8478187103082|163211385|1585593225|00002061
1585593218-0072-000|8478023891697|8478187103082|163211385|1585593225|00006087
1585593218-0072-000|8478023891697|8478187103082|163211385|1585593225|00007292
1585593218-0072-000|8478023891697|8478187103082|163211385|1585593225|00001711
1585593218-0072-000|8478023891697|8478187103082|163211385|1585593225|00006550
1585593218-0072-000|8478023891697|8478187103082|163211385|1585593225|01030835
1585593218-0072-000|8478023891697|8478187103082|163211385|1585593225|00001343
1585593218-0072-000|8478023891697|8478187103082|163211385|1585593225|00002181
1585593218-0072-000|8478023891697|8478187103082|163211385|1585593225|00004730
1585593218-0072-000|8478023891697|8478187103082|163211385|1585593225|00001485
1585593218-0072-000|8478023891697|8478187103082|163211385|1585593225|00001589
1585593218-0072-000|8478023891697|8478187103082|163211385|1585593225|00004294
1585593218-0072-000|8478023891697|8478187103082|163211385|1585593225|00003755
1585593218-0072-000|8478023891697|8478187103082|163211385|1585593225|00003466
1585593218-0072-000|8478023891697|8478187103082|163211385|1585593225|00001193
1585593218-0072-000|8478023891697|8478187103082|163211385|1585593225|00007906
1585593218-0072-000|8478023891697|8478187103082|163211385|1585593225|00001138
1585593218-0072-000|8478023891697|8478187103082|163211385|1585593225|00006531
1585593218-0072-000|8478023891697|8478187103082|163211385|1585593225|01014357
1585593218-0072-000|8478023891697|8478187103082|163211385|1585593225|00001346
1585593218-0072-000|8478023891697|8478187103082|163211385|1585593225|00001616
1585593218-0072-000|8478023891697|8478187103082|163211385|1585593225|00000973
1585593218-0072-000|8478023891697|8478187103082|163211385|1585593225|00001486
1585593218-0072-000|8478023891697|8478187103082|163211385|1585593225|00001129
1585593218-0072-000|8478023891697|8478187103082|163211385|1585593225|00001130
1585593218-0072-000|8478023891697|8478187103082|163211385|1585593225|00001289
1585593218-0072-000|8478023891697|8478187103082|163211385|1585593225|00001371
1585593218-0072-000|8478023891697|8478187103082|163211385|1585593225|00001151
1585593218-0072-000|8478023891697|8478187103082|163211385|1585593225|00001318
1585593218-0072-000|8478023891697|8478187103082|163211385|1585593225|00001202
1585593218-0072-000|8478023891697|8478187103082|163211385|1585593225|00001512
1585593218-0072-000|8478023891697|8478187103082|163211385|1585593225|00001179
1585593218-0072-000|8478023891697|8478187103082|163211385|1585593225|00001878
1585593218-0072-000|8478023891697|8478187103082|163211385|1585593225|00001350
1585593218-0072-000|8478023891697|8478187103082|163211385|1585593225|00001412
1585593218-0072-000|8478023891697|8478187103082|163211385|1585593225|01033699
1585593218-0072-000|8478023891697|8478187103082|163211385|1585593225|00001774
1585593218-0072-000|8478023891697|8478187103082|163211385|1585593225|00001257
1585593218-0072-000|8478023891697|8478187103082|163211385|1585593225|00001170
1585593218-0072-000|8478023891697|8478187103082|163211385|1585593225|00001241
1585593218-0072-000|8478023891697|8478187103082|163211385|1585593225|00001063
1585593218-0072-000|8478023891697|8478187103082|163211385|1585593225|00001269
1585593218-0072-000|8478023891697|8478187103082|163211385|1585593225|00001041
1585593218-0072-000|8478023891697|8478187103082|163211385|1585593225|00001075
1585593218-0072-000|8478023891697|8478187103082|163211385|1585593225|00001125
1585593218-0072-000|8478023891697|8478187103082|163211385|1585593225|00001285
1585593218-0072-000|8478023891697|8478187103082|163211385|1585593225|00001409
1585593218-0072-000|8478023891697|8478187103082|163211385|1585593225|00001512
1585593218-0072-000|8478023891697|8478187103082|163211385|1585593225|00001194
1585593218-0072-000|8478023891697|8478187103082|163211385|1585593225|00001289
1585593218-0072-000|8478023891697|8478187103082|163211385|1585593225|00001129
1585593218-0072-000|8478023891697|8478187103082|163211385|1585593225|00009915
1585593218-0072-000|8478023891697|8478187103082|163211385|1585593225|00001239
1585593218-0072-000|8478023891697|8478187103082|163211385|1585593225|03039522
1585593218-0072-000|8478023891697|8478187103082|163211385|1585593225|00001385
1585593218-0072-000|8478023891697|8478187103082|163211385|1585593225|00001034
1585593218-0072-000|8478023891697|8478187103082|163211385|1585593225|00000986
1585593218-0072-000|8478023891697|8478187103082|163211385|1585593225|00001017
1585593218-0072-000|8478023891697|8478187103082|163211385|1585593225|00001072
1585593218-0072-000|8478023891697|8478187103082|163211385|1585593225|00000923
1585593218-0072-000|8478023891697|8478187103082|163211385|1585593225|00001366
1585593218-0072-000|8478023891697|8478187103082|163211385|1585593225|00001157
1585593218-0072-000|8478023891697|8478187103082|163211385|1585593225|00000988
1585593218-0072-000|8478023891697|8478187103082|163211385|1585593225|00000959
1585593218-0072-000|8478023891697|8478187103082|163211385|1585593225|00000891
1585593218-0072-000|8478023891697|8478187103082|163211385|1585593225|00001044
1585593218-0072-000|8478023891697|8478187103082|163211385|1585593225|00000929
1585593218-0072-000|8478023891697|8478187103082|163211385|1585593225|00000896
1585593218-0072-000|8478023891697|8478187103082|163211385|1585593225|00000949
1585593218-0072-000|8478023891697|8478187103082|163211385|1585593225|00001021
1585593218-0072-000|8478023891697|8478187103082|163211385|1585593225|00001664
1585593218-0072-000|8478023891697|8478187103082|163211385|1585593225|00001249
1585593218-0072-000|8478023891697|8478187103082|163211385|1585593225|00001152
1585593218-0072-000|8478023891697|8478187103082|163211385|1585593225|01001706
1585593218-0072-000|8478023891697|8478187103082|163211385|1585593225|00001174
1585593218-0072-000|8478023891697|8478187103082|163211385|1585593225|00001134
