1585593218-0130-000|8473254473425|8473607715768|353242343|1585593220|02209149
1585593218-0130-000|8473254473425|8473607715768|353242343|1585593220|00001015
1585593218-0130-000|8473254473425|8473607715768|353242343|1585593220|00000935
1585593218-0130-000|8473254473425|8473607715768|353242343|1585593220|00001056
1585593218-0130-000|8473254473425|8473607715768|353242343|1585593220|00001022
1585593218-0130-000|8473254473425|8473607715768|353242343|1585593220|00000886
1585593218-0130-000|8473254473425|8473607715768|353242343|1585593220|00000993
1585593218-0130-000|8473254473425|8473607715768|353242343|1585593220|00001186
1585593218-0130-000|8473254473425|8473607715768|353242343|1585593220|00001221
1585593218-0130-000|8473254473425|8473607715768|353242343|1585593220|00000975
1585593218-0130-000|8473254473425|8473607715768|353242343|1585593220|00000968
1585593218-0130-000|8473254473425|8473607715768|353242343|1585593220|00001165
1585593218-0130-000|8473254473425|8473607715768|353242343|1585593220|00001080
1585593218-0130-000|8473254473425|8473607715768|353242343|1585593220|00001026
1585593218-0130-000|8473254473425|8473607715768|353242343|1585593220|00001005
1585593218-0130-000|8473254473425|8473607715768|353242343|1585593220|00001267
1585593218-0130-000|8473254473425|8473607715768|353242343|1585593220|00001300
1585593218-0130-000|8473254473425|8473607715768|353242343|1585593220|00001154
1585593218-0130-000|8473254473425|8473607715768|353242343|1585593220|00001482
1585593218-0130-000|8473254473425|8473607715768|353242343|1585593220|00001792
1585593218-0130-000|8473254473425|8473607715768|353242343|1585593220|00001132
1585593218-0130-000|8473254473425|8473607715768|353242343|1585593220|00002558
1585593218-0130-000|8473254473425|8473607715768|353242343|1585593220|00001272
1585593218-0130-000|8473254473425|8473607715768|353242343|1585593220|00001505
1585593218-0130-000|8473254473425|8473607715768|353242343|1585593220|00001124
1585593218-0130-000|8473254473425|8473607715768|353242343|1585593220|00004220
1585593218-0130-000|8473254473425|8473607715768|353242343|1585593220|00001088
1585593218-0130-000|8473254473425|8473607715768|353242343|1585593220|00000949
1585593218-0130-000|8473254473425|8473607715768|353242343|1585593220|00001240
1585593218-0130-000|8473254473425|8473607715768|353242343|1585593220|00001391
1585593218-0130-000|8473254473425|8473607715768|353242343|1585593220|00001195
1585593218-0130-000|8473254473425|8473607715768|353242343|1585593220|00001442
1585593218-0130-000|8473254473425|8473607715768|353242343|1585593220|00001355
1585593218-0130-000|8473254473425|8473607715768|353242343|1585593220|00002553
1585593218-0130-000|8473254473425|8473607715768|353242343|1585593220|00001281
1585593218-0130-000|8473254473425|8473607715768|353242343|1585593220|00001152
1585593218-0130-000|8473254473425|8473607715768|353242343|1585593220|00001715
1585593218-0130-000|8473254473425|8473607715768|353242343|1585593220|00001457
1585593218-0130-000|8473254473425|8473607715768|353242343|1585593220|00001999
1585593218-0130-000|8473254473425|8473607715768|353242343|1585593220|00004070
1585593218-0130-000|8473254473425|8473607715768|353242343|1585593220|00001054
1585593218-0130-000|8473254473425|8473607715768|353242343|1585593220|00001058
1585593218-0130-000|8473254473425|8473607715768|353242343|1585593220|00001716
1585593218-0130-000|8473254473425|8473607715768|353242343|1585593220|00001382
1585593218-0130-000|8473254473425|8473607715768|353242343|1585593220|00001785
1585593218-0130-000|8473254473425|8473607715768|353242343|1585593220|00004988
1585593218-0130-000|8473254473425|8473607715768|353242343|1585593220|00001188
1585593218-0130-000|8473254473425|8473607715768|353242343|1585593220|00001491
1585593218-0130-000|8473254473425|8473607715768|353242343|1585593220|00003609
1585593218-0130-000|8473254473425|8473607715768|353242343|1585593220|00001014
1585593218-0130-000|8473254473425|8473607715768|353242343|1585593220|00001375
1585593218-0130-000|8473254473425|8473607715768|353242343|1585593220|00001190
1585593218-0130-000|8473254473425|8473607715768|353242343|1585593220|00001196
1585593218-0130-000|8473254473425|8473607715768|353242343|1585593220|00001221
1585593218-0130-000|8473254473425|8473607715768|353242343|1585593220|00002165
1585593218-0130-000|8473254473425|8473607715768|353242343|1585593220|00001049
1585593218-0130-000|8473254473425|8473607715768|353242343|1585593220|00001227
1585593218-0130-000|8473254473425|8473607715768|353242343|1585593220|00000897
1585593218-0130-000|8473254473425|8473607715768|353242343|1585593220|00005141
1585593218-0130-000|8473254473425|8473607715768|353242343|1585593220|00000977
1585593218-0130-000|8473254473425|8473607715768|353242343|1585593220|00001112
1585593218-0130-000|8473254473425|8473607715768|353242343|1585593220|00005059
1585593218-0130-000|8473254473425|8473607715768|353242343|1585593220|00001007
1585593218-0130-000|8473254473425|8473607715768|353242343|1585593220|00001253
1585593218-0130-000|8473254473425|8473607715768|353242343|1585593220|00001672
1585593218-0130-000|8473254473425|8473607715768|353242343|1585593220|00003857
1585593218-0130-000|8473254473425|8473607715768|353242343|1585593220|00001623
1585593218-0130-000|8473254473425|8473607715768|353242343|1585593220|00002010
1585593218-0130-000|8473254473425|8473607715768|353242343|1585593220|00005049
1585593218-0130-000|8473254473425|8473607715768|353242343|1585593220|00001705
1585593218-0130-000|8473254473425|8473607715768|353242343|1585593220|00005169
1585593218-0130-000|8473254473425|8473607715768|353242343|1585593220|00001001
1585593218-0130-000|8473254473425|8473607715768|353242343|1585593220|00001107
1585593218-0130-000|8473254473425|8473607715768|353242343|1585593220|00001469
1585593218-0130-000|8473254473425|8473607715768|353242343|1585593220|00004306
1585593218-0130-000|8473254473425|8473607715768|353242343|1585593220|00001383
1585593218-0130-000|8473254473425|8473607715768|353242343|1585593220|00001244
1585593218-0130-000|8473254473425|8473607715768|353242343|1585593220|00001060
1585593218-0130-000|8473254473425|8473607715768|353242343|1585593220|00001028
1585593218-0130-000|8473254473425|8473607715768|353242343|1585593220|00001706
1585593218-0130-000|8473254473425|8473607715768|353242343|1585593220|00001311
1585593218-0130-000|8473254473425|8473607715768|353242343|1585593220|00004746
1585593218-0130-000|8473254473425|8473607715768|353242343|1585593220|00001262
1585593218-0130-000|8473254473425|8473607715768|353242343|1585593220|00001164
1585593218-0130-000|8473254473425|8473607715768|353242343|1585593220|00004044
1585593218-0130-000|8473254473425|8473607715768|353242343|1585593220|00000909
1585593218-0130-000|8473254473425|8473607715768|353242343|1585593220|00001028
1585593218-0130-000|8473254473425|8473607715768|353242343|1585593220|00001331
1585593218-0130-000|8473254473425|8473607715768|353242343|1585593220|00001081
1585593218-0130-000|8473254473425|8473607715768|353242343|1585593220|00001086
1585593218-0130-000|8473254473425|8473607715768|353242343|1585593220|00000930
1585593218-0130-000|8473254473425|8473607715768|353242343|1585593220|00005758
1585593218-0130-000|8473254473425|8473607715768|353242343|1585593220|00000989
1585593218-0130-000|8473254473425|8473607715768|353242343|1585593220|00001097
1585593218-0130-000|8473254473425|8473607715768|353242343|1585593220|00002709
1585593218-0130-000|8473254473425|8473607715768|353242343|1585593220|00007103
1585593218-0130-000|8473254473425|8473607715768|353242343|1585593220|00001078
1585593218-0130-000|8473254473425|8473607715768|353242343|1585593220|00001633
1585593218-0130-000|8473254473425|8473607715768|353242343|1585593220|00000904
1585593218-0130-000|8473254473425|8473607715768|353242343|1585593220|00003176
