1585593218-0168-000|8477395038839|8477530777668|135738829|1585593224|05961344
1585593218-0168-000|8477395038839|8477530777668|135738829|1585593224|00001082
1585593218-0168-000|8477395038839|8477530777668|135738829|1585593224|00000985
1585593218-0168-000|8477395038839|8477530777668|135738829|1585593224|00001100
1585593218-0168-000|8477395038839|8477530777668|135738829|1585593224|00000981
1585593218-0168-000|8477395038839|8477530777668|135738829|1585593224|00000972
1585593218-0168-000|8477395038839|8477530777668|135738829|1585593224|00001194
1585593218-0168-000|8477395038839|8477530777668|135738829|1585593224|00000977
1585593218-0168-000|8477395038839|8477530777668|135738829|1585593224|00001066
1585593218-0168-000|8477395038839|8477530777668|135738829|1585593224|00001056
1585593218-0168-000|8477395038839|8477530777668|135738829|1585593224|00001109
1585593218-0168-000|8477395038839|8477530777668|135738829|1585593224|00001111
1585593218-0168-000|8477395038839|8477530777668|135738829|1585593224|00001306
1585593218-0168-000|8477395038839|8477530777668|135738829|1585593224|00000936
1585593218-0168-000|8477395038839|8477530777668|135738829|1585593224|00001283
1585593218-0168-000|8477395038839|8477530777668|135738829|1585593224|00001227
1585593218-0168-000|8477395038839|8477530777668|135738829|1585593224|00001435
1585593218-0168-000|8477395038839|8477530777668|135738829|1585593224|00001122
1585593218-0168-000|8477395038839|8477530777668|135738829|1585593224|00002447
1585593218-0168-000|8477395038839|8477530777668|135738829|1585593224|00001556
1585593218-0168-000|8477395038839|8477530777668|135738829|1585593224|00001014
1585593218-0168-000|8477395038839|8477530777668|135738829|1585593224|00001154
1585593218-0168-000|8477395038839|8477530777668|135738829|1585593224|00001164
1585593218-0168-000|8477395038839|8477530777668|135738829|1585593224|00001030
1585593218-0168-000|8477395038839|8477530777668|135738829|1585593224|00001676
1585593218-0168-000|8477395038839|8477530777668|135738829|1585593224|00001206
1585593218-0168-000|8477395038839|8477530777668|135738829|1585593224|00001007
1585593218-0168-000|8477395038839|8477530777668|135738829|1585593224|00001815
1585593218-0168-000|8477395038839|8477530777668|135738829|1585593224|00001354
1585593218-0168-000|8477395038839|8477530777668|135738829|1585593224|00001969
1585593218-0168-000|8477395038839|8477530777668|135738829|1585593224|00001209
1585593218-0168-000|8477395038839|8477530777668|135738829|1585593224|00001998
1585593218-0168-000|8477395038839|8477530777668|135738829|1585593224|00001099
1585593218-0168-000|8477395038839|8477530777668|135738829|1585593224|00003562
1585593218-0168-000|8477395038839|8477530777668|135738829|1585593224|00001295
1585593218-0168-000|8477395038839|8477530777668|135738829|1585593224|00001076
1585593218-0168-000|8477395038839|8477530777668|135738829|1585593224|00001812
1585593218-0168-000|8477395038839|8477530777668|135738829|1585593224|00003426
1585593218-0168-000|8477395038839|8477530777668|135738829|1585593224|00001973
1585593218-0168-000|8477395038839|8477530777668|135738829|1585593224|00001002
1585593218-0168-000|8477395038839|8477530777668|135738829|1585593224|00001092
1585593218-0168-000|8477395038839|8477530777668|135738829|1585593224|00004658
1585593218-0168-000|8477395038839|8477530777668|135738829|1585593224|01021330
1585593218-0168-000|8477395038839|8477530777668|135738829|1585593224|00001662
1585593218-0168-000|8477395038839|8477530777668|135738829|1585593224|00005883
1585593218-0168-000|8477395038839|8477530777668|135738829|1585593224|00000985
1585593218-0168-000|8477395038839|8477530777668|135738829|1585593224|00004573
1585593218-0168-000|8477395038839|8477530777668|135738829|1585593224|00001414
1585593218-0168-000|8477395038839|8477530777668|135738829|1585593224|00001720
1585593218-0168-000|8477395038839|8477530777668|135738829|1585593224|00005483
1585593218-0168-000|8477395038839|8477530777668|135738829|1585593224|00007092
1585593218-0168-000|8477395038839|8477530777668|135738829|1585593224|00006932
1585593218-0168-000|8477395038839|8477530777668|135738829|1585593224|00005218
1585593218-0168-000|8477395038839|8477530777668|135738829|1585593224|00000987
1585593218-0168-000|8477395038839|8477530777668|135738829|1585593224|00001208
1585593218-0168-000|8477395038839|8477530777668|135738829|1585593224|01011287
1585593218-0168-000|8477395038839|8477530777668|135738829|1585593224|00000958
1585593218-0168-000|8477395038839|8477530777668|135738829|1585593224|00002881
1585593218-0168-000|8477395038839|8477530777668|135738829|1585593224|00001085
1585593218-0168-000|8477395038839|8477530777668|135738829|1585593224|00001342
1585593218-0168-000|8477395038839|8477530777668|135738829|1585593224|00001870
1585593218-0168-000|8477395038839|8477530777668|135738829|1585593224|00004471
1585593218-0168-000|8477395038839|8477530777668|135738829|1585593224|00001772
1585593218-0168-000|8477395038839|8477530777668|135738829|1585593224|00003702
1585593218-0168-000|8477395038839|8477530777668|135738829|1585593224|00002741
1585593218-0168-000|8477395038839|8477530777668|135738829|1585593224|00007966
1585593218-0168-000|8477395038839|8477530777668|135738829|1585593224|00010467
1585593218-0168-000|8477395038839|8477530777668|135738829|1585593224|00006403
1585593218-0168-000|8477395038839|8477530777668|135738829|1585593224|00003138
1585593218-0168-000|8477395038839|8477530777668|135738829|1585593224|00003533
1585593218-0168-000|8477395038839|8477530777668|135738829|1585593224|00013339
1585593218-0168-000|8477395038839|8477530777668|135738829|1585593224|00003362
1585593218-0168-000|8477395038839|8477530777668|135738829|1585593224|00003807
1585593218-0168-000|8477395038839|8477530777668|135738829|1585593224|00007923
1585593218-0168-000|8477395038839|8477530777668|135738829|1585593224|00002937
1585593218-0168-000|8477395038839|8477530777668|135738829|1585593224|00004593
1585593218-0168-000|8477395038839|8477530777668|135738829|1585593224|03045780
1585593218-0168-000|8477395038839|8477530777668|135738829|1585593224|00001249
1585593218-0168-000|8477395038839|8477530777668|135738829|1585593224|00001047
1585593218-0168-000|8477395038839|8477530777668|135738829|1585593224|00001122
1585593218-0168-000|8477395038839|8477530777668|135738829|1585593224|00001097
1585593218-0168-000|8477395038839|8477530777668|135738829|1585593224|00000947
1585593218-0168-000|8477395038839|8477530777668|135738829|1585593224|00001127
1585593218-0168-000|8477395038839|8477530777668|135738829|1585593224|00000860
1585593218-0168-000|8477395038839|8477530777668|135738829|1585593224|00001162
1585593218-0168-000|8477395038839|8477530777668|135738829|1585593224|00000923
1585593218-0168-000|8477395038839|8477530777668|135738829|1585593224|00000971
1585593218-0168-000|8477395038839|8477530777668|135738829|1585593224|00000857
1585593218-0168-000|8477395038839|8477530777668|135738829|1585593224|00001163
1585593218-0168-000|8477395038839|8477530777668|135738829|1585593224|00000964
1585593218-0168-000|8477395038839|8477530777668|135738829|1585593224|00001032
1585593218-0168-000|8477395038839|8477530777668|135738829|1585593224|00000926
1585593218-0168-000|8477395038839|8477530777668|135738829|1585593224|00000928
1585593218-0168-000|8477395038839|8477530777668|135738829|1585593224|00001136
1585593218-0168-000|8477395038839|8477530777668|135738829|1585593224|00001060
1585593218-0168-000|8477395038839|8477530777668|135738829|1585593224|00000973
1585593218-0168-000|8477395038839|8477530777668|135738829|1585593224|00001146
1585593218-0168-000|8477395038839|8477530777668|135738829|1585593224|00000974
1585593218-0168-000|8477395038839|8477530777668|135738829|1585593224|00000962
1585593218-0168-000|8477395038839|8477530777668|135738829|1585593224|00000911
