1585593218-0013-000|8476154248061|8476342218366|187970305|1585593223|04811647
1585593218-0013-000|8476154248061|8476342218366|187970305|1585593223|01018214
1585593218-0013-000|8476154248061|8476342218366|187970305|1585593223|00001341
1585593218-0013-000|8476154248061|8476342218366|187970305|1585593223|00001055
1585593218-0013-000|8476154248061|8476342218366|187970305|1585593223|00003839
1585593218-0013-000|8476154248061|8476342218366|187970305|1585593223|00002765
1585593218-0013-000|8476154248061|8476342218366|187970305|1585593223|00001122
1585593218-0013-000|8476154248061|8476342218366|187970305|1585593223|00003865
1585593218-0013-000|8476154248061|8476342218366|187970305|1585593223|00002630
1585593218-0013-000|8476154248061|8476342218366|187970305|1585593223|00001205
1585593218-0013-000|8476154248061|8476342218366|187970305|1585593223|00003133
1585593218-0013-000|8476154248061|8476342218366|187970305|1585593223|00004061
1585593218-0013-000|8476154248061|8476342218366|187970305|1585593223|00001331
1585593218-0013-000|8476154248061|8476342218366|187970305|1585593223|01033629
1585593218-0013-000|8476154248061|8476342218366|187970305|1585593223|00012855
1585593218-0013-000|8476154248061|8476342218366|187970305|1585593223|00006479
1585593218-0013-000|8476154248061|8476342218366|187970305|1585593223|00011542
1585593218-0013-000|8476154248061|8476342218366|187970305|1585593223|00007775
1585593218-0013-000|8476154248061|8476342218366|187970305|1585593223|00008416
1585593218-0013-000|8476154248061|8476342218366|187970305|1585593223|01005837
1585593218-0013-000|8476154248061|8476342218366|187970305|1585593223|00001208
1585593218-0013-000|8476154248061|8476342218366|187970305|1585593223|00002795
1585593218-0013-000|8476154248061|8476342218366|187970305|1585593223|00003255
1585593218-0013-000|8476154248061|8476342218366|187970305|1585593223|00004408
1585593218-0013-000|8476154248061|8476342218366|187970305|1585593223|00003758
1585593218-0013-000|8476154248061|8476342218366|187970305|1585593223|00003473
1585593218-0013-000|8476154248061|8476342218366|187970305|1585593223|01001896
1585593218-0013-000|8476154248061|8476342218366|187970305|1585593223|00001143
1585593218-0013-000|8476154248061|8476342218366|187970305|1585593223|00001136
1585593218-0013-000|8476154248061|8476342218366|187970305|1585593223|00001476
1585593218-0013-000|8476154248061|8476342218366|187970305|1585593223|00001044
1585593218-0013-000|8476154248061|8476342218366|187970305|1585593223|00001134
1585593218-0013-000|8476154248061|8476342218366|187970305|1585593223|00001214
1585593218-0013-000|8476154248061|8476342218366|187970305|1585593223|00003500
1585593218-0013-000|8476154248061|8476342218366|187970305|1585593223|00001421
1585593218-0013-000|8476154248061|8476342218366|187970305|1585593223|00001336
1585593218-0013-000|8476154248061|8476342218366|187970305|1585593223|00001855
1585593218-0013-000|8476154248061|8476342218366|187970305|1585593223|00001353
1585593218-0013-000|8476154248061|8476342218366|187970305|1585593223|00001261
1585593218-0013-000|8476154248061|8476342218366|187970305|1585593223|00002236
1585593218-0013-000|8476154248061|8476342218366|187970305|1585593223|00001161
1585593218-0013-000|8476154248061|8476342218366|187970305|1585593223|00001101
1585593218-0013-000|8476154248061|8476342218366|187970305|1585593223|00000974
1585593218-0013-000|8476154248061|8476342218366|187970305|1585593223|00001103
1585593218-0013-000|8476154248061|8476342218366|187970305|1585593223|00000956
1585593218-0013-000|8476154248061|8476342218366|187970305|1585593223|01031115
1585593218-0013-000|8476154248061|8476342218366|187970305|1585593223|03036998
1585593218-0013-000|8476154248061|8476342218366|187970305|1585593223|00001385
1585593218-0013-000|8476154248061|8476342218366|187970305|1585593223|00001022
1585593218-0013-000|8476154248061|8476342218366|187970305|1585593223|00001410
1585593218-0013-000|8476154248061|8476342218366|187970305|1585593223|00001199
1585593218-0013-000|8476154248061|8476342218366|187970305|1585593223|00001139
1585593218-0013-000|8476154248061|8476342218366|187970305|1585593223|00001030
1585593218-0013-000|8476154248061|8476342218366|187970305|1585593223|00001500
1585593218-0013-000|8476154248061|8476342218366|187970305|1585593223|00001487
1585593218-0013-000|8476154248061|8476342218366|187970305|1585593223|00001174
1585593218-0013-000|8476154248061|8476342218366|187970305|1585593223|00001143
1585593218-0013-000|8476154248061|8476342218366|187970305|1585593223|00001346
1585593218-0013-000|8476154248061|8476342218366|187970305|1585593223|00001958
1585593218-0013-000|8476154248061|8476342218366|187970305|1585593223|00001064
1585593218-0013-000|8476154248061|8476342218366|187970305|1585593223|00001023
1585593218-0013-000|8476154248061|8476342218366|187970305|1585593223|00001096
1585593218-0013-000|8476154248061|8476342218366|187970305|1585593223|00000842
1585593218-0013-000|8476154248061|8476342218366|187970305|1585593223|00001019
1585593218-0013-000|8476154248061|8476342218366|187970305|1585593223|00001172
1585593218-0013-000|8476154248061|8476342218366|187970305|1585593223|00000858
1585593218-0013-000|8476154248061|8476342218366|187970305|1585593223|00001016
1585593218-0013-000|8476154248061|8476342218366|187970305|1585593223|00001049
1585593218-0013-000|8476154248061|8476342218366|187970305|1585593223|00001241
1585593218-0013-000|8476154248061|8476342218366|187970305|1585593223|00001091
1585593218-0013-000|8476154248061|8476342218366|187970305|1585593223|01026060
1585593218-0013-000|8476154248061|8476342218366|187970305|1585593223|00001262
1585593218-0013-000|8476154248061|8476342218366|187970305|1585593223|00001168
1585593218-0013-000|8476154248061|8476342218366|187970305|1585593223|00000860
1585593218-0013-000|8476154248061|8476342218366|187970305|1585593223|00001198
1585593218-0013-000|8476154248061|8476342218366|187970305|1585593223|00000944
1585593218-0013-000|8476154248061|8476342218366|187970305|1585593223|00000987
1585593218-0013-000|8476154248061|8476342218366|187970305|1585593223|00001103
1585593218-0013-000|8476154248061|8476342218366|187970305|1585593223|00000915
1585593218-0013-000|8476154248061|8476342218366|187970305|1585593223|00001135
1585593218-0013-000|8476154248061|8476342218366|187970305|1585593223|00001028
1585593218-0013-000|8476154248061|8476342218366|187970305|1585593223|00001022
1585593218-0013-000|8476154248061|8476342218366|187970305|1585593223|00001122
1585593218-0013-000|8476154248061|8476342218366|187970305|1585593223|00001143
1585593218-0013-000|8476154248061|8476342218366|187970305|1585593223|00001158
1585593218-0013-000|8476154248061|8476342218366|187970305|1585593223|00001022
1585593218-0013-000|8476154248061|8476342218366|187970305|1585593223|00001192
1585593218-0013-000|8476154248061|8476342218366|187970305|1585593223|00000912
1585593218-0013-000|8476154248061|8476342218366|187970305|1585593223|00000921
1585593218-0013-000|8476154248061|8476342218366|187970305|1585593223|00001082
1585593218-0013-000|8476154248061|8476342218366|187970305|1585593223|00001038
1585593218-0013-000|8476154248061|8476342218366|187970305|1585593223|00001193
1585593218-0013-000|8476154248061|8476342218366|187970305|1585593223|00000988
1585593218-0013-000|8476154248061|8476342218366|187970305|1585593223|00001148
1585593218-0013-000|8476154248061|8476342218366|187970305|1585593223|00000942
1585593218-0013-000|8476154248061|8476342218366|187970305|1585593223|00001899
1585593218-0013-000|8476154248061|8476342218366|187970305|1585593223|00001793
1585593218-0013-000|8476154248061|8476342218366|187970305|1585593223|00001360
1585593218-0013-000|8476154248061|8476342218366|187970305|1585593223|00000947
1585593218-0013-000|8476154248061|8476342218366|187970305|1585593223|00000870
