1585593218-0025-000|8475398499228|8475542870971|144371743|1585593222|04030387
1585593218-0025-000|8475398499228|8475542870971|144371743|1585593222|00001326
1585593218-0025-000|8475398499228|8475542870971|144371743|1585593222|00001365
1585593218-0025-000|8475398499228|8475542870971|144371743|1585593222|00001309
1585593218-0025-000|8475398499228|8475542870971|144371743|1585593222|00001984
1585593218-0025-000|8475398499228|8475542870971|144371743|1585593222|00001129
1585593218-0025-000|8475398499228|8475542870971|144371743|1585593222|00001539
1585593218-0025-000|8475398499228|8475542870971|144371743|1585593222|00001189
1585593218-0025-000|8475398499228|8475542870971|144371743|1585593222|00000954
1585593218-0025-000|8475398499228|8475542870971|144371743|1585593222|00001510
1585593218-0025-000|8475398499228|8475542870971|144371743|1585593222|00000917
1585593218-0025-000|8475398499228|8475542870971|144371743|1585593222|00004472
1585593218-0025-000|8475398499228|8475542870971|144371743|1585593222|00001216
1585593218-0025-000|8475398499228|8475542870971|144371743|1585593222|00001352
1585593218-0025-000|8475398499228|8475542870971|144371743|1585593222|00001513
1585593218-0025-000|8475398499228|8475542870971|144371743|1585593222|00001541
1585593218-0025-000|8475398499228|8475542870971|144371743|1585593222|00001171
1585593218-0025-000|8475398499228|8475542870971|144371743|1585593222|00004874
1585593218-0025-000|8475398499228|8475542870971|144371743|1585593222|00001093
1585593218-0025-000|8475398499228|8475542870971|144371743|1585593222|00001197
1585593218-0025-000|8475398499228|8475542870971|144371743|1585593222|00001138
1585593218-0025-000|8475398499228|8475542870971|144371743|1585593222|00001042
1585593218-0025-000|8475398499228|8475542870971|144371743|1585593222|00001199
1585593218-0025-000|8475398499228|8475542870971|144371743|1585593222|01016983
1585593218-0025-000|8475398499228|8475542870971|144371743|1585593222|00001413
1585593218-0025-000|8475398499228|8475542870971|144371743|1585593222|00001871
1585593218-0025-000|8475398499228|8475542870971|144371743|1585593222|00005177
1585593218-0025-000|8475398499228|8475542870971|144371743|1585593222|00001905
1585593218-0025-000|8475398499228|8475542870971|144371743|1585593222|00001169
1585593218-0025-000|8475398499228|8475542870971|144371743|1585593222|00001145
1585593218-0025-000|8475398499228|8475542870971|144371743|1585593222|00002208
1585593218-0025-000|8475398499228|8475542870971|144371743|1585593222|00000997
1585593218-0025-000|8475398499228|8475542870971|144371743|1585593222|00001104
1585593218-0025-000|8475398499228|8475542870971|144371743|1585593222|00001504
1585593218-0025-000|8475398499228|8475542870971|144371743|1585593222|00001223
1585593218-0025-000|8475398499228|8475542870971|144371743|1585593222|00001052
1585593218-0025-000|8475398499228|8475542870971|144371743|1585593222|00003040
1585593218-0025-000|8475398499228|8475542870971|144371743|1585593222|00000875
1585593218-0025-000|8475398499228|8475542870971|144371743|1585593222|00003000
1585593218-0025-000|8475398499228|8475542870971|144371743|1585593222|00001824
1585593218-0025-000|8475398499228|8475542870971|144371743|1585593222|00001195
1585593218-0025-000|8475398499228|8475542870971|144371743|1585593222|00004391
1585593218-0025-000|8475398499228|8475542870971|144371743|1585593222|00001199
1585593218-0025-000|8475398499228|8475542870971|144371743|1585593222|00008584
1585593218-0025-000|8475398499228|8475542870971|144371743|1585593222|00001950
1585593218-0025-000|8475398499228|8475542870971|144371743|1585593222|00001084
1585593218-0025-000|8475398499228|8475542870971|144371743|1585593222|00003652
1585593218-0025-000|8475398499228|8475542870971|144371743|1585593222|00003034
1585593218-0025-000|8475398499228|8475542870971|144371743|1585593222|00001038
1585593218-0025-000|8475398499228|8475542870971|144371743|1585593222|00000857
1585593218-0025-000|8475398499228|8475542870971|144371743|1585593222|00000844
1585593218-0025-000|8475398499228|8475542870971|144371743|1585593222|00001052
1585593218-0025-000|8475398499228|8475542870971|144371743|1585593222|00001050
1585593218-0025-000|8475398499228|8475542870971|144371743|1585593222|01026048
1585593218-0025-000|8475398499228|8475542870971|144371743|1585593222|00004329
1585593218-0025-000|8475398499228|8475542870971|144371743|1585593222|00001185
1585593218-0025-000|8475398499228|8475542870971|144371743|1585593222|00002972
1585593218-0025-000|8475398499228|8475542870971|144371743|1585593222|00001539
1585593218-0025-000|8475398499228|8475542870971|144371743|1585593222|00002466
1585593218-0025-000|8475398499228|8475542870971|144371743|1585593222|00002809
1585593218-0025-000|8475398499228|8475542870971|144371743|1585593222|00000870
1585593218-0025-000|8475398499228|8475542870971|144371743|1585593222|00004130
1585593218-0025-000|8475398499228|8475542870971|144371743|1585593222|00001128
1585593218-0025-000|8475398499228|8475542870971|144371743|1585593222|00000898
1585593218-0025-000|8475398499228|8475542870971|144371743|1585593222|01032859
1585593218-0025-000|8475398499228|8475542870971|144371743|1585593222|00001111
1585593218-0025-000|8475398499228|8475542870971|144371743|1585593222|03038701
1585593218-0025-000|8475398499228|8475542870971|144371743|1585593222|00001210
1585593218-0025-000|8475398499228|8475542870971|144371743|1585593222|00001103
1585593218-0025-000|8475398499228|8475542870971|144371743|1585593222|00001068
1585593218-0025-000|8475398499228|8475542870971|144371743|1585593222|00000933
1585593218-0025-000|8475398499228|8475542870971|144371743|1585593222|00001017
1585593218-0025-000|8475398499228|8475542870971|144371743|1585593222|00000957
1585593218-0025-000|8475398499228|8475542870971|144371743|1585593222|00000868
1585593218-0025-000|8475398499228|8475542870971|144371743|1585593222|00000989
1585593218-0025-000|8475398499228|8475542870971|144371743|1585593222|00001095
1585593218-0025-000|8475398499228|8475542870971|144371743|1585593222|00001405
1585593218-0025-000|8475398499228|8475542870971|144371743|1585593222|00001314
1585593218-0025-000|8475398499228|8475542870971|144371743|1585593222|00001623
1585593218-0025-000|8475398499228|8475542870971|144371743|1585593222|00001166
1585593218-0025-000|8475398499228|8475542870971|144371743|1585593222|00001793
1585593218-0025-000|8475398499228|8475542870971|144371743|1585593222|00002846
1585593218-0025-000|8475398499228|8475542870971|144371743|1585593222|00001492
1585593218-0025-000|8475398499228|8475542870971|144371743|1585593222|00001699
1585593218-0025-000|8475398499228|8475542870971|144371743|1585593222|00001973
1585593218-0025-000|8475398499228|8475542870971|144371743|1585593222|00001226
1585593218-0025-000|8475398499228|8475542870971|144371743|1585593222|00000919
1585593218-0025-000|8475398499228|8475542870971|144371743|1585593222|00000978
1585593218-0025-000|8475398499228|8475542870971|144371743|1585593222|00001257
1585593218-0025-000|8475398499228|8475542870971|144371743|1585593222|00001363
1585593218-0025-000|8475398499228|8475542870971|144371743|1585593222|00001468
1585593218-0025-000|8475398499228|8475542870971|144371743|1585593222|00001629
1585593218-0025-000|8475398499228|8475542870971|144371743|1585593222|00001692
1585593218-0025-000|8475398499228|8475542870971|144371743|1585593222|00001566
1585593218-0025-000|8475398499228|8475542870971|144371743|1585593222|00001914
1585593218-0025-000|8475398499228|8475542870971|144371743|1585593222|01015812
1585593218-0025-000|8475398499228|8475542870971|144371743|1585593222|00001947
1585593218-0025-000|8475398499228|8475542870971|144371743|1585593222|00001357
1585593218-0025-000|8475398499228|8475542870971|144371743|1585593222|00006170
1585593218-0025-000|8475398499228|8475542870971|144371743|1585593222|00001576
